00012f3f8db94b50bdd15611c1bb699b.jpg,0128
00033babe1de48c2b6ff442ef054f627.jpg,0266
0006d6ae92ff449da4c45d96d03a44a0.jpg,0146
0007e7ea2faa4cd2a22f83fc1b3066f3.jpg,0372
000c62b0866a42a29c573ac8829f75c4.jpg,0292
000ef4fa233047a0bfd36af95be4f4df.jpg,0207
000f410870bc4f26b5e6f03a4c98ce52.jpg,0020
001925f897154907a359f75ad033297c.jpg,0469
001d967a8f6e4bf59f4f1ee4ac3fc32a.jpg,0350
001e11e4febc474bb5c92a2e45494413.jpg,0249
001fe47b75434dd28c55e8edbde9beb2.jpg,0081
00206e4a032b40ecbbf1f712a4fe2e59.jpg,0219
002091183a4e4a85a75129c33f91352f.jpg,0435
0021130213264fe69500b15e017c14ee.jpg,0057
00272eb40527441db09f5c1db30d8f38.jpg,0050
0027c2f123aa44238a55f6d9774af488.jpg,0313
0027f3b4979945be80848104de0fe640.jpg,0482
00290d50f36441a99db69b6734bbd658.jpg,0124
002ff75bc84f4f0a8f38044303214295.jpg,0417
0032c3e792574da79bce0c0c38cd283d.jpg,0487
003476f070854fff9de673f1d47b0d0d.jpg,0419
0038e179e55b434388bc9c41c724e6b0.jpg,0289
00399d7f264f427fbdadf471b71a989b.jpg,0390
003a2a07584e4eaaa3934002b5684681.jpg,0361
003a2ed8990447b9bbecac79b508719f.jpg,0386
003c94e7b4c84565899b6dbe34e356d9.jpg,0295
003ece57d8494e35a6acdbe75756bf04.jpg,0052
003ee90e8b7349f3ae152d0a925eab43.jpg,0297
00429e3ba7cb41a287e238973abd8475.jpg,0444
0042f4767e4245e297c33f28cc8fa520.jpg,0167
00441eaad81041e8a857a2f80de1e787.jpg,0151
0048f3addeee459ca7d89585659b28f9.jpg,0290
004ba12143cd4ce79d7fe48f07d33800.jpg,0146
004cdd61c5fe43a299f30f4e5016c39d.jpg,0481
004fb14bcbc3470e96b366e0c2d49d71.jpg,0199
005317be9af24573aff4bf37afbe7867.jpg,0155
00536f854a0b43e3b4538b21ebe44866.jpg,0230
00554279d4664e99bad8cc7c4a4c77ac.jpg,0367
0059383dba9a44ec88cb837e958fde47.jpg,0166
00597f7465614d53bba6ec9f89d85b12.jpg,0093
005eac08f0844ad9ab3f70f6628db147.jpg,0301
0068e0e31454416796ae49a0e27cbbfc.jpg,0161
006b2c2e06334babbed678b53e711e3e.jpg,0068
006c3dd5e00d4dddbaff53dc247dc3b7.jpg,0006
006ec236dcbd4c7d941df80474961325.jpg,0143
0070f7215769411fbb0a1d5a910f822d.jpg,0474
0074723c4f894e888acc852003789a23.jpg,0491
007672de33c1443fb212365833efb153.jpg,0037
008147986e9a481badcc45f35ff6879d.jpg,0498
0084ad82143c4d1d99acead28c4fdef4.jpg,0219
00884743292f4903969512395e0b6013.jpg,0084
008b553565a0408ca6f2c5e0bda3450d.jpg,0303
009114587d4b44e6b97181fd185bb259.jpg,0089
0096e63e06914d68a422d3dd0b4f67c7.jpg,0446
009d9797d2c547148d7c6c875dc78500.jpg,0224
00a72a164afb446ea2d1aa863e9107da.jpg,0397
00a83a5b8bf34d3d95fd0b49e5de7590.jpg,0169
00a8f3804c494966aa50966d419ddd7f.jpg,0154
00a915bada3b41b7aeeea6cfb27e2aea.jpg,0098
00a9c4bd9c784d65894b98565f179635.jpg,0029
00ad8a671e234c8fb1185e810ede5d5d.jpg,0411
00adf41b32734fb3af3df50c7bfc21ae.jpg,0338
00b389b9ea93436093441585010b7e22.jpg,0387
00b3e194e6ae49118d67cf710ff85802.jpg,0270
00b5c0f87c684d599007cd5fb4468278.jpg,0390
00b60ab3d72c4f4f81988e11e5d38d26.jpg,0091
00b950299075406c809818b1b77f8231.jpg,0045
00ba9c546d414a3982be9acadca5b669.jpg,0240
00bc00de245c4372aa1d65d299b61cb7.jpg,0494
00c0b421d0504f9092d42ac7473ee617.jpg,0122
00c510bad9944f31bc83f01b275bac85.jpg,0153
00c77074749a4cb8a91dd70cdea24797.jpg,0479
00c7d6af041a43329cdf78df9f6e7700.jpg,0146
00c8dde954ef4c2680a851a1317ffc97.jpg,0108
00cb8876dff645ed92ea7ab259c5752e.jpg,0186
00cbdd07ed444f0ab384f19d702dc149.jpg,0281
00cd32950253474b801e466f4d6731b8.jpg,0251
00ce2dc7cb0245b8ac4499f19e28d2ce.jpg,0087
00ced16f3f9349f8a668527dd98e96c6.jpg,0152
00d130fcafcf4ebc952763a1488686ef.jpg,0186
00d20c509b3349d6becde533b8c0baee.jpg,0420
00d2f9979ccd41fc9ed64b97f3626e62.jpg,0141
00d4db2e1a9a4995b18b7f83cf934ce6.jpg,0466
00d9226c39f94b738d00b7dd4ba49d2b.jpg,0329
00dc00b0e3fe4104a1a0cb9c1f5d2aba.jpg,0160
00dc0226eae043a7aa43316bd0edc3dc.jpg,0355
00dcc2ad71254dd7b49e03bf1fd3338f.jpg,0152
00ded333030846f6937ff0b0ff74600c.jpg,0215
00e1526dad3d48beb2278476e2aadb8f.jpg,0278
00e5455aa1954943964fdf372c65aa7e.jpg,0175
00e6fa2cbe5046b9acff8620765be8bb.jpg,0082
00f0b2986f014e18928e26085e0271fc.jpg,0497
00f6c7d061944dff906855a6d7e5746a.jpg,0353
00f93bb26e14482fb8b7d7d0964c2cec.jpg,0059
00fd2b416a09432192c27141a5b1dda3.jpg,0152
00fd5a5422c846e6b22cf2eaa64b2add.jpg,0188
0100f66daf7f427eb2b77dde152559bc.jpg,0180
01041c27dd7c4c29a4f59ad2104718b1.jpg,0412
01046d66e4fc4096a30db3c8958b5fda.jpg,0323
010483112f6241bdb1b4865acd93089c.jpg,0101
010dd42edf8440b3ba6cda2ee8d7031d.jpg,0436
011932daf7ce4c06aff01759bc7a45b4.jpg,0425
011b946ea0b841b7b9c16e6630752fd9.jpg,0234
011c81e528e74cee9d2f7a103791c0e6.jpg,0070
011e114e349d412baed13167e84bd314.jpg,0168
011fbf40e47e4648826a99faa34738f1.jpg,0030
0121f5638e9c4fd2ae48b1257cae7972.jpg,0014
0123b6e73ebf4e5c9dcdff31e440d7c9.jpg,0022
0123d2d4d97741e1a85609f5c78003f9.jpg,0159
0125d77bc6974557ae43b278fa5e7afd.jpg,0232
01268dc243314365ab0a90170c8b910f.jpg,0149
0126a7b713a74ef1839bb54700501e24.jpg,0471
0128b5f27e574e63958a44f98039610b.jpg,0454
012a65fcd30c41c78e789594b9f17738.jpg,0167
012d7f41d8ec49f185467c5df2af4586.jpg,0078
0134054d663f4628bba9d0896b2cc8d5.jpg,0355
013a61adcea44646afa45ea875bb431c.jpg,0038
013bb4a9787f4e0bad855abe9022e457.jpg,0084
013e4b1b126e4dd290fda4dfcc6c166f.jpg,0265
013e575fe2174111b77db7809ae0a95e.jpg,0327
0143039ffdd14f5d818dba3d62eb2d8c.jpg,0093
01448dd4efa14a58a7874d4ca3a72e94.jpg,0486
014809ae554149468ed770aa634db17f.jpg,0079
014879cd1a374b958663dc05feadfcec.jpg,0286
014d2f5a6fed4144a6742f28acbba568.jpg,0315
014ec7c23ddd4930a0c8637499dd0141.jpg,0089
0154e15576b64d99a5871527403d56b8.jpg,0311
0156ddf9bf4c4af483ed359f89ebdbeb.jpg,0226
01571e12e9d14b0f955663dfdc372f2f.jpg,0464
015f18de5bf546c592dbee08fb1943d5.jpg,0009
01639339ebf84175bafaf4d5339a262b.jpg,0293
0167a6bdb00d4047ab27ef81d41cd156.jpg,0024
0167be1e0a8e44e8ac98e696f22d1e76.jpg,0089
0168f30af56b4f309af02cf93bfec6a9.jpg,0485
016bb01d3abf4e62ab7cd13aa72fdc78.jpg,0341
016e3511d28e40f6a02fed47b0ce412c.jpg,0061
017041fab54e4de08f03834c9b78b4a2.jpg,0112
01705d73eb0b43199f5164cee465e876.jpg,0217
0171852b274649a3a910060629055232.jpg,0389
0180eca2668d45a7944f15c373fac999.jpg,0295
018147a79ca8400696556c4c13ac6712.jpg,0232
0184a3a0f98a41dcad406eedf3a29178.jpg,0425
0188516dc0a6420990dea43835cb062c.jpg,0074
0189490a6d3444e79a2eeae4ecea587b.jpg,0322
0189e24c6a76422ca1e3ae2f01647dc0.jpg,0252
018db5e3e99b457f9e4846569c8a75fa.jpg,0092
018f6c2ecd1345c09055d58bd9275baa.jpg,0045
0193bb20ba0b40b68c6f18b0073e2817.jpg,0052
01941974a7e74dbaa826659ef456a03b.jpg,0481
01953be4ac3742df8644022974e404ca.jpg,0106
019ed2c8f2fa4329b0f5a221d297e5e9.jpg,0277
019efd8a110642cfb822dc6517b1f05f.jpg,0138
01a31c31d263428e9391da3a8824862c.jpg,0010
01a63b34d77f4a4ba2bbc8cec0f92f22.jpg,0063
01a67b1d685248ad95d5debe960b6f95.jpg,0248
01a6ff45209b4b2399619dbbb8dd6fac.jpg,0103
01a8a23175514fbb8c90c654c59c7ae7.jpg,0282
01a9a920f4ba425f8603dbc626748772.jpg,0340
01ab2af71286433db5340a27bd65f4ba.jpg,0184
01add66ab0e848e5b966f0de1378ad5f.jpg,0256
01af901bc5ba4322880731cc181c2169.jpg,0218
01b32950c62d43aa9e8a4872a5eea878.jpg,0293
01b518bb2d5c4c08802a472caf71a63f.jpg,0236
01b8caeb35f4461db73df413a1b83fb6.jpg,0488
01be11809efe43faa684ed1cd927d318.jpg,0099
01bf5ffcc280411a8d70e984e8be3f22.jpg,0472
01c88923149c474faa729b2d42cc9d37.jpg,0458
01cf1a5ba3d0498ab61c4eb91c785ec6.jpg,0085
01d01baa9e6547d7810466d8a113ae6f.jpg,0193
01d0694b6e9b456db52249ef2d90607c.jpg,0473
01d25a21116a4f9da0ebbeb06c997bd8.jpg,0009
01d2e050b17b49d0bcac2077d5a1df93.jpg,0020
01d98dedbf9848f0a6b05f85a4beea21.jpg,0461
01dd8d9c80a140c585383c942076d1c0.jpg,0180
01ded876d5794e2a945914b34305403d.jpg,0131
01e00690b00946d9a95d81e94c3ca58c.jpg,0441
01e10a7b007f4d5ab02775b5f35aaacf.jpg,0178
01e350410457412fa5c4916658128c8d.jpg,0045
01ef00ce8e7a4891ad30ee571504c9d8.jpg,0356
01f56cdb0aff446ea388088086133e70.jpg,0020
01f8afe2c8a546848d1fa462f125baae.jpg,0128
01f95a7c626f434d8bf25de2ddda891b.jpg,0269
01fc72777a254ed380d38bd9c0d3a471.jpg,0138
02009d4fc2284274bd79d8542a589e1f.jpg,0357
0201c6b5a60a412f98b5c4fbe82bf7ea.jpg,0351
020392df8cb44496bbb7e852e98146e5.jpg,0367
020466c2b64c492fae9c573416269edc.jpg,0346
02060cc059e3481f9573b67584c2c483.jpg,0316
0206ccc70cb64959a84d2319a05e000e.jpg,0313
02078ac9e715454fbffb1f4feb360f88.jpg,0177
020ddf13085246d68a9979d837cd9a4a.jpg,0281
020f9a61677c41c185463f6164048fd9.jpg,0023
02131acf5103467e8f9504d5e2bd0eeb.jpg,0148
0213b354a9544277926b0836d105c5d2.jpg,0152
021409d3baa74fc899597bb837e43b79.jpg,0072
021a24957b4b45c58f5ee78b3402f865.jpg,0209
021a55a2af0745b29320141898ef3d36.jpg,0450
021af1e3ce23488c9449a0293bb8c7f7.jpg,0246
021c5a9e2b93424b8681edf477512238.jpg,0095
021db9c4bb674538a309634e845a9bda.jpg,0248
02218f6dfec546c3be4297412797890b.jpg,0263
0222b2566f2f41858f17879dabeb1147.jpg,0251
0223ebecf6ab466588a058ce6e0a5f65.jpg,0441
02262d39a69b49b9ad674398c70b2b67.jpg,0137
02292e1dd4c544c4939d40031e8cee23.jpg,0005
022b280261d1415fbeb0deb2a29fc263.jpg,0166
022eb7ebd02e4376a675d873a0af4956.jpg,0442
023466eb88574f528567cd6d58fb32f1.jpg,0145
0238997fa8ba4db5b2b6321e89dea486.jpg,0099
0238bec54dcf4604b94031e1cffda12c.jpg,0442
023d71873c9748c0a17cc3327e6242bc.jpg,0388
0242a0c3a1e3457a83c74745e79e1c1e.jpg,0495
0247669f37e14658b96a46293d3d2c00.jpg,0346
02487b25063f4247b3955d33e18f5cad.jpg,0421
0249bb4837544791b7c3207ad2f5a395.jpg,0276
024c1f2610e74e35a4424f67e33b0ef0.jpg,0329
024c57caa40d40f28045ee3a692be74c.jpg,0222
024c685882f347e0aaa1b58345cd655e.jpg,0121
0257f3cad5d84cb3b13d7130eb43dbc9.jpg,0283
025bd898e4044d6e8e37bb60ccfe3fc3.jpg,0393
025d2a6ea5f94e328cf024b8efbcaadc.jpg,0446
0266fc38feee4be19fd6413fb1f494ce.jpg,0235
02674af75a814ee19f76d7a0771ae0dc.jpg,0307
02685822ab9d4ad0928dda6f403e63e9.jpg,0376
026a9a54de3d4725be5232fce9ac7935.jpg,0121
026d968eb61542059fc7ae516ed2ff15.jpg,0028
026edd5568f14754b27c89712050ae5c.jpg,0371
027048121dbd49109c7b3493a23ed0e6.jpg,0205
0272cdc6e66743af98b2025643856266.jpg,0353
0273ec5e0ab046e09cbd77379e841b67.jpg,0152
02743309c624468cb01acfbeb328f003.jpg,0358
0276eacae1a842b28dd5e6927c00f537.jpg,0298
02786666eea2452c8c9a45ac41655421.jpg,0457
027b6b39ef3043d3ba0e1b3b9a0f6418.jpg,0469
027d3802045a41af9f62a22caa20a801.jpg,0448
027d945466c64adab8f662c52bf94ee0.jpg,0167
02807048ed794d4282aba16b3fc31260.jpg,0094
0282051351a84a86bc92fa99acec0921.jpg,0052
02841ac19e3c429b8e26ec8c8dc9ed8e.jpg,0211
0284f726965943d7bce05ddcd8155516.jpg,0433
028bada010654f53a06c0191efa52bc4.jpg,0401
028f05951132429f9743970587bd2b67.jpg,0067
028fdc4c22b946b3ba40de1108c7062b.jpg,0401
0291492ea9ae43b88f583131763ffa2d.jpg,0064
029283e6099d48e48ccc077d9d1cd6c9.jpg,0213
0293f4566ebe45a99d1d76516be15c0d.jpg,0343
0293fc1b78ab474fbaab7a52bde5cfec.jpg,0031
02946c1555de42b9bec5763c8c948a82.jpg,0357
0295bfd14e814000b6c96b00fe3acb1a.jpg,0255
029644f16f74462bb1fd384fc3f712f1.jpg,0017
029a31bbd0a741618c5a39009495818e.jpg,0173
029a33641abc4b54b90a430c957f25ed.jpg,0468
029c235048914913b6ccd9644e9d2c13.jpg,0277
02a3e0cdff73467aaf3dccb54c8cd913.jpg,0032
02a68472cad4422e82a3667f5ebc8c70.jpg,0121
02a6b8a2e0ac4cd3b09426ffe9ad2b56.jpg,0041
02a7dcaa4bc84a369e623bcbecb82ca1.jpg,0442
02ac85640ca54a0ba365086941e0b869.jpg,0267
02acaceabece49bfa3fee9149bccd151.jpg,0122
02ad5e36b59e4e6381764797a25e5234.jpg,0412
02aef6adf57e4fd697d657d0401aab27.jpg,0280
02afb03c74aa4c3899bf5bcf2201ffbd.jpg,0342
02b1f5a495434a6084c6ac02cf2c1315.jpg,0299
02b3dee58045439cb87e71f4ec9456b2.jpg,0007
02b67d2b08e64c30952ef223bac988a2.jpg,0082
02b6ae0881d747ef9e59b44f98acf99e.jpg,0246
02bc4217a262407d99b52ac8e0d731d3.jpg,0230
02c099472a0447aab3b6a84e32c772f2.jpg,0334
02c26e4ec7654eb08ef62c44245d6935.jpg,0382
02c3c4371f4c4982a09b1b446a775a33.jpg,0116
02c5711a23264a479da44441f2223838.jpg,0424
02caa0c3600b49b3875339b2fb2c5aae.jpg,0290
02cadf98c85c45c2a9d228fddeb6941f.jpg,0206
02cf4485a8af4898aba924a6763cd7e3.jpg,0069
02d47d250dd540d18764455dc85e978b.jpg,0271
02d643ff0a304b7b8833d264a1ab31b6.jpg,0155
02da2ba870c1497c91cf29ea9bedc744.jpg,0353
02dbfc134f5749448aac839f2929fc87.jpg,0363
02dc399cdc0d46809311662a800f9a49.jpg,0370
02de5d566eb34766a227cfad84e4c7a7.jpg,0462
02df2eb33b2e469ca8d568ce0df7fe91.jpg,0051
02e155a47d1e45a78462d57cdfcc2537.jpg,0257
02e1977a2c994e6c9b85b978aaa7f97b.jpg,0078
02e28e3c56ce4f5d973bcc8f5b76b62e.jpg,0489
02e5f51b6125419391ce5d17acf83c16.jpg,0253
02e76526da7644c2820c5f80f13ff30e.jpg,0040
02e7c3c5cc194792b2e3b6d6137b680a.jpg,0443
02e93fdf4a2943f4a339f7e2e513e57f.jpg,0186
02eb3f00b3c446c9b3a608b06e6be020.jpg,0279
02ed1122006e4b7d9bf6594599d37ad7.jpg,0112
02ed8876ca444df993ea397d20612eca.jpg,0487
02ee7ed453874458beeae49f11f9fb5d.jpg,0183
02eeb731406e4a68a8f3cfc88cc7862d.jpg,0348
02f76e1ce6204d05860bd1833813691b.jpg,0487
02fbbed5d1cc4d72beda9b5a1d034c4b.jpg,0462
02fccf217f3d4767953df97931d146e5.jpg,0426
0301a7529a444c7da6ac9448537b6ee4.jpg,0073
0305d4d80c4b4e38a47726983d7d1e04.jpg,0238
03064ac8de4a41ffac841478706b8fb8.jpg,0036
0308b12d6be34d74ad4415891557e2ba.jpg,0031
03125ab2454f469789306ad67e4480b2.jpg,0066
03130ce4dbff4c4f89e08c4f769e174c.jpg,0017
031346f28b7a43fd96cfdbb94e6b6fec.jpg,0237
0316309300704708b6f589303ba18b49.jpg,0409
03180c89ba5343fc90350808314af205.jpg,0387
03191817b43e4a12ada5b936ed0d7b30.jpg,0097
031d9e6ec26c4d6c986ab671b8448b87.jpg,0368
031e2b26f5304f52a5b2392f7566983b.jpg,0218
031fe1c61c544507bab0bc3d8ac27b8e.jpg,0386
0321d0c42bd24ec88ccfdec462cd9642.jpg,0220
0323e90133bb4bf99237f1a23246cd88.jpg,0249
032bf7e7828b4612849b3930cb366c29.jpg,0449
032d1d4067414ac5a74487edfc759441.jpg,0386
032ea15ec4414db19ea6897343f5731f.jpg,0169
0332145f59d6412fb62f23cdabce5b0c.jpg,0374
0333cf9ff1bc4ce7802e07536ec1f7e6.jpg,0474
033b01dc4f76476a881dd304af14f4e4.jpg,0046
033b39e7f0ce4ad095ebfbb99aeede43.jpg,0222
0345645e6ba3436dbbdecc178bcbbdda.jpg,0469
03456d49131142ea884a9edbe8723204.jpg,0396
0345830f45214d7aa8490dc01e0b71b0.jpg,0335
03487323ccb8449fa60d037807922254.jpg,0300
034b326fa8bf4d7a942d2a4651647c8a.jpg,0209
034ce3c5e79344a681a38aef183927fc.jpg,0064
035762a8a33e4674918535f000c0c209.jpg,0051
0357a2043e1143c0a3a80bf737caba0a.jpg,0103
0359ba776abb41b3a62146d5a7a16748.jpg,0412
035f905603204a9789d9355571cd0231.jpg,0395
036032d3f5f9419ba79c0ec7411642fe.jpg,0270
0362a56eb1ba42c2ac94c5e2dfc52564.jpg,0387
03637e501a3249798c6e45c37aa96d85.jpg,0375
0363a5192cf34fa4b81f4685567d7281.jpg,0296
0363df8ce6de4cbaab5b45f1bbd95f2d.jpg,0294
0364bf1f4d6b49f78da2dd2230217911.jpg,0178
03713c5dd2e142479d7862563722dd63.jpg,0495
0372b5420c0c4b949d203410bde5eb86.jpg,0376
037568c15c1242b09d1a120e0f945f0f.jpg,0488
03772722ed614a95ad1989f782ca9c5d.jpg,0296
037985fe7cd14651aac324477fe22b1c.jpg,0249
037ab30a7beb499b995bc6838ba4684c.jpg,0270
037b5c778d9e48e5a6d09ec72dec781e.jpg,0425
038043ae2fa349f68d6dc301bde86e80.jpg,0478
038306be41164743b0e88cbe63ed8e49.jpg,0071
03835f34b8714a54965ebd048ebd33a4.jpg,0212
0386ef6e4c754fce87dd4e7f6275a4c1.jpg,0230
0389f3df95824dc08c709c4731bffd1b.jpg,0348
0391431caeb2404fadfc093fb4585773.jpg,0244
03922bcc44dd4ffaac61bd4a25f7829d.jpg,0098
0394aba0e5c34cccae9630246e591d9f.jpg,0387
0396d141566a41758de59153e85bc6bc.jpg,0159
0397429f7f9e466495df2b42d97841bd.jpg,0404
03979c0b4b9049399dbed99af4d638b3.jpg,0363
0398728422ea42f48f600e18c24de69c.jpg,0181
039a1b4adfd5492b880c9adf065fad22.jpg,0234
039ad19cd80f4377aa1d29a361b767b5.jpg,0106
039ee5a7913d4f85a27a545c10b14719.jpg,0173
039f5b023da34b0eba49cc69cfde33ee.jpg,0145
03a0242390f1488cb66e05d2e79d6826.jpg,0153
03a12a0375e645948a809454900669ea.jpg,0269
03a5a56f2bd3425396cbb71a3607aed4.jpg,0052
03a62540da6b4fea86df924730371446.jpg,0380
03a6d7197d20401c82bd19d12756384a.jpg,0304
03ab377c014e49b29fa54d55e743091f.jpg,0043
03ac73192f0a4b7682335f935dbe00d9.jpg,0455
03b908a119634fd59d521b7d620ec14a.jpg,0319
03bf8ce5435349deadfb488ea0cef42e.jpg,0476
03c01804517c4bbfbe7984005e05e56c.jpg,0212
03c124283022489d86563c9dc8e0a963.jpg,0464
03c67ec10b4040cbb21b9989d42cdc27.jpg,0315
03c929ef188b42308c56643aa3a5564c.jpg,0377
03c9acd902cf4dfebe962bb2d81bed59.jpg,0418
03ccc072a52b48b0bae52e7c2e146191.jpg,0081
03cce81d8a814fbfa461dc0586b1fd84.jpg,0041
03ce294c5c234cb8a633038431c640d7.jpg,0107
03d12f3f2f2f4de0a4c9fe65ca644bbb.jpg,0392
03d50e8da9a04b3a8fad53c9413e2125.jpg,0344
03d5e6ab14844c9a9dfa70169cce95dc.jpg,0154
03d67214be8b49239e3ea13bdddf1b2f.jpg,0398
03d78691b4f54144a669e081474358a9.jpg,0340
03dc3a589dbb4b3ca7e2b703ce4e000d.jpg,0462
03dfed35f345445e8d00462cb04b690d.jpg,0079
03ed755cf4c1486ea2079c5ef9912075.jpg,0343
03ee54aaa72849c3b5fcc6c61cedc6d6.jpg,0407
03f3923784c84f62b8b38ab9e84ee975.jpg,0271
03f5d6bf467b4d379ada0fee44353b53.jpg,0010
03f8b0ba7ef54ad681f0d7c946497abd.jpg,0375
03fa00bfeabb40489820bee16e642284.jpg,0362
0401e071ee2b41749fb6672bbde1f712.jpg,0308
0403b44daca245718f8c33ceece0c302.jpg,0172
0403c48fde054a32ba51c58bf4ca68ef.jpg,0257
0404703b444941ab9c827cea9905fac8.jpg,0394
0409303f2eed4763ad1ffb4fcb589513.jpg,0486
0410f452cd7d4014bae3ef1b34bc78ed.jpg,0141
041739e4e3bd4b5f96aa4a842c971dcd.jpg,0342
041cdae3795749ce90c49fbc8590b193.jpg,0141
041e22301a2d46149799040875deee96.jpg,0078
0423f041115d445c84761cdc79a343f5.jpg,0415
04241cc66b0a49b58d814855f60d8547.jpg,0222
0426a7d61bd14625ba7cfb70f1b62cb3.jpg,0192
04270e2e6c3a493386ef875c36d13a10.jpg,0237
042acbbd9a394bdfa1311b4f791ce89d.jpg,0061
042fe0ee02334f13a4912cab2e333572.jpg,0221
0430162ab7b049da9fcfce4622be5449.jpg,0292
04318e8c208741a7abec9470dc79d103.jpg,0237
04343f6f7093489a83fe690c509974a0.jpg,0068
0434d4f0bc32440385b45fc5a61ca113.jpg,0125
043975d5768742ecb5632a72f1e987c8.jpg,0293
043be7c0876f4023951bb74c10c63eb6.jpg,0205
043f7d02968d42ffbcdadb7294ae77f5.jpg,0456
0446454558dd48a79ab714fc6792dc1c.jpg,0079
04478598895b4f15ab378ae5e7180a0f.jpg,0090
044a2d5217cf4abfb7c0fc0cd1db4edf.jpg,0407
044f807ca8fb481793ab97b7abe36297.jpg,0097
044ff7019aba42d7a9c93137295ef6b5.jpg,0282
0450b03ec7944b8d9b62d7a3741dc675.jpg,0325
0457ac87e4c44b5d8fbdcc5fd7a508e7.jpg,0422
045a2765cd2d4f79ad2d525e05cb0921.jpg,0383
045ab56b771f4fe588c482962e8f9ddc.jpg,0207
045edb8194b74b0fb31ae41b4bcd7a06.jpg,0462
045f27552e9c44ef90c39721c7ed0b60.jpg,0319
045f7274fe744d1db8b6ea87485e4c7c.jpg,0494
045f742d979e4dbbafcadbc73b2bf9f8.jpg,0316
04607b20c2f4412da9abdad467b64110.jpg,0478
046165ed27ea47e887368e4a18c89de3.jpg,0201
0463ea528b28429b8aa9939b33696ff8.jpg,0107
04694d2f073b400f97e4be74074e3527.jpg,0362
046a66c0af0e4afaaf29fb5f640a4004.jpg,0011
046bfaa627624d7aad8b01bec819927c.jpg,0481
04703f24e4dd46a9ae6019109beb2a67.jpg,0297
047149bab5494b98b5e5e0fd88895e5f.jpg,0119
04742d3277ee4699a889ab6c2d16ae62.jpg,0310
04744f9380934a3ab3b56552f8c2016c.jpg,0301
0474701ccd4144e7a4ad29bd9c4f8c17.jpg,0414
047bb83ab6f44b1481686609a6241a53.jpg,0385
0480fa4bbd06439ea4e87c937f84c3c6.jpg,0304
0483c4fcbade42d6bbdc6ea5158246e1.jpg,0304
0486189912b943e195f7048b266a7bd3.jpg,0232
04861a0eaac5467d8db60c878a10b054.jpg,0008
04877ca4fde147adaf1bee65ba3cfaed.jpg,0097
048809b3f238472187c027ebc87f2fe5.jpg,0175
048a85e88e0e4c3ab3f758aa8e8ac189.jpg,0290
0491cc900c2241e68c1fae61c1f55d26.jpg,0265
0492cc9e18e4489185b650f946f0c263.jpg,0350
04997139f16f445284ef3b52dfbf2e6e.jpg,0037
049afe230fed4db0850e02bf6366f329.jpg,0036
049f6936b589408e8ac524ac39a2570e.jpg,0339
04a15b84a7394938ae5a3f82bfab1e06.jpg,0325
04a3f7bcc5d546428dcb9b69621f498d.jpg,0490
04a4b2d15cef468c81a28115c2d7970a.jpg,0485
04a60a7fa25f4310b88356f11c948cd5.jpg,0126
04a654a94bbf485e972e904dca9a96e2.jpg,0023
04a742577ddd4c588ec1a1ecbca55ce4.jpg,0245
04a89799114742e88f17182a2c48fee8.jpg,0302
04ae149da3064fc9b43abc4367e32ddf.jpg,0280
04afb8c3e5304c5fb7a837053cb6592a.jpg,0005
04b54598d14b47b0aabb357f9d29bfca.jpg,0376
04b68aa642ef4cae9e3d4198ce9dc965.jpg,0282
04b9adc5f9e7418a8d9a64613596772d.jpg,0266
04ba3f4adc7d422cbbecf72b30e3ca8b.jpg,0321
04be650d8cb5410099524c5185ff6cac.jpg,0034
04c2416d6f5a4157a7f9e090b7bd9cc7.jpg,0171
04c26b2270fa42459e2455cd906ba9a1.jpg,0296
04c306b70eb34727849f0a88de298fdd.jpg,0210
04c4f93bc9fb46f6bb7879b117af6f4f.jpg,0168
04c88425185f4492b7386a9785d75be0.jpg,0227
04c9f7b96a43411c9aa48399cb585dab.jpg,0341
04db229ab070488490e3c5b923299d11.jpg,0318
04dc5f0e6d5f49569a65b19f8bd3fc7b.jpg,0421
04e0285b942e4176b84e7ae4b54a428a.jpg,0344
04e3134c26744287be564de504c0c744.jpg,0158
04e3282429b041889d2ce6a1b65a4d28.jpg,0234
04e8843e75a04db9ade7bd8c5ecf48e2.jpg,0429
04ec981581d849a68dc8f3637c3e74b1.jpg,0021
04ecdc1e4cde419586da6294caebc604.jpg,0020
04ecdf3e8a5f4cdfb4b9265e8072a365.jpg,0290
04f0565b7f124ddc9baaf1cbff09555f.jpg,0087
04f224b7bfb840f082541a86752e5f1c.jpg,0104
04f6cbdef35043429a00abc860ccf721.jpg,0097
04fbea6d98494f28892ba3403d0bcda1.jpg,0209
04fdd61dbf28410f90601e5241f3993c.jpg,0319
04ff19575c544bc2b02685487a551ba3.jpg,0129
0500bfd966d64ccdb0b635422829de33.jpg,0121
0501150011d142299633a8f689697c5f.jpg,0133
05032e5697d442ceb19faadb6e4e2cd6.jpg,0481
05045a128ec44fc7a6361249c4107542.jpg,0306
0504d68d17344186bffdc6a6f1c14099.jpg,0192
0504dbd433c241c28a05fc0d2f97ed9c.jpg,0138
0505336b370f4bdab1abddd8d0c8ca7a.jpg,0157
05073faa852e4313944dcdf38e0dddb0.jpg,0326
0508a8841b8740c79244ee39e345f581.jpg,0454
0509fc6f91624b14b98c5f2e1fbda3e4.jpg,0123
05137cba46bc4f82a80be6e727c36998.jpg,0052
05174fd5fc9f4c98adc78c214341fd73.jpg,0449
051775bcc2554a1c990f76e2ecc0e3e8.jpg,0210
051ac81cc5ea46cc8d414e44ff391529.jpg,0085
051d6ef0cb06401e844bae45212ad6ca.jpg,0082
052500fa721c4768bb4f1fc68f7035d5.jpg,0064
052571f7b2384b9e89a38f5c9808bc97.jpg,0147
052603c80d054c1188d0d00907308950.jpg,0302
05266d81c65941d785beb4415eb4e917.jpg,0326
0528782edcf141cc918fa4f712f92ff0.jpg,0341
0533debc6b0b4d3298d9b31544a6c538.jpg,0178
0536830c242e4425a8c70ddbf9062722.jpg,0129
05386d1284a048ff9df8725e6db805b5.jpg,0103
05386e8947cc4083931daf73151f1ddc.jpg,0421
053a77be950f4005a6eb8b00e6438313.jpg,0339
053d2a5d82fb497c80ec6dc48018a0b3.jpg,0389
053f224e3ccf4a44be9f83933f748dc4.jpg,0437
0547447a496645e386a273cbcc083f1f.jpg,0133
05484f58b33f423395602ca3e3deeea0.jpg,0159
054a218a9a04401d9b41db8ba7041231.jpg,0265
054d1650fdb840d5803a40336c08a2a2.jpg,0344
054eff04117847f1bbe13bcca045ceb7.jpg,0233
054f1ce797864b05b54cc3923a1bbe85.jpg,0296
05529239f9184919bed5cfb88a7a7d6d.jpg,0233
05594a57459d472bbaa62ea2c257bb80.jpg,0008
055cf11741874c529421271751bb73c2.jpg,0248
055d057cf48a44a0986bf28d0e50c661.jpg,0029
055e44b8bedf44108932c4791900a94b.jpg,0189
056023f874f740b99c563cc01818b533.jpg,0137
0565a7018a04419b90e6205bd9b7edc7.jpg,0015
0566e041456e4d0ea272194f25193eec.jpg,0150
05678c5094104fb4a8c8bf3d6537e1c2.jpg,0390
056f9b554d174397a4f09099bf6bd184.jpg,0381
05708be623b64d34ad0110deb9d3f6a5.jpg,0445
05722d42edbf4abe9fbf29d11c3554de.jpg,0273
0579cd03679e4967bd98a6a22f192440.jpg,0420
057aeb88a30f4a1a8448d97fcc881d7e.jpg,0170
057d279f0fbe414494ca4ed428370c54.jpg,0027
058121933de64d1a983ff648de62242c.jpg,0224
0583ac16ec3a4b0dbb6dd1560a7d940a.jpg,0254
0584b19386c243e2ae2220214204edf8.jpg,0055
05870ad4fa9f492cbe547f587425b711.jpg,0238
0588d6b31fe8418ca51b820696554975.jpg,0399
058999d4ed334889a06799b04eff9ae2.jpg,0273
059086472d73468c837d530bf2b7ab39.jpg,0104
059090c83d6345bea24e73ae799d6e34.jpg,0260
0594154e8fac479f8d6e5b1eeb60cd34.jpg,0090
059c4139091949d2b0cca40c4cd63e75.jpg,0224
059ccfa088d24cd0a576a38cb037a402.jpg,0291
059eb2e3cf2246b8bc16caed9a290e8d.jpg,0028
05a10cd32acf4df2afcabb656f818d41.jpg,0479
05a22ebb8a4d4ce0bff3074dafd52b4e.jpg,0373
05a2afabad3446aabd67636bfcda7fe1.jpg,0411
05a2d69e93934b19a2bb1b491b5e02b1.jpg,0334
05a69c0ed04144b59f66bbf2953d2166.jpg,0067
05afce4517194d3eae85a1b07ee9d96d.jpg,0067
05b03670af9f42cd9ed2403ffa48b362.jpg,0346
05b2947ad5c440d7993b49b93fbc1c63.jpg,0408
05bcc7cdbadf42a6a7f851e2817fba9d.jpg,0303
05beb0cc71484e7492343b6232b4b10c.jpg,0403
05bed650e7ca491cbb0d2d5e286f60f6.jpg,0001
05bf5bb08a944ba8925240c4cb4b8d9a.jpg,0039
05c52ab900974c8688a8b8fa1a49e158.jpg,0132
05caf44158a44bdcbf1d3c9fcd4a87a3.jpg,0025
05cdd5610ac14b9c800f93a70c66bb09.jpg,0384
05cff5d157574aa9bb63804463a50d5e.jpg,0302
05d0e41f9e694679982cb804f40786cb.jpg,0170
05d360f16e1b47a48c6af71ce1b1c6dd.jpg,0121
05d3d202c54047499995c8ca9886bf8c.jpg,0153
05d419e34cb14911b492cdfe8bdcf947.jpg,0033
05db771ac605410b9c70f1569e5782e9.jpg,0372
05de113b0a764922bf7ddbc48a1e26cd.jpg,0114
05de70e334e843b2a780fb04cfc36692.jpg,0415
05e272a310bc4aa5a1d208fe76aa98c0.jpg,0261
05e8dae70ec34968ab0d16c8d4e803d0.jpg,0160
05ed066484264a91a4df8dac2fefcb64.jpg,0459
05eda82a1cb844c7aaec8d97ff78b42b.jpg,0028
05ee1bbb2d4c4d33bfa843d2a0718628.jpg,0376
05ee5bc7b2674b7eb0ea7a590921d053.jpg,0007
05f48c09f48146b28eefaf81820994e0.jpg,0415
05f6db8b6d3249aebe9dcb14ccbeb9d3.jpg,0407
05f99d2fe99c46f4afa37ac65ddacae1.jpg,0271
05ff56882d904c16b498f239c336db5a.jpg,0499
05ffa575e8634574b551a819993cdfc2.jpg,0466
0611f05b0f1644a3a0ab975ba04310c4.jpg,0032
061c3e264c1d425dbfa2b022c2af6c5b.jpg,0207
061d3f7b450d4664befbb2ec85c75304.jpg,0113
061ebcd2eaab407c8a528d85f8516738.jpg,0174
0625b7f30f254f988f7b2792675553a5.jpg,0499
062e77a78bb04fd39fd91acd0bb923ae.jpg,0401
06379dcba791469583372983ba400332.jpg,0035
0637a4e1bfe9405b96b999f5d754fec8.jpg,0135
063838baaaee401e9d40a46ebdc6398a.jpg,0062
0638a054f10a4c48b2210f1778c05974.jpg,0082
063a377e42de445f92724fd874be3183.jpg,0089
063aa94cdac94a4089ea84445f7a9771.jpg,0344
063d152134fe4b39973e3279d6dc9c98.jpg,0156
0642ca6c94ba449d9d8e5c582020a0c4.jpg,0043
06442e2f84e04fbfbf7dfc69ef45709f.jpg,0063
0647245e8ae144ba94f22a283520eedc.jpg,0235
06478bc97f184b778f7cc7aae46c0832.jpg,0349
064b819dadd04e09971c213707fb3b27.jpg,0058
064e8741eaa243b782f9adb3c4a021c7.jpg,0145
0650b1bab3004fcb97c59b3e8b037452.jpg,0035
06510748b9c64c32af570f672475894e.jpg,0073
06595a846ee8449eb4f5fa39f577a4ae.jpg,0101
065a4f836f054b1fa8c70c3e2c81eb05.jpg,0434
0661419c479b4ab3a5a4657125e52792.jpg,0459
066a05230f714796a1d05e981b9f2805.jpg,0097
066b16c2bfe04f0e9ebe19d135d91bcb.jpg,0263
066d792dcde748b39b4f30c5e278c3a3.jpg,0153
066f452df71c44c5b2c15403ab5f2bcb.jpg,0124
06713abc6d2a4387809302b1f0129e07.jpg,0445
0679f46e8f8f46e8a5b282249f5c3df7.jpg,0322
067a107e103a4cdcb70b1b08781281b2.jpg,0472
067d8f4d6e76408db52016d5675f944e.jpg,0070
067db9da01a1433fab8f946704545be2.jpg,0102
0682ad87f1f1404fab35aeadb5f17e12.jpg,0077
0688047a554f4bf49b7d930c422f2247.jpg,0394
06882457f5f14bbea7a78896c51f1227.jpg,0053
0688ce3146754ff18a074dac2c9e70de.jpg,0493
068ecf86bf4c48818f537774ceff6105.jpg,0428
068f998f4a0a4e2695e0cdc63afef12f.jpg,0309
06928709130c47a1a65c0b1238652a24.jpg,0110
0697a79f6b5b4831b8f70907f6132087.jpg,0036
069938b088fa440b9adf77d6351f38ed.jpg,0134
0699c5839fcd4ad89260594b3451fdaf.jpg,0439
069d2aa561fa4f9d8659dd5f06b5860f.jpg,0173
069e071479bf4fbba9870796de56f1bb.jpg,0208
06a1ddc81d2247d497c9efcc6781110f.jpg,0389
06a591cf07624e77b278e6ead66b8af4.jpg,0201
06a91091c3c94d69ad8942b2627b7b34.jpg,0233
06ab8780ad3b48478c17c93f389bfd48.jpg,0366
06ab9e2e33df4620800214ae4e04031c.jpg,0177
06ad6408067a4e1c9599ea0d2d4bda34.jpg,0382
06aefa15845e40038864d19192b53eff.jpg,0461
06b7858f6b144680a6dda358f09d4920.jpg,0338
06b853e3ef8d43b28f2fe35ff08a2c58.jpg,0324
06bbebc188f446afa9ff429b42d66480.jpg,0313
06bcee1de80b4776b5d4b4ecc05fb01c.jpg,0095
06c027682a3b46d68a5d5a78c8b1805e.jpg,0066
06c613adfb53495b9395daf32d0a7a83.jpg,0063
06c687cd7a764a71a8f1c8a0bad053a5.jpg,0495
06cac21745954932929278c38f227761.jpg,0371
06cb57c945234213b35582e93637c7e9.jpg,0233
06cd737e2cd84dbd9e8e5b75a4cb7a84.jpg,0109
06cd8dba62fc41a9a2aa6ffc7e79f73f.jpg,0222
06d472a670bf472184835d4f83851d26.jpg,0112
06d57aef701b4ee6a3966806232cff20.jpg,0434
06d5f96dc2b945659c8d906359b9867d.jpg,0213
06de1f6e632749b280ce45f2553ba7e9.jpg,0252
06dfaccc0b52451693a4152b228b31ed.jpg,0343
06e1f014aad94b2d8136938407a67a19.jpg,0161
06ee3b88cf684984a9545dea6b096e8e.jpg,0213
06f0d4115eae42e5b817b8cef2188ece.jpg,0473
06f1af96fc3f408687d127386814a726.jpg,0086
06f4e64a4af9483da1ecd645734ca06b.jpg,0182
06fd957f8fa54e94b4cef02ad3ed871a.jpg,0476
07017d818b3447a7afaa4f5475de6945.jpg,0034
0704f4c168ce44c98a25088e46b24653.jpg,0384
070704b122394f0b9c4abb8aa833050f.jpg,0364
07072df601044b3caad8fb31d0745226.jpg,0303
0709ccb818764d00b8eb71981e5db584.jpg,0064
070d3ec065f9439cb77558207f3e4e21.jpg,0219
070e354267a844da908c72649e9c8d87.jpg,0407
0710f945494c4c9e91b1095d43dec05d.jpg,0049
07122666b13d47a2b5dfe5b8d635a5eb.jpg,0386
0716bc8d979e4771882c0f4e0afbb9aa.jpg,0001
0716f78bea1044e4834b88fc47b2a0a0.jpg,0256
071ded2d0907480993bb62de313fe89f.jpg,0340
071fc18e77db48af98a78fa0d2e128ed.jpg,0239
07214890fbdf49d2bc739297ccd6e73b.jpg,0422
07221363f231441b9300a5fd77e34c79.jpg,0015
0725b49dcd804b54a868322f185d0cd8.jpg,0245
072c67b2d5f7410bb35969c0d9a88c75.jpg,0336
072e3b644dc44fdeadec611c1db4bf4d.jpg,0267
072f70f3a56d4940845e5cba7344d4a2.jpg,0042
0730d5f55450419b8564e53a6aeb9ed9.jpg,0283
0732d65d3d204aec89b7b8e9fcdc8ee0.jpg,0333
07334b9fbbe54e18bef27dd0c5239a86.jpg,0182
07389876b60c44c49ea04fb238310ccd.jpg,0232
073bb0f9882a43c49121371c75a4b2bd.jpg,0266
073c5db1e9344c90aa5344d9e3ed657f.jpg,0239
073cf5624b3b40168b926e4a61aa0081.jpg,0256
073e9e6c065e4b43bc373becc649f386.jpg,0147
0746b4ff933e4520bebd1a570313950e.jpg,0133
0748754612f54aa38940ccf308a84389.jpg,0416
0749d57e8b024a9c9ed5345c8f4e7079.jpg,0018
074f9b1bc9914eae8540eb8cb52d2df8.jpg,0303
0750274eba464730933488f730289244.jpg,0025
07521790590b42b38c0680074ded270f.jpg,0056
0752dc431bd242569d2153d691694f8a.jpg,0325
0754df33c754487bb4e50e419ae65efd.jpg,0106
0757043407d9442980f792114961adee.jpg,0297
0759aafab64245afba17d5f2cd0bf279.jpg,0372
075e9881c929487fa9a22c85afa79ab0.jpg,0112
076691b9e686418bac529a7f692a11e5.jpg,0150
0766b1f0f54945a78bc51874fd46d6a1.jpg,0408
0766f3fee073427d90629919880361cc.jpg,0048
0767059a185140eca9108437e7f1d3d8.jpg,0442
07677bbdcb9c47908d59729c683656c3.jpg,0275
0767e24cb664405e9ba0c990ff7e8a89.jpg,0269
07721a5acc604759a5481020dd684f4b.jpg,0070
07724773a9454d12a715c427d3717946.jpg,0238
07782a3502fc49afba06c1e6e9e8aa0b.jpg,0116
0779fcfc1f33489fb5d922fcced39f1c.jpg,0049
077c9a36e2c84960b5801366f34b7ea6.jpg,0444
077fed67aee743f3b233cf044dae5f7d.jpg,0441
0781155ecabb4367ad8189b7e1796c5a.jpg,0356
0782be60a48940da894ff8c71c2cfe00.jpg,0253
0787a293491d4a01b3839118527b642a.jpg,0073
0789aa04ddfe4a22bce9d230e7be275e.jpg,0177
078b293dcc9b49be81b12b70f170cd55.jpg,0410
078bf8c3bde840a4bd273f87221d7266.jpg,0239
078dde2d49a34191ac58b597243ca5b4.jpg,0142
078de800b6694742809423b0ef9edd09.jpg,0259
078e3c78d8a14ee59921f73ac3e18d73.jpg,0431
078f1d101b7f4fa2b863e34935c3bf10.jpg,0337
079319a9bd3e44478ca802c535f61d47.jpg,0330
079356a1a49249a185e6948a2b2136cb.jpg,0169
0794f0339d194c9c98f9238d2b461453.jpg,0147
07982b60b1dd43279e10a40574c8878f.jpg,0154
07989e54324547c09bb030dcbef54bf8.jpg,0469
07a309da5f2849f3be3d2e0cbc0c8f76.jpg,0198
07a3f2c1299d44ab85599d173eba4634.jpg,0259
07a542cdee0143699680ea5effeac222.jpg,0146
07a9f280225a469a9b1018e5d12ae73c.jpg,0185
07af532481224086ae50237713280715.jpg,0453
07b83f62e88c4667a1d0cdfb316a26a1.jpg,0009
07bc8a9e36bf410ea641c1a9d9316864.jpg,0206
07bda0dfb3a7493b951e6ce3559f4428.jpg,0151
07bdc613742e4813b274766bbddc1dbb.jpg,0428
07c247cab64d48b88736717e60f7b1be.jpg,0035
07c57292e3314b94b7df42ff49b76467.jpg,0430
07cec0c6bf8640ecb99ef72064e16096.jpg,0076
07cf8951ed844909b36a858eb9add930.jpg,0010
07d153ab23644e97b6c055a71c37e748.jpg,0076
07d35b0bf5ee479d8ca9b13f5028c1a5.jpg,0344
07d4927dca3241c6a80294c216e43bb4.jpg,0081
07d5ea88d31f4696ae04536a17ef528a.jpg,0387
07d855ed367349f4ab7924441361aca5.jpg,0009
07d8c69e1bb44ed286149c52a3ece206.jpg,0243
07d917e13e874af8b923680461c4807a.jpg,0298
07d9a31d382f48309614bde1056119fc.jpg,0333
07dbea05f83c47ea8a78085da8ec45b3.jpg,0250
07dbfe646bd84fe5a9940fb65fcb1796.jpg,0066
07e104f6731d4620a0843dc381f3fcb3.jpg,0150
07e134db87894cd5bc94b9e355850329.jpg,0479
07e7842537f54a8a8e3808c026eeeda9.jpg,0344
07e86d1c9f0f44c7b7a81780503c6304.jpg,0353
07ed0271d1e94e078dad9dd5d48274af.jpg,0191
07f060db81a84bf2840cd85bb1e96808.jpg,0211
07f115e634604c03b01615f389fa581a.jpg,0005
07f3f9a58990489884283cb9418c03a2.jpg,0191
07f4c6d4b738484ca66f083da1b8a19e.jpg,0457
07f5ee47f40d45b6990e27bed00e1a7e.jpg,0202
07f61e1373ce46b5831386cea4a7a9e6.jpg,0145
07f6944dabde4b2da5d96355011827cb.jpg,0127
07f6c36ae27b490499dc5564014e38f4.jpg,0291
07f844db294e423f9cdaf9c68ca6135d.jpg,0171
07f8f47cc0384801985f471104322a77.jpg,0357
07fda1f95b294a2dac7ad907c1afef56.jpg,0014
07fda7f555d0463e9cdbdbe1bd83ad82.jpg,0480
080014eaa4e1423b9e4850d3bbef5b47.jpg,0070
0807c130e48043e1860a6e070a94fa87.jpg,0070
0809f0a378c940489102ae65b0fab863.jpg,0060
080d581064af4b488c4dba4bd1686af0.jpg,0052
0810f7597f2941ac9f52d462cd80300a.jpg,0112
0813d914886142008093186da7406f69.jpg,0214
0816ab44f29044aeaea6f4359097b835.jpg,0383
081a51f108c94d25bdf2293cd2da5b16.jpg,0106
081d436fe2224e8f841c14a22f75ebb0.jpg,0335
081e94fd5e0d4ccb836c33e1f3cd64e0.jpg,0187
08205923c9e54f9a8430fd1c8707649f.jpg,0093
0829831fec5549e7bbe33d2ef253e588.jpg,0259
0829c990bb1e41bf8c351eacdfd289f8.jpg,0349
082e0f5427f54fb885c8a0369a7c17ac.jpg,0235
0834ba64a36b46e7901eb0f2ff37b3c9.jpg,0196
083a1a29817c4a49ab5d52054e76600e.jpg,0178
08422cc89d194c6fbc378ab172e6a0c1.jpg,0167
0842a4afd4c54f5fbc07498e92301526.jpg,0492
0843c535242c451c937b645836ace245.jpg,0250
0843c5e6829d443182d74b3627bc4490.jpg,0491
084adf937bb94077bdc2fde81f08f95e.jpg,0322
08505aa976ba47f38189cae404fd3904.jpg,0229
0853181ad953447a802ee1e0cd1ee6bc.jpg,0326
08547c0a28bd45d4a0a996de396e7c3c.jpg,0272
0858145537c6482196362ba7106d3ecb.jpg,0098
0859e79816d34e56a26fcdac0098fbc7.jpg,0115
085b29a1f18f463ca7ef00d761b48371.jpg,0439
085fcbb420f94a57a6dfc75bf6f31b55.jpg,0061
085ff153fe6b4269a817a32217b4dafa.jpg,0376
0864c09f57c74d5ab25ddd89a14e5ee0.jpg,0260
0868b8e37a4c48f59fca5f3be2f84080.jpg,0214
0871ee5a74804c1fb1a82d3aac5cb32e.jpg,0117
08777d9c817a4e39a1125cbcfe548c64.jpg,0482
0878d950129d4e5498b8ce69e926c9ec.jpg,0344
087c31db9f984661b9cb0a45d3d69bc8.jpg,0412
087c466641b34defa29255ccc4850fb6.jpg,0042
087eb63ed2ef4911b5fdf818539900b7.jpg,0456
087f5fe1cf1d4e6f9d6b9d2217f785e2.jpg,0339
0881a9573319414bb9062e89173c8d80.jpg,0457
08829b92627940d6bf2b6899b57eedac.jpg,0306
0885bbb4603743abbf8b3069646d991d.jpg,0230
0887e3c73b544b14a982b02e8f6c48e6.jpg,0071
0890bb1cb037439bae2b1f203c2bc19d.jpg,0300
0897539d157d4e93ab12aa80184b9f08.jpg,0106
08978ce121e146319d23a6c33d68d317.jpg,0277
089bb06b69ce4e5281727513654e3e67.jpg,0131
089ccb4f49b44f14881723af2e77b37f.jpg,0115
08a00f7871b44114a64e2b63e9cf0a9d.jpg,0499
08a6e3543b4648fba90d5fbddbc30444.jpg,0267
08a921b37a764129a719b7e70042ca5b.jpg,0321
08ab46d2c86d41d49251b269e286fc64.jpg,0455
08b1960574de44199cc2f623ad41aa1a.jpg,0192
08b3bc7e2d4044d0b05929916c091537.jpg,0316
08b534c67d5e4c0db7973a08b4761a68.jpg,0437
08b98ea904f34485b54006d12ed834fb.jpg,0488
08c00e08f12e4580802a3142bf4a37f2.jpg,0035
08c35f1c7e614793b786eb033bd5ac11.jpg,0256
08c7dc1ecea34df7ae8672b42a3a23de.jpg,0079
08cec776117f4f42b5fb312b357fff8e.jpg,0372
08d0333bb6da403c92a527e6880365ec.jpg,0459
08d0ce6c531f437db2d0e6c4e3700a77.jpg,0408
08d62f1fa6e241669a8101a63a64e2cd.jpg,0443
08dbdc321aae48ca9b9cc555ca2f23e1.jpg,0073
08dfe08d08914358b76a42e44608a24e.jpg,0050
08e36ec7c97b49adbd09b12faaf091fd.jpg,0321
08e3dbc22a8e40a89542cbd0d92722fb.jpg,0363
08e96681d9f04f21b1e8e269e4bbb33b.jpg,0449
08ec0444e2504fc18d450167b0401ba0.jpg,0185
08ec8d4c3694416eb0d1f6993fde92a8.jpg,0488
08ef0e87e2f8465392bebb546905bebb.jpg,0153
08ef9c2422da4abea1cb710799ae362e.jpg,0353
08f02368c1474815bcd370328cdfce26.jpg,0124
08f2ba679dc54fa09dc7aea0b243fc84.jpg,0308
08f32a9daed5480eb6855add8a9885be.jpg,0172
08f35a2104f343b380b77072e9653a07.jpg,0275
08f3ae654adf4060833aef173dd1e46d.jpg,0495
08f600f4c31a4aaf985b97c60b4f9256.jpg,0373
08f630d71aa04e8ca6aca3f2e1e906b2.jpg,0326
08f631a468aa438f8d5f798168334590.jpg,0334
08f8631214564b3393522dfa43fb3676.jpg,0185
08fbd76a95184c708f5fd242f944d91c.jpg,0229
08fdd0d754e64945aebad9720257b31e.jpg,0405
090498107b024ebf929751dd2e813a7b.jpg,0279
090685ba23ee40fbac60c87d0b8dbcac.jpg,0083
09076782688d43fea25a8a865adab051.jpg,0078
0908d4f770b84622b40796f30e768de7.jpg,0153
090e79365988476b8280d70a7fc76154.jpg,0471
090f10bbec9a465ebb45d5eb6c059080.jpg,0215
0912720ccfec493b948bb342c425a3a8.jpg,0452
0914578873b84c91a76c57084941be0a.jpg,0302
091557cbb4d54a5593dff178b07c6f39.jpg,0337
091921c9bebe405e9f259ea8bda3b96f.jpg,0042
09192ab7feea419a8d7abcd1ce513d2d.jpg,0372
091a9ac393bc4e41aec125b7e56bbd85.jpg,0176
091bded4c82d428d9f4ba3cbb071a6e2.jpg,0424
091d77df75aa482ca11e9dcbea11660b.jpg,0111
091f0513670b4e8092f2e336d18d08b9.jpg,0292
0920948e88cc4aec87b27c484a96d80b.jpg,0035
0921302a72694061bcbd02b5e32ea609.jpg,0427
092540b0626f4402b35d0564a9a5b13e.jpg,0241
09268332bcba4b7495e1a17bcd280098.jpg,0440
092755f831b24da3a4a2e94ca4b7788b.jpg,0455
0927dbd453364c9daf3a461acd0576a6.jpg,0173
092baff247964d77a618533e291cdeae.jpg,0222
092da2afccec4a018b40d51014ee4875.jpg,0209
092e05c585dd42988dd18b2a630639e4.jpg,0368
092e9cb64043448eacffd043dd032f3e.jpg,0043
0931545ca66a4c7494f1c0c471a75499.jpg,0439
093288b67db043409b29b0ed5e994f63.jpg,0186
0933ba7b06c144a098f66a2b9abbe7d4.jpg,0277
09344a5655cf48dbb8af2af3ed48efc5.jpg,0048
093e212e0c5a4546951a2672fd80eb84.jpg,0468
093e9f785040489baf5464806ef8f2d2.jpg,0029
0940db17b97d4f5bb9dda8800c365ee3.jpg,0118
09426a0395764d468c9f28cab7a95fdf.jpg,0065
0943b61ab62d4209a78f6e2163cb7f56.jpg,0276
0946ca0d916e48a89307cbbe1f713b85.jpg,0078
094ac756284347f7a64418a397e6a726.jpg,0482
094c57f1e77e482f904c2d566226abfc.jpg,0497
094f86e4f1884497a04ceab4ed4ac21b.jpg,0038
09505fd784af4ef898be5f8a30311928.jpg,0054
0953eb45fb264295b6c94846b8f07522.jpg,0388
095637e5c0a0463db308640bae78e330.jpg,0040
095ea77f42c54de28591e93bfbe06a72.jpg,0481
09608e064b8c4a99a012de88d3b2730c.jpg,0098
09631e7e7936492294edb8d6a5e83163.jpg,0162
096321000eaa4fec94733bd5e03681db.jpg,0434
096a3dfc71cc447183537d5df2dc33e7.jpg,0445
096a424e02694a2f81a08df770e9320c.jpg,0053
096b02aa7da6436bb233c189005fc02a.jpg,0329
096c120378c144f6acd68d9783393203.jpg,0074
096dccb53d8d4c4bba1a83ffa15af4f1.jpg,0216
0972afb9c527483ab54821d9b439ae63.jpg,0012
0974e528000548c7beeabdc513d29869.jpg,0376
097edcf788fa4d1b9cb3d9071aacd17e.jpg,0077
097f909f29214f7f8a3a9b12e1655a9d.jpg,0452
09857ccfa4e44b9e9f7317e9527df719.jpg,0442
09859332c589495bbf3181d2f036ed87.jpg,0057
0987f3fd2c4a4c18b38f81ee71a7c6cc.jpg,0270
098a870419ac4cfba1c060e6c39a2a50.jpg,0431
098b081c899347d8a40b90af4ab14f71.jpg,0434
098e4b76054a487490751f3074102b20.jpg,0273
0990d2b645074e04866e3f21b1ab338f.jpg,0097
099386cf31ff46e18dad5d6711057b06.jpg,0372
09957cb985b54d47834c281f976e9d99.jpg,0373
0995bd16034e4ec1ab7f17b2d492ddd6.jpg,0250
09973e84a00340eab69fceadebd5a204.jpg,0073
099890f88da34c2ab7724c8e209b8a83.jpg,0143
099a239d411c4d1a82cd06edb86a65e9.jpg,0273
099ce10368694bf6a1ef4c6912011056.jpg,0113
099e5365cbe94f7294f41cb2c0a0d6fb.jpg,0395
099ec2c5009d41ab922604250c07833e.jpg,0395
09a0b2e1be7d466ab535e892b4e06097.jpg,0021
09a5a6e14ea24d0783d6f5718c5654f8.jpg,0352
09a6cdd11e8346daa4628747b8514412.jpg,0454
09b07213a77e49f499e87ebdc4a2f320.jpg,0272
09b7afef29ce454d9be6b070ec811f92.jpg,0110
09ba0ab2b1914eafb1a3c9ccc297d648.jpg,0365
09c31b8b072d4708b8b8a8ad8ca311da.jpg,0349
09c3ee8ec32f4f068bee4298a083470e.jpg,0002
09c716de209f4304941185bbd478f67e.jpg,0146
09d0ff7047cb498981a319e6bff7aa94.jpg,0045
09d12d4518304ddc8d298913be6ca1fc.jpg,0092
09d35a6692304f62b267735cefd0ca12.jpg,0343
09d3e5c6cd984ea19e6627ac93534201.jpg,0336
09d929fb1dab4eeea43c91aacf7eacef.jpg,0335
09dd4b1de5d549e4a67658beac2e2de6.jpg,0320
09ddd3040d4648a89eca76cfef302187.jpg,0141
09e0d8311a0a41cda10c0a4a662000fc.jpg,0287
09e156a00a94471a9001fa07c67f2db0.jpg,0083
09e30d7d06764398b4133ddb71ba85a7.jpg,0134
09e3c64161fd408386302669f844f8e9.jpg,0137
09e4152a83624282830c815d5cf6b0cd.jpg,0049
09e7e1a0d6eb4afca7f34cf0ebf5f29f.jpg,0486
09ebda840644492f81615bef62541396.jpg,0387
09ed4dd634f848c5a77a1457fc2edb6c.jpg,0327
09edc845d2e749fe94a89e690452272e.jpg,0152
09f2c3255b5e436c86a64f8c98ac2d89.jpg,0282
09f47f18e79c4c7ea7713f528ac35ac9.jpg,0264
09f6d7d51c004cfea1891e61aee5a513.jpg,0417
09f6ddd548324c3c865a24d5d8ab6dfb.jpg,0314
09fcbd6a731e4c2f973c614c2987dbfb.jpg,0096
09fd6194e5474c55ae1398ad8db1b8e9.jpg,0269
09ff3e09cced48f8b179d2ff5a767bb9.jpg,0349
0a01a014e94348feab751198591f3ed3.jpg,0123
0a01f029ac274d6f95f45fb34910be4b.jpg,0026
0a08f64258fc4472ad2b680ac97f9c8a.jpg,0136
0a0c50a03a70469982be9911a1b7aae7.jpg,0007
0a0f84ef53cd4f758be55ac878cfc819.jpg,0360
0a14ce3cf4be4afa965aa0acb8128de7.jpg,0020
0a193e7b509f454f9f2103363d304977.jpg,0020
0a1ceb9498954ca9882effd030d0fc6a.jpg,0116
0a206b057e5e404f851fe15bf569cc94.jpg,0009
0a207f2741bd4d92b4046a64279eac65.jpg,0328
0a23edfc14a6443aaaca405f65915c03.jpg,0439
0a252d1b372d46399a655d47e1d48c7f.jpg,0363
0a2783088c8f4787948b0f5eda73a58f.jpg,0442
0a2b50a57c094695b4af2588e3a692a8.jpg,0461
0a2bc72f38e6402f996a766d2e27727f.jpg,0198
0a2e014589d8400d8ca1ced6bd3c6ed5.jpg,0418
0a310967528b4aecaab26ba736ac1734.jpg,0201
0a3665777cf24548a79a8ef2c8079a10.jpg,0175
0a3763b315664e408e125b52201d49c6.jpg,0442
0a389f8ff85e490fa5de250191905866.jpg,0046
0a40742ffe444b80b9e41fd0efea34be.jpg,0459
0a415b242150402da861412727635d4e.jpg,0214
0a44c210d6544677bc1ab904c9933f42.jpg,0393
0a4a907d3f974dd8b5101d9433ec50f7.jpg,0268
0a4bd96d1dc0492cae6bc0b15542a5d7.jpg,0448
0a4ea8f5ff144d2187c00c1156df227a.jpg,0025
0a4f0acdf8f8455ea9229e737cf18d8b.jpg,0213
0a503015f7934e70889ba9dfabcc4edd.jpg,0185
0a522cb632cc4dca815578bcf06fee39.jpg,0206
0a55f57d819c41be96d8f3271cff999a.jpg,0224
0a5a0011d789497b8bbf4625a595f6ea.jpg,0349
0a5ee3d42ddf459a858824dbbea3f7b5.jpg,0023
0a632774f74e49a987896e1b2ad1a04f.jpg,0181
0a658537d7724d1ba2806a0a2a9bd8e2.jpg,0050
0a674d3788614828a4cc6f028b79b353.jpg,0311
0a718c8b2c624e2bb9ed47950435812f.jpg,0415
0a769b7f6afa4e16bf7eaa3961c893ec.jpg,0388
0a78669abe294101a26dbe5b35541eb9.jpg,0337
0a7edab276af4a5e989f11f0c6aaadc7.jpg,0463
0a80c21ae82a41738e5ca75ee188ef58.jpg,0399
0a816797a38248e9a387eb71b4028962.jpg,0339
0a83b34dc4854ffe8b4cb73d43618874.jpg,0258
0a83f3658257428dbf243281298a9d54.jpg,0276
0a844cd565314a3685880b2628dbada1.jpg,0412
0a850ffdab3c478da00676784e51bc9b.jpg,0178
0a86f05dafbf4f3cbe05f5ed5be9162d.jpg,0049
0a875d26f2884888b49455e810552bbc.jpg,0256
0a87a1f57544411dbb69d999d13bd8c7.jpg,0417
0a8b21423a1a41cc8a7c58258f2cb91b.jpg,0145
0a8ee007db7849f7a35fcd39502f969e.jpg,0151
0a95c14c549f4f6bb301b48418102fa6.jpg,0033
0a982604a88a410e9d50edf31541125a.jpg,0414
0a9b8c3ab937415db85a5da8995054a6.jpg,0291
0a9d9919409244da8ef386988208e16d.jpg,0289
0a9e0ba5deba4695bf46e2d675f64dd3.jpg,0323
0a9f9e6bc1ca44c38a3c741b23cc99db.jpg,0322
0aa22861967f4ceabbc551a1e0f8e58e.jpg,0216
0aa6fccb56b34911961020f1086fb406.jpg,0030
0aa726546d2d40f7bcbd2ae13b57a691.jpg,0032
0aab373ac49a4d7f8c20566950e204f0.jpg,0048
0aae46f653ca4d1aa9587c0ee52dd574.jpg,0481
0aaf220d9a524c4496a623333a80dfa0.jpg,0323
0ab932775739456caba04eed8f3b9a81.jpg,0395
0abcbf1ece69497b97e732b5b5f7ff9e.jpg,0268
0abd4eb631754357b8db9e903228d60e.jpg,0137
0ac1f00894e44a3b8accf27a23a2e464.jpg,0032
0ac3dc18490e43b3ac25e38e860486dc.jpg,0183
0acc80d16cd24b6884050c2c09b8b8aa.jpg,0089
0ace03325eae4357b946c1afe17fc103.jpg,0110
0acf68aa672a4d3498d82eeae8f51aa2.jpg,0426
0ad4b52e24224a4480317a018c954974.jpg,0280
0ad6071d89224e1bad8282022fd23e0d.jpg,0439
0ad6e05ea64c400e8203b1fca8d649be.jpg,0374
0ad963123279419d95b6a6f440703c2d.jpg,0422
0ada816beeea446abf8f47c1d2a60c2a.jpg,0458
0adf548468bc442393cbb840e634761d.jpg,0052
0adf9f453a5a4323ab701bcf4604920d.jpg,0054
0adfadf0706b460d86e4b3e7d9726462.jpg,0021
0ae4e4b707a64cb9a34485fac4fb6e48.jpg,0465
0ae5ad683baf4761b770c4cf3d65b67f.jpg,0233
0aee313042444e55b4cf575581e6c196.jpg,0244
0af25686534a415b90e620beca050628.jpg,0432
0af493cbad2c4cf29d84d1ea7a1fafb6.jpg,0186
0af4b80f7ab648bfaae7d17caa69abcd.jpg,0369
0af51cd737f440c19b59d748082de96b.jpg,0242
0afd1416b9cb451e938c44bc9c15618f.jpg,0476
0b0243561b754c44b7367f871979faff.jpg,0438
0b0255663a564753ad30009359b4b163.jpg,0070
0b061ddb066447d6b2bdc1d7098b8807.jpg,0371
0b072cdcbe194533ab58ebbb6feebba4.jpg,0052
0b07864d9eb94081a67669b0efd4db60.jpg,0112
0b0b07bb817f46baa81a062305eb4872.jpg,0366
0b183e98013d4e5b880423285717b07a.jpg,0325
0b1d3f9b4c63444bb2b3aa862f3f03f9.jpg,0102
0b1f972bb9d04b3fac71399951bab810.jpg,0444
0b21bb357c7c443e9684ca86dc9fa683.jpg,0071
0b26bd51f1934a0b9cfc3ed688ab703a.jpg,0385
0b2a433a85cf40a9a9769b9345420ee4.jpg,0465
0b2da45d7b7046d2991bac928b2feab1.jpg,0088
0b3328c434924edd891ac7b0280cab6c.jpg,0070
0b3b8ae3236d419b8a21ec7fb20f9e23.jpg,0008
0b40b7b65fec4439bcd0cabacdd5dd36.jpg,0415
0b42534e07ee4ad4adbe760cacf68758.jpg,0430
0b46e0becbbf400b96f38adcf8e6de14.jpg,0284
0b4b52cb63d845f6bab30f9c8b1230f2.jpg,0184
0b4d3e950fb04167838110a72e71e67b.jpg,0236
0b525629cb704f6ea8fe9b77a1036eff.jpg,0473
0b528ff238c24f2a95d33ff3e692d507.jpg,0434
0b53a6676f5c4256877e92b9342acbf6.jpg,0188
0b5838c3ae884820b850e4b428bc959e.jpg,0135
0b5a673255964035bb7c7fa43817af59.jpg,0171
0b5de4e7742c4a138a5d8f160f5c0d69.jpg,0473
0b5e0860d8fa47318e8cb06d9916935d.jpg,0386
0b610bc73b53453c9482d3a49dd789c0.jpg,0102
0b612adb5add4604af9b015880900491.jpg,0051
0b69fbe6e3d24450a442ce4c310acbed.jpg,0021
0b6f502d88ab4b3fb5525b0cdd4edea6.jpg,0048
0b7255a1dfe9499b90ed339fdc2ab248.jpg,0112
0b738068230e430c95dcf5529fc3ac87.jpg,0101
0b75bb512411450dabf3c07bcb5869b4.jpg,0170
0b78e62c2fa04ee0b791b31c3e0d9fa7.jpg,0375
0b7d730743264882b629cf52082face3.jpg,0313
0b7def475c86432582804faafc5d0594.jpg,0249
0b7ffa4b6c7247e790fa72312db89afb.jpg,0278
0b802528932a45238dcef0adb7639761.jpg,0296
0b80760dd9044dddb6e18ff44a0a238f.jpg,0112
0b81c41baa2542acaa41b6de88cf53fb.jpg,0387
0b83be388c7748efb810871ee0b84363.jpg,0175
0b8bd6126e6441b08685de73c5708f86.jpg,0247
0b8db6b606db46cbad9637877f61bb83.jpg,0031
0b92abda0522493f8cd1b84bf501bc88.jpg,0267
0b955057c3064dc3a0e13e8728370f9d.jpg,0086
0b95e00632604480a63d8714210237e4.jpg,0036
0b97112b946f46529a4de5d1135f8479.jpg,0485
0b993892257f443aae78dc6bb180e3d1.jpg,0379
0b9a897036f74a94846a70af163bd50c.jpg,0339
0b9b2c4eedfc43c18772245153b82eaf.jpg,0025
0b9c8c1c38f64a13a5d0282725db4fba.jpg,0267
0b9e00a643af4ef69721fb15c8ef8db9.jpg,0176
0ba15cc01df645c2b7a19ce5de8301fc.jpg,0002
0ba39eb704a342f3a9a08ec09914a660.jpg,0040
0ba42865df9747f5b4bba42476cdfaa0.jpg,0094
0ba68d36f1e9472cb6fe82769cd02bb8.jpg,0009
0ba8de891a924885a8a906005d991ed6.jpg,0269
0baaaff67983473095603a43ec6c76e5.jpg,0255
0babaf06cd1c429fad449a0c3ca819d5.jpg,0179
0bafb5ec05d546999519e146ddbec47c.jpg,0107
0bb72dda6dc348b28f14d16dbfef0000.jpg,0259
0bb7d89d22ff4637b0c0b1fcf3385ea1.jpg,0059
0bb7dd678ae740af89fbfb9d192c9207.jpg,0073
0bc01fd46724467fb20244b785ea7406.jpg,0221
0bc4c9231c0445d78ce38c22e55d6360.jpg,0303
0bc4e155a6f348f487f4936a1c57aca8.jpg,0187
0bc4f42a821b4e36a049529a778c6025.jpg,0040
0bcc2d738570495d98544f34f8942b54.jpg,0171
0bcf70f74bca429d8c49db6a7bb5a00e.jpg,0085
0bd169604848451f98f5246995a8c9ae.jpg,0468
0bd1d726f86b48f4ab948ece09f1797a.jpg,0172
0bd308b4f21b4daa99741226a249712f.jpg,0323
0bd3345ea05f46059937912743e44463.jpg,0036
0bddde6f014c49a5927744b08030a024.jpg,0385
0bde0ee0bf4f40a88dec05a951385ca3.jpg,0467
0be1c4dd47de43e88265becb671decb8.jpg,0007
0be3c72a795c44bfa618befca6aaed90.jpg,0234
0bea20021e5d46ae94f23754e3a64342.jpg,0487
0beb79c06ce641218fb1b6435d50a67e.jpg,0125
0bed3199a4f94af8b1d0e6f4608bfeac.jpg,0106
0bef0138ffd3406bb0d4f60903ad19ab.jpg,0044
0bf0dc34385f406ca2ac7598e89111d9.jpg,0124
0bf2a09eb56a4971818ebc5d06334719.jpg,0481
0bf5a22ebc54494ba3eab886437af321.jpg,0289
0bf888a1bd054ebda87ca073ca74ec2d.jpg,0004
0bfbfcac78584ef1af8a762ccdf8fb57.jpg,0324
0c01958440564074b40345087c4f3bb0.jpg,0065
0c024e88370840a2a7ef2da2be9b9ee2.jpg,0287
0c02a3c340a34f06a57e7af4c468d768.jpg,0231
0c05c4643ade4a2fae64f764b0d79ef7.jpg,0124
0c0d92122e1842649e86cd3c1e14fed5.jpg,0138
0c0dc0285c8642e59410923694e55bf6.jpg,0037
0c18c2b2ad264254bf3bf6f78cd1db02.jpg,0084
0c1c05255c7c49078056457907daec7a.jpg,0165
0c1d13718b884d6cb3611a43b307430a.jpg,0094
0c20a5daebfe457bbaefd87301c08dd4.jpg,0220
0c21a6fb3a3344eda2bfcd7959023f19.jpg,0141
0c231a186cd74d64a26ab431591aa31a.jpg,0298
0c26133e7c4c462997e1bbc74de2798e.jpg,0350
0c2a70e5594941b79df46287df1ac9c0.jpg,0139
0c2dae61386844e3a2dcf4473f04273a.jpg,0054
0c2eae763a3544069f74f5c031e6e1f6.jpg,0041
0c2f2dad0fad4cf492d6cf67c21ed5a5.jpg,0325
0c308cc6d62b4784887f05299e4139f4.jpg,0232
0c35b0f8dd6d4a66a3c43b0d030f927f.jpg,0153
0c3703d80fce4c9aa05ddeba0b6ffe00.jpg,0099
0c3ae97fad964f198a687e1cf43dfad1.jpg,0265
0c3cc6d69a06430c879faf18c89bd9a0.jpg,0290
0c482f7aa5304f6ea2d4d9d3305b6adf.jpg,0002
0c4c96fb923e4609b93396baae5fd302.jpg,0239
0c4ce93f303e4c378b5a983d6176e241.jpg,0339
0c4fd8e2cc3c4cce8c779f95ff3e7ed3.jpg,0041
0c53ee719c844177bf5b15925eb40f97.jpg,0150
0c57fcc3bbce4df28c8de6d2f369b421.jpg,0069
0c61ed5801eb469a9663edd3520c0140.jpg,0160
0c64b1b61e9e4964aad2cb7faf5b69ac.jpg,0085
0c65d6b7b92a44afb3e23c543c984352.jpg,0063
0c65f3db9d364a0787da124416ccb09f.jpg,0089
0c6823d025dd42deaddab1b97de04f4a.jpg,0010
0c6877eeddfb4a368190a91ee4fac230.jpg,0314
0c6ce4e4a82646b7a373c7d4c8ba7184.jpg,0100
0c6f80f85ec74226af7a6cdd4ce47c79.jpg,0068
0c73b5c8ccb448129882299ff2d1baba.jpg,0086
0c76442c737d4fdaa2c8b130dc53cf95.jpg,0205
0c7b36ea403046839d5e273707762891.jpg,0254
0c7bd178dc104988b87525f959ca4e7f.jpg,0265
0c7e2eefa6c34ee79272feb13147d44a.jpg,0080
0c821d204b114e70b64f7fdfd7175f85.jpg,0090
0c843f1da088477886397f5221dcbe54.jpg,0042
0c84e60187fd4db3b26ef47d34378847.jpg,0134
0c85e595c3234d02a67c51905936bdf5.jpg,0083
0c86296391af4756a7916f683fac1d6a.jpg,0200
0c8b53ceeeca4c04b158e6c99e7f91be.jpg,0086
0c928d2bd60342c8ba9b5f003cd4b6cb.jpg,0257
0c9362c3e6e94b619632b8129d42fc48.jpg,0039
0c958ad99f8f4af7b5b343cd90ddf075.jpg,0129
0c981b8f27f04e32b349d342f08ddc0e.jpg,0096
0c9838d6e168450899e7cf3ff508d63f.jpg,0016
0c986b99e3c84e399c84feff92f39d34.jpg,0295
0c999a34ac03456e81ee583353708a7d.jpg,0035
0c99e6eeafaa4488ba14f78e5de51735.jpg,0154
0c9a1797666043cc891e7a17d2a2ae9b.jpg,0028
0c9a7990d1d64a4ea5150b1e1c3f1f7c.jpg,0419
0c9b9d3a7e1640a9b295af9568572b5b.jpg,0042
0c9d2ceba78948e38af90291da66b3a1.jpg,0003
0c9de5521c5e4e54a0a7ef34373d5c3c.jpg,0436
0c9e355a22e6483f96b6a1efcbf107ab.jpg,0114
0ca0f819d1614fc58a8778cb5bf9e7b5.jpg,0048
0ca1ea113d1d4973a8341343df234107.jpg,0205
0ca63eb394e04e77bfe51b7a43036801.jpg,0059
0ca8154d5b4c4a109266b6a9483fd354.jpg,0328
0ca855e8e4cd4f21a32befc666fbe3dd.jpg,0251
0cabdae9a40f448298119f2388afc3db.jpg,0307
0cac8806beb34f48ba030be2a70e28c8.jpg,0063
0cb1ed26611e48fbbe9512568debf04a.jpg,0319
0cb40966badb4c0ea89148e43f0d45df.jpg,0213
0cb695d026f944d5ad8e6e519a185828.jpg,0415
0cb7ecb0ed1646a999174a3eebcdb506.jpg,0377
0cb9aa4859bd4b8bbaf2ee000b9389ca.jpg,0209
0cb9b03659c54464b194c20adcc93179.jpg,0433
0cbc5cd5170f4e51943d924691e3fafc.jpg,0456
0cbd5b18b37047e9b37c01d6866b0d5c.jpg,0244
0cbd89ec03184821b04bfb071d52b74e.jpg,0109
0cbda06cff0e4782a83b6e7fe78876be.jpg,0081
0cc085389ccc431790a1209b7a341805.jpg,0264
0cc20a22bce54e0796b49fb44ec53900.jpg,0381
0cc55bedde3745ba8430d2f0770d80f2.jpg,0300
0cc6906875a74b7ba5b34b53db7787c3.jpg,0465
0ccb531873ff40cc8b3936eba9410d36.jpg,0124
0ccc8ed6208f46ba9c57f52134cc2cce.jpg,0182
0ccd3bb291f741d996c4b8daca0955b0.jpg,0483
0ccda78954574806afa4f8f9b24618cb.jpg,0256
0cd5cc3fab344f4894bc44b1c81bb0ca.jpg,0252
0cd878d1482a4e45a9c42771dabcf2c8.jpg,0440
0cd8e4bea1314660b1c7bd3e41121fd6.jpg,0056
0cd9f8d526f14b2e884b79695f446738.jpg,0055
0cdb095d729342d4be7671ed1603c732.jpg,0111
0cdcd32264154ceaad0270bff2c5f876.jpg,0268
0cddc718d4f24f43ac018effc9933744.jpg,0165
0cdf4d5e17e14020932add7b5e8527a0.jpg,0158
0ce4df81fe4e4e1ea4c2daa4f351f814.jpg,0386
0ce7bbf0c0664c2da6e6285416e3ebee.jpg,0372
0ce9f12f4ea1477690df2da7d5350d18.jpg,0082
0cead2546dfc450fbd90954370b04744.jpg,0420
0cf115169dc34d89829bfc6fe9a60be7.jpg,0033
0cf1a41ae9514e34a38eb52355807760.jpg,0221
0cf2d43d85564cf5ba11749c6cbd1f94.jpg,0283
0cf81c9a3bd8478898cb6d9ab4b5294b.jpg,0240
0cf96b64edbe4f72985937f33f5b8c12.jpg,0160
0cf98a862b964cc69b4d2b3a86d9d04d.jpg,0460
0cfde54c1c9849be87978bc8481a0d6a.jpg,0492
0d03150e3da6469fb13f9ac13ae13780.jpg,0460
0d031c2ec60d4bce810999b637e56665.jpg,0048
0d060ca6f25a41fe8bff8039ce6f0f2b.jpg,0155
0d08e840b7474bf08f67efb1d50c8a71.jpg,0049
0d092bdc29f2462ab5f030604d3c5e45.jpg,0226
0d0968f40908469ca356b1878daec354.jpg,0291
0d09d89878b8429ba2c15aff6da887bd.jpg,0255
0d15653d93d2436f8a89570c3291c93c.jpg,0467
0d167b6a47da4408bf5e528b836a606d.jpg,0253
0d17897ffccf40c1870cf429685a54f2.jpg,0023
0d17ed9e24404261bb2c471812683b78.jpg,0359
0d1a09b2b5b34402ab152753087b8b83.jpg,0329
0d1abc4c049d4826b8ac31e75d59d9f1.jpg,0364
0d1d0aecacd740f5a161312ff1738c59.jpg,0393
0d1dc2d297b04a61b89cd3bb6d21dcd5.jpg,0400
0d1ecd55aeb24903af2834b212667dfc.jpg,0160
0d2834bd6007429d9f9434df4ef51dfc.jpg,0384
0d2954aa279f47a6b8db01c9c7a03fde.jpg,0422
0d29b3083e3e413bba2e6b31084c9644.jpg,0005
0d2b0f8d02164ec28a64525b1dbd3aed.jpg,0152
0d2c49b4f2d34c38899d4f37430a5d18.jpg,0484
0d2cba4a543a42c0a6f0cb6a86b144c2.jpg,0364
0d2cd69cb12f4bfbb6ee2856a690b975.jpg,0096
0d3066c441204cd182ee2d36523442be.jpg,0455
0d324b7bd4004eaca2d94f8994f43de2.jpg,0164
0d3279a2e03c454383975ba224ca0a86.jpg,0185
0d32b55a8c8b497c834da914b81a31db.jpg,0105
0d3378a9db4946b38a48b79c5b8e44f8.jpg,0052
0d34177d30f34de7b326b67139d86d87.jpg,0084
0d343150d7854f7aabbdc59958e8ab0c.jpg,0067
0d351fad4d6748ba959bdbbb3e959b8a.jpg,0159
0d36e64f35ca4521b2b1c77c2c38baa6.jpg,0405
0d3751dd582c4d7aa9116c24da4445db.jpg,0209
0d37575d2b8e490d90b70cfc7dbf7976.jpg,0040
0d37e60da9ed4a9692421ec35f62b1e3.jpg,0375
0d3c95788fa6477ebac22309220ddf52.jpg,0176
0d41d668c0574ea5a20ee6ff7dacfe8b.jpg,0127
0d42626bf0f84cd1b83b27eb5784a847.jpg,0394
0d4714a504ea459e9469214a7af3b051.jpg,0027
0d4aaff1f118470998ffe47f46eb42d0.jpg,0345
0d4bb6e12bf6449ea18286fe05c35dbb.jpg,0138
0d4c35b1f3d94f56b1d60bb4ef63b60b.jpg,0448
0d4da2b384624a59a33685edad28efaf.jpg,0239
0d5286f297b6498488ea7a2d0e2b8c41.jpg,0368
0d54db61ab05434dac84ebf3a52b054c.jpg,0434
0d55ab5bfae0464898351dc70a3003a4.jpg,0388
0d581545485144998704b3156098e949.jpg,0178
0d5c4110ace14b6ea08f02b49c0e47b6.jpg,0418
0d608dddcc0a456e8bb1aacf95f5964b.jpg,0476
0d62c21efaa6422abb4e5d787f891bcc.jpg,0152
0d63725e92bf41dab582c01d36ba725d.jpg,0468
0d64a621c9884f9abcb203407e5ac902.jpg,0261
0d657827431841f88cc160bf5e158f25.jpg,0074
0d6ec517f837413ab10e0462e0d4124b.jpg,0072
0d6eec5def86405a83a4a7b30cb696b4.jpg,0286
0d6f9b7376bf4b06894d632ae95eb566.jpg,0422
0d704db4f28d4a0db6c672bbc67f611a.jpg,0279
0d710f095bfc4b39a73daa8db159a1d6.jpg,0074
0d743d38be084ce0aba2fa3ed29a187d.jpg,0327
0d756a01f2d24c9f93db1b0df4f24ba6.jpg,0381
0d75ede4c589476ab30aeabbf8372ecb.jpg,0082
0d79d1ef6f1e4aaea17ef0b1dcffb838.jpg,0303
0d7e2a303bc3410b8849121308162747.jpg,0235
0d7f376b302a46e8af9be7fb92626e59.jpg,0003
0d7f8c9bbe424d0f9a66d84cdee525fd.jpg,0173
0d80353ffe4a48d9863c84470fca8999.jpg,0193
0d831166f2b14ae8a2cb69a564b1d626.jpg,0322
0d8c42e1dd2f482c9b6fc0374abc8f3c.jpg,0424
0d90553c4ab44763a818bde5fc5886b2.jpg,0156
0d958d13447b41519f983a29b49ded2e.jpg,0381
0d96c5e47d114f9798e54f6e18a64fa0.jpg,0025
0d97c4c14370426085826fa84c0e5775.jpg,0360
0d99832e81b2414fae7927679fa2d626.jpg,0019
0d9d7420b9144d40aaa64e6dbb3ce0c3.jpg,0142
0d9f057b54434a9eb568d3f7a78c3fd1.jpg,0021
0da072edfc304d5fabf290799efe8cd0.jpg,0141
0da0825d84334cde9977008fdba67b9d.jpg,0189
0da8fb854dd8401c912bb9d707aa0be2.jpg,0312
0da999b0d5d0449f8995946c1cb5235c.jpg,0128
0db3c15fdc6a431f9f484c6febcf8d1f.jpg,0268
0db5e36639a84d56ab9590c5fc1fc9b4.jpg,0207
0db6b275336a41a597719d101cf391d4.jpg,0081
0db792901b1f475c8768569a51e3c923.jpg,0118
0dbb70763f1d434a9bc31bf5eb30d179.jpg,0401
0dbc3b6d0e1240c487982fb2043db21f.jpg,0362
0dc00882035349b2b348b816dad454c0.jpg,0170
0dc64164e61c436b8e86d42c4ee9e6e2.jpg,0252
0dc6fe4536244bc7a797fea3086ee48d.jpg,0047
0dcf07f382db4693887147b804542a9a.jpg,0472
0dd0fc90fba14a138711bcbf00668ffa.jpg,0451
0dd3761b67454a52b22caa86d54d2136.jpg,0247
0dd3a4104bc248038c95f8adf64c4892.jpg,0399
0dd82d511c0c446ba56ee44429d142e9.jpg,0290
0dd96d24c8b04303a0fcf5b7f1a85d6a.jpg,0085
0dd977fd150946fda290a392f1ee0d5c.jpg,0273
0dda101b35844d4aa14f637be0b39d0a.jpg,0361
0ddaf4b54d35483695e03bd2cfe02dd6.jpg,0249
0dde2fa7f3c44542afb6335cf4bfcfb5.jpg,0445
0de261bb017543e996031b6d1b91668b.jpg,0230
0de3c58ae48b4f08b060a62fff424933.jpg,0339
0de648a1dc0442919b48af79f2ff2347.jpg,0098
0de9cb2f5dcc4a4180f991e52616bade.jpg,0026
0dec6e55ee2f4723bcdcf4cfa4c2f46a.jpg,0039
0df73e171e7c4f7c8f6dd1c9e4ca1566.jpg,0084
0df859dcc6c2449f8a4523b5ab76c37d.jpg,0059
0df9878f901a4e75ab3547749d3154e6.jpg,0236
0dfa8038b5dd4f49b84a93e1bca24488.jpg,0290
0dfefd50c4474f6b889c020d9d3c1e5d.jpg,0300
0e00e07e662649638e9af6ec6af2d05c.jpg,0115
0e02be1fc45a4dff924cff4e4d5e0eec.jpg,0308
0e02be37d7a4434ca3036a5abd28bd27.jpg,0298
0e053c365dbb48a69df913ddad38a72e.jpg,0383
0e0750c295e64260aff56697f3926146.jpg,0015
0e0a018fd214474fbd4265e3717d1148.jpg,0080
0e0d091fa6f343c990c37a9207132034.jpg,0113
0e0f92702df14c78b66da8185349d4b2.jpg,0413
0e11115fc07641c091b384cf57dab8e0.jpg,0020
0e1116dd48a64a40b4dec8afa7338910.jpg,0256
0e12ddd2cfbe4dc497f7c3a364acc027.jpg,0280
0e144612cfe94dc7918b9bfbb27c1206.jpg,0135
0e1455b53b114b738665efb3095d34f9.jpg,0034
0e162933a0b245c8b7b9dda75f6c7132.jpg,0481
0e16e59568044410b24e76e498205831.jpg,0415
0e18bf34ffe347b8afafa52444675452.jpg,0443
0e1b89731cb443ecbec02f8263b6a906.jpg,0295
0e1c240b2b0f421fb722b54d9965e0e2.jpg,0490
0e246b0ca4ae4c8e921d0a5c677876db.jpg,0334
0e264df6d51f4e99850ee3098e2f8754.jpg,0107
0e2bc17b36f94f828aa8fd6507def942.jpg,0083
0e2e3462dc0e430cba2644cecaebe895.jpg,0178
0e2ff8a6a04d463aad619457d0fd1a4f.jpg,0401
0e341c6c230d425694a773548da15c80.jpg,0214
0e344ed8f9c94f949efea7b29fcaa770.jpg,0030
0e35cdc9a2144fdea01ba1464900ffe2.jpg,0330
0e3aa9a49458414cae5cba4d3102a883.jpg,0367
0e3dd3a555f14a4e93d44298a0b3a8cd.jpg,0015
0e41c2a39d284d64bface8b988895d01.jpg,0082
0e44e375ea564aacbe10255480c0aca3.jpg,0348
0e568592718a493c9535af3f5dbb1bb2.jpg,0258
0e56a3ce27f041d7af67c183a8ab6310.jpg,0424
0e56ce6b0f7e451da23132ecf1770d48.jpg,0164
0e5d89846ff945c58d6addd4e37f44bd.jpg,0225
0e5eb4a91f52409a8a563327ca0b4877.jpg,0408
0e61fd07c183454d938371aa95e9bdbc.jpg,0132
0e656ca7aebe4da0a1170d7a9f15be1c.jpg,0005
0e6765867b9342efa62a90ce0997b13b.jpg,0037
0e6a1219a1234543a2de78dfc15bf7f7.jpg,0263
0e6bb1df4dae41c2a1d392d510d45466.jpg,0300
0e713e5affb1487eb896d339f757e679.jpg,0005
0e78fa2c3a35466bb210f582be1a7429.jpg,0381
0e7999731ee54e16a1bfe069328ae060.jpg,0125
0e7a3b715c3f437094aa9e3631d30a09.jpg,0068
0e7de77b50d7457fb5c75874d4dc539e.jpg,0147
0e873de85659454f9d011e0a9aa77ba1.jpg,0138
0e87f2be01e24e8e859aee233e7e0f06.jpg,0154
0e88e8ff36934c77ae30622575042c89.jpg,0361
0e8d6802db4248c4a5bfe4b4778440d4.jpg,0166
0e8e01dc8d2b47799399d02213a08468.jpg,0021
0e8e390feb9649f4847c357f61bfa98a.jpg,0093
0e9068a897934ddda1c2d54a5722869e.jpg,0288
0e934ae442654f94bfacb3bb5767dae0.jpg,0364
0e95bbfed20d4ace9e981321027791e1.jpg,0207
0e97020d20354c1daa410731c7531d0c.jpg,0371
0e9d24f920ac41f4811e1eb9291d757a.jpg,0060
0e9f24099e564ed2b0591225d76326c7.jpg,0474
0ea01412ef984fd8bfcfc5562c4466e8.jpg,0143
0ea2e5c548184251913ae68522425f10.jpg,0381
0ea3d865520849faa339ea1b720eee37.jpg,0367
0eab5b4981f74530854d7870987b3755.jpg,0391
0eadbbef21d7423d92df1789cdbe57e2.jpg,0271
0eb41124fb7244c5bfeac62f1e388e5a.jpg,0198
0eb5d17d25274ce7833265ce81b2f42e.jpg,0028
0eb617aa006642ffaec703123fecd584.jpg,0394
0eb6f11f66ad410c877f519cfd044fb0.jpg,0119
0eb837b871c74bcea5ce40da43ef6663.jpg,0068
0eba038a01db4764a25cc2f0a5ec379a.jpg,0009
0ebaa7dd0e6645ffad7adb236262475a.jpg,0454
0ebc41488cb94fc6823aed8fa3ab2722.jpg,0261
0ebc710944c54017b17a36867b2d1ccc.jpg,0495
0ebd86f3a4b74e1f8ae3d54538b1570c.jpg,0322
0ebf5b6a4a0a48e3a5e8f6450700aa46.jpg,0407
0ec10441bade4489a928d0c1da76a0a1.jpg,0024
0ec26c29c1644137a86da1df84c9a928.jpg,0424
0ec698d9765b42ad8d08b3e511d64cc4.jpg,0006
0ec71e618da24080a94e4943d4ff1980.jpg,0407
0ec9863a3b3447a4b0daadb7f9847af8.jpg,0226
0ecab3670e67452e8a269eb7d5f2a174.jpg,0075
0ecdb732cd8e4aefbb1002a14c62d3a2.jpg,0028
0ed2413394a444d8bf5435b2a36589eb.jpg,0044
0ed492f119dd45bfb53d4c3ebda2ee7c.jpg,0384
0ed87b45a0c04f87b3083926bd2c327f.jpg,0420
0ed96c048cc9425c9f4bcfb3b55c7146.jpg,0121
0edc7dab3abe4e57b932420317a72e95.jpg,0340
0edca4c3ae3a475c977dba2da7aea899.jpg,0198
0ee3251111194375b3d2900a9507adb2.jpg,0428
0ee3562fca234af394c5ae8acd93a370.jpg,0434
0ee3c2137ce34c3caa68c63b929944a2.jpg,0467
0ee4a9888ba04dbba811e81f832e05f3.jpg,0045
0ee503d936ed496d8096e924beb1bf40.jpg,0186
0efadadee5cd472296a712710bb43aff.jpg,0036
0f02bfdd22a540faa6ef451bd2467ea2.jpg,0038
0f059c5337d347769f8e82785df6dece.jpg,0065
0f064718dd564a79a6eb5157b3b40c7c.jpg,0382
0f0f783954274848ad945c0885a4839b.jpg,0056
0f13168c1cd34c218db47e7517d7bace.jpg,0145
0f132f7edafb4fe59e3151ce64197b3b.jpg,0133
0f1a31d06fcb4212b09b8a0856df0e3d.jpg,0476
0f1ca98ece9c4c6a9f01772a41bfc00c.jpg,0159
0f1dbc03185741619f2a259d1862fe62.jpg,0406
0f206b0a2ec4446db86c0de9cfb1ffa2.jpg,0388
0f241667a772408cafdd0cc2aa1f7550.jpg,0347
0f2543c5ad6c4a6880fb69a19e84b286.jpg,0368
0f28bbbb9b8b47fe93ba791f1d148621.jpg,0324
0f32a3819e01423ead640bf04aadf05e.jpg,0491
0f345498248f42fea958872a25e2bb16.jpg,0349
0f350aa717ba462d9d9c253079e9b2fa.jpg,0122
0f36c0e50e0a47c6a298d18c4a17e466.jpg,0284
0f3ca746aa6d4f67bcb1b4528140551f.jpg,0296
0f3f612003ae41b99e63aa58005a6179.jpg,0140
0f40907683574c78a5fcf9534abfe048.jpg,0148
0f42f75b0aa24159917c2578aaa93210.jpg,0027
0f47217db91845e7b74ff0d563a38e3b.jpg,0299
0f492279e45f4de8bd27e51f87564dac.jpg,0472
0f4d078d91f646899970faf50264226d.jpg,0235
0f4d51c6178d4c57962dfa42a4b5278a.jpg,0208
0f4f3177233242458dd4288256db56a1.jpg,0327
0f531dde55a24a08863eff6e20b2934c.jpg,0324
0f5448bbd7b74801a0be53d480ba1f28.jpg,0034
0f5479be0d844cb7a151fad28d58c643.jpg,0399
0f54fc2183e94b408d44889f97decf08.jpg,0231
0f58a0adf0324e2a990dbee59aa0113e.jpg,0148
0f5d2543cd6b4177989fd6037b26fa44.jpg,0214
0f6456bc66854f7eaf632e669391b323.jpg,0233
0f678d7a05384426905181b5cfb3dca5.jpg,0359
0f6c454efd5d4d8291d09a359104ddf9.jpg,0442
0f6dacfff00748ea861d2dd8564bd79a.jpg,0226
0f71d180aeee4229a6b06b2ceebabe07.jpg,0454
0f740e17b21a4c4ebdeca82a1c7736d8.jpg,0356
0f7433e02b5c4013aa43215e2f7dfb2b.jpg,0455
0f763de0e95042508bbb197126177636.jpg,0103
0f775aa474f348ad8e59c181d9f67626.jpg,0115
0f776c5e01c9497d9ea202002bf920d6.jpg,0095
0f7a429d32c64486bee72f8cae40111a.jpg,0200
0f7a971f504e4792b4c78a582386be6e.jpg,0454
0f7d4fdb0cc747e6921c100a4eb0e527.jpg,0340
0f7f9e263b2a4c899d54f01d375992bb.jpg,0124
0f80e1e548e549488bb73ea7de2140c6.jpg,0250
0f8205e01ff2490aa685a1e666a5b4bb.jpg,0348
0f82d42cb2434144ac756cfd149df0bc.jpg,0176
0f8426bb327c4440bde911a0879911e4.jpg,0219
0f854b139e484777b6ce5a3c4c45a56e.jpg,0075
0f8836ba722a49aa889b8e5516e76a2a.jpg,0416
0f88a7e2ae104e86914e2f075c1a139e.jpg,0033
0f8cef318bfe4063aa084c9aef81edaf.jpg,0462
0f8e4d38190d4131ad959438dcbee61f.jpg,0131
0f9027b1cd144998913bb6bc41f61257.jpg,0088
0f90be13af7a4a6e9c7975c522ff7f1f.jpg,0476
0f9123157b6049c68fa81751d44e631f.jpg,0006
0f913ffe6f5747fcb40fefdbd99a8fed.jpg,0187
0f9492f089324a20a4db148d6b304e17.jpg,0125
0f95403c3be8457e97a3e2d083594162.jpg,0243
0f9ad5358d294429b405413d80e54109.jpg,0174
0f9b1c1f613d4ced87c3712bb897ed60.jpg,0252
0f9e63117e4b45209fd00a674eadc368.jpg,0054
0fa0fce2d5994fb386e5ec0c36576f48.jpg,0089
0fa2f40c9b8940b1bc76aafbe0c8fbc1.jpg,0446
0fa4c56d5fed461d9a6ec2361f272e7f.jpg,0416
0fa741a1b4a44c17890d8b6a03866885.jpg,0266
0fa9e9c950f64e2a8737a255b723f942.jpg,0361
0fab8af8d05c408a93ecee79e8c9cc4c.jpg,0125
0fae8873620b4060a3b1236091b2b01d.jpg,0162
0fb09fa8c0be4d05be6052b3ce27f4b9.jpg,0453
0fb20d82db244848961094e1b60e802b.jpg,0423
0fb47907048a4d8f9d1a7b7ba5c0df78.jpg,0245
0fb6bb4087934b0ab5c6af4dd8a046fd.jpg,0323
0fb74ab00c8d49a4aa8fbdc564ba89d4.jpg,0196
0fbc943ebac1413f8797759aacf345cf.jpg,0290
0fbe804f7d6b4c13a71fa8c388dba4cc.jpg,0042
0fbfb2cf505b41ccbe6c549c9b7d8105.jpg,0250
0fc07d4ea4e74438848c6ca023df4569.jpg,0140
0fc08f945bb2482e8170b6b954d64ffb.jpg,0089
0fc097e15fe04d6296149d333c33365a.jpg,0350
0fc264f508eb444692e247307ccf0393.jpg,0043
0fc5bff63d314a6caf18f4ba22af868a.jpg,0313
0fc80afcdbd04a38b0812cb5cf8911c2.jpg,0051
0fc97263a046464bbc6dfbe347edc77b.jpg,0199
0fcd75cdd6544b6680d57b2b54b79337.jpg,0126
0fce9532938d4666b6db1db25f588227.jpg,0151
0fd70d1fece14bf58c9e681ee5b42b2c.jpg,0285
0fd9199dedb74810bdc636bf0720a07f.jpg,0118
0fe2a3c7d73c4beaa1698c39877b5836.jpg,0489
0fe6095e074f4fa98988c0698faa0f10.jpg,0302
0fe95ab4476f455aa8a409f1cf6abd03.jpg,0274
0fed1e117a4640a691ad96922f28abaf.jpg,0094
0fef26a69cff4a1289d7f7293bb08acf.jpg,0334
0ff3e02b744c4893be4da6e37698f12d.jpg,0489
0ff9b7186c5f4a5aaa32332eab6ec4a6.jpg,0223
0ffda9be539740bca89d2f2b6e39c071.jpg,0437
1000179b60d547c8b02cf575c2e314d4.jpg,0162
1000704b34a84a17a5f09b5ba685c9e6.jpg,0435
1001d48601a24ec5a90a3d7eddf9655f.jpg,0026
1005581cefc140abbf445e8810e6ffca.jpg,0290
1005cc0b60124cf19690fa2065815148.jpg,0499
1007ef458bbd471e8974b5a65ccdd895.jpg,0013
100c83fcef36401da4ae4cc524648af4.jpg,0223
100e534309a6459fa0d9b624fb5b8908.jpg,0120
100fb7688df140a2882110fd04fd7285.jpg,0367
101113f47d8948c0b5a3783f345f2263.jpg,0407
10181eecb38f48d483dc850fe3ea14fe.jpg,0082
101bfb9ce46d4b208aec3001d9f75927.jpg,0394
101c96cdb9d643ab8e1a38be0616a083.jpg,0142
101e93c013ba407ba2149ba2fe764125.jpg,0300
1021ccfe5118495c87ae58c15436e341.jpg,0313
102203702e6c40c18024711cbc332849.jpg,0410
1024d80b612d46dbb87c156c93e36aca.jpg,0349
102706dd940c41a4be5e4574c96a595d.jpg,0164
1028709fbda04d6f8a2d9c40d242f2ae.jpg,0365
102bc1a8a3794e478bd43424ad3453c3.jpg,0381
102f30cc3ecf48b9aebb815ee7da7921.jpg,0040
1033585e76f8471ca80225649d788e5a.jpg,0253
1033d509c91d470ba99bce444832147f.jpg,0248
10343559cb3f42fc92fe2eb8bbe70f33.jpg,0495
103c12eac43e46e6a73ea992be6c849d.jpg,0362
103c3a97fdb6497082e2de6665bd7edf.jpg,0005
1044c73c25cd436d93d680e62b132830.jpg,0001
10462e7f78ac42249cbc6cc2aa096a21.jpg,0063
104a88cde2104bfb8b3dfdeae9428eb7.jpg,0007
104f6ecc817e45309dff8086aae79bd1.jpg,0373
105786d4702d41be8c917d7fe417975b.jpg,0130
105bb068e9c14689aa8c61d9ab20cbb7.jpg,0403
105e3f50a69741f6b9e200d353cd913f.jpg,0257
105f5368cd0f4895844d75dd8e75d9cf.jpg,0002
105fa83e516040b79dbbb811bf22b12c.jpg,0366
10666e11a0c5449ea77672167258827b.jpg,0016
1067b7ddacd8437680c313fe77709a58.jpg,0119
106b49370d754ed3bc27850b3c0fc971.jpg,0044
106baaacf7224dcabb21ae79e36b6f10.jpg,0030
106d531460d844369f140f74ab57f8da.jpg,0227
10725199d8aa473d8369cd4e35f329de.jpg,0175
10726cd94fba4f0ba8f184d1989d49e4.jpg,0214
1076748f61ec46d7ac6c8f84f9e552da.jpg,0144
1077cc81004448e0b465dbd1e524d752.jpg,0017
10802bb459b14f5d9e1bd443884dd1d9.jpg,0482
1089f52fe05b4e119e44f69418201b51.jpg,0100
108b65592bf14604a93e0a59ffd8a37d.jpg,0195
108ecfc81acc49528bade877b729b8b8.jpg,0323
108f1209244a46219af4be52fd6ab6b8.jpg,0288
109007132d8e43e1820463e459e1bba4.jpg,0039
109052d175804683848ba63a21415eb4.jpg,0108
10913c08fe7940598facfcab5a4de36e.jpg,0181
1095b838681d4a2b9911fb620e6b6299.jpg,0129
1096a6d9d92b40daaaaf10e1f67b5dd5.jpg,0131
1096d415445149d58b4071f8bcd29085.jpg,0121
10986a6bc65b45e0a48f35b234b7cbc4.jpg,0228
109b4fdfba5b4c6e8543ffc7d9f541ac.jpg,0007
109c9ec7cdf04040a68671716e0e5a48.jpg,0433
10a173603c1e4e98a5abcb182789db0d.jpg,0411
10a42d7e6c1e4151a90d71923989ff3d.jpg,0402
10a431b7d9e448bf9c23f9cbaaf97679.jpg,0212
10a53a1d7e414d228ef686de871b2382.jpg,0464
10ad7fda49a1465282b36c191b8da147.jpg,0474
10add6c1fc13415392796c3951149942.jpg,0278
10aeede289c8495ca8406c8157b91fe5.jpg,0326
10b23066b4894086be82230cf202c807.jpg,0319
10bb5f2141b641d5a7eac91580d3a5db.jpg,0148
10bbe63bf4274d698455ab583d459bb8.jpg,0474
10bd06a3865242cd8851511e89db4233.jpg,0178
10bf8966063a456083e9826445149198.jpg,0248
10c3d42c1ef9487586e3b366ff0715dc.jpg,0486
10cc12f46aae4e2687f00f983b1a35ea.jpg,0249
10cc5de19c6447be9740112410d7122a.jpg,0269
10cf36382a93491084b06dadcbf8ca27.jpg,0098
10d53a6641f6451fa5c0ff57d901d5b2.jpg,0047
10d685c85da24d51915923c92de0a18b.jpg,0327
10da037d08274d52bf34c828988e6875.jpg,0075
10da7673d7d54979a1806b5c6d2d97e8.jpg,0401
10dba5a2c83f478687251d2c0dbe2d47.jpg,0491
10e11a69c03d49f39553cdb833cc6b7b.jpg,0290
10e945ee264e41ca9366daacde5d662c.jpg,0116
10eeb46a222c40248c768201681f6ce5.jpg,0393
10ef1a698a724f1f9406238458685624.jpg,0237
10f5cc49e0f7443782819a92087afc6c.jpg,0480
10fc1d8d408a471283da7fbc9cd4f5b4.jpg,0394
10fc5e6e8f7642cd8405aafcdd9b8ca2.jpg,0119
11005b8759514cf089e64b53cced5167.jpg,0133
1101d2296d0449bdb65267d64c3e0471.jpg,0057
1105b0e3a10f4fad9b470e8913da38bf.jpg,0115
1105fbd4bdbd4ad6a53c90ac17065657.jpg,0214
11068b702ad845c09b9991dbc44231f4.jpg,0433
1108e5f6a65349e8a2d52efe69e99cae.jpg,0228
1108f176cd9644f8b46b10b5401d6f49.jpg,0473
1109564374684e54a6299937399d0eca.jpg,0397
110c12d1249541f691e719a61738a8b3.jpg,0162
110cd3fe4cc74cd1b04eec6bd9f7e525.jpg,0385
110ce5aafe174ad4b94d0838a71be297.jpg,0101
111100f3ac5e4e03b0e7776b911b50a0.jpg,0117
111229b93d7749f9a5369f58dc2ba760.jpg,0460
111495c347d842c4aee5e959fbb7ba6b.jpg,0337
11149cc4af7241158d70db7dc98988d5.jpg,0315
111f1122fc7d47a99bc2417110ff7c53.jpg,0265
1120aa03a6a04b62a63d3bebdc02cf60.jpg,0274
1121627d15a540bb8a1af0209bcff415.jpg,0483
11231baf987d45b4b9829dc50ace642c.jpg,0248
112610baa5324d23989b1c37d7657e8d.jpg,0133
1128c1b21d9447fc937875e0fa8117ac.jpg,0488
1128f66f746f4b5794ea2585cd92f48d.jpg,0213
112a21988df94441a9a3aef9b0d34903.jpg,0217
112e60ef2ff641008394ea1732ab15f8.jpg,0328
1130e3e72bc648f39f1c225f7369fecf.jpg,0353
113239d79ad44fad93d9846771aef99f.jpg,0283
1132683091b647bead336c18615821d1.jpg,0080
11447d4a0474487990a60ff40420d767.jpg,0160
1145fa4215bb42a6a3e6f584e8774699.jpg,0301
114604e3c5a048bf9d46ecba84600ea5.jpg,0394
114824f7f3e1449698c1dfe22123d3c6.jpg,0498
114d52f4476449e58ee26484c7fc6111.jpg,0407
114dd8a15df6472cbaffa51ad7235b66.jpg,0102
114dd8eb0b98472c949a14da404430be.jpg,0454
114de5b4b0fc4b5f97ed15a8ad6b2e26.jpg,0034
114f14f9f434421096ee66ec1b9395bb.jpg,0100
11521611b0214aaf8604d06960f2ba28.jpg,0191
115ae08576e14041a2a0cf1177b05c63.jpg,0412
115bba28bb1d4729b106276b91eba037.jpg,0235
115cfa930ae84128936fbb942c4b5407.jpg,0282
115e620c11a04eb2b4bfe36bd9d435ad.jpg,0034
115f9de41b1a42bbb6a3c1e7ebdb642e.jpg,0300
1160f5364a3a4dd5a034c8961e67b012.jpg,0046
116234aa82ba489e8f99c1a956781203.jpg,0383
1165ee7741cb47dea8a8e12e4a51fe9a.jpg,0183
11684eb807454e279a10c5722d5f3866.jpg,0146
116ab17ef5a54a8084f42f8a1af46ca5.jpg,0318
116c582a4e8d455b986250256f347e1c.jpg,0319
116de841225b41cbaa1b9676b39232ae.jpg,0227
116ea05a0c434548bea7adddfa253a74.jpg,0423
11709d9bdd214a34bbb4f5ccea729a89.jpg,0201
1176c65bdc5e4669b284e6d7241dfe72.jpg,0195
1178ae777e594c628a2c6b07d4a3b257.jpg,0004
117ac280c0564f1997af15e5cd778e97.jpg,0496
117d175a99d24af9928d55c389f4072b.jpg,0335
117fde09c6a34a9a99dd3882598542e3.jpg,0320
1180ab5163d84dbe92e43b14ba8e7c52.jpg,0411
11874dfb6fea4412bae0b3a85fc77882.jpg,0005
1192c60ad5184a9d974185f30a8c7625.jpg,0065
119449b72f35426f94923fed19e6e9ef.jpg,0360
119820b456584bdc80455b82888cefaa.jpg,0212
119e10a54bb346878e62c3c107879439.jpg,0037
11a6cfeefb374bd6869a0d1157bc8ad2.jpg,0327
11a7e19461a944f4bf6a3bcf899ba45a.jpg,0119
11a83546a91743c48a66f5cba45b89b3.jpg,0132
11a8ad9220314176b827646dcf800eb8.jpg,0498
11aa85408e0742e48a6dcaa188d2bc99.jpg,0215
11b3cb562d5e428384ad2db2aa96f0d2.jpg,0044
11b61451636c42ba8ecb0eeaabbb12dd.jpg,0336
11b66d5e8dfc482db7037ed2444b2843.jpg,0035
11bb3729996a4e87bf27d7a73a423790.jpg,0343
11be2c619c6b421fb651b673b529b51e.jpg,0276
11c19fa70042473883a053800392c739.jpg,0018
11c80049167b4efea717fa5bebaa15c7.jpg,0453
11c86fa4c8424a94b52795feb9e90fd6.jpg,0076
11ccc7de4b38411c8ab8b4f46780ee11.jpg,0055
11ccd20074f9445aa98e8460739a5a49.jpg,0087
11cf28271ab34da4a5373e8bb6bed818.jpg,0430
11d0fa55ef024511a2d984042d1cfa19.jpg,0162
11d1db2ecc4c48f19f3a9e773f80b001.jpg,0134
11d1ee66a1714e27a24bdd2501278784.jpg,0462
11d52e473e3c4834b7d30aeea15d336e.jpg,0101
11d7c024274d48c1963860453053ef15.jpg,0240
11d8305c6cb746589bf946aefe9db2bd.jpg,0453
11dd89ebc8564c08a72cb3ca804b5c91.jpg,0387
11de6a2e7e744670a61a809cc122e34f.jpg,0239
11e517541d524435bdaeb983e34bc7d3.jpg,0042
11e54cf4ed254f1d80e1530824300d8a.jpg,0201
11e5c861fde242d4b73ae087847462a1.jpg,0014
11e6e14ee65147d6939fb2ae1c3020b0.jpg,0039
11e805fa5eed4301b1124a11d08c340a.jpg,0277
11e86ee896e74f098fab06b0f4c65bee.jpg,0217
11e8e896554c42b3b982214bf302dfaa.jpg,0124
11ea14bea8804e73801a2602a300223b.jpg,0119
11ed8738aad148c2be7abe4e887acd84.jpg,0301
11f28f70f95c4a3ead5977bbeda12089.jpg,0339
11f32f61bc7246c9bbe1a05e59d49d59.jpg,0094
11f3b97bbddf45baaeb1dea73ac028e7.jpg,0143
11f7bd9c34ec4914b67fce72d33ca0e5.jpg,0339
11f99a5e4b0a4857b3bc0b56d7d2f227.jpg,0394
11fd5cd4926a46918edbce3eb11314c7.jpg,0298
11feaeaa7d5c4eaf92be438c2a33d11b.jpg,0357
11ff75f0721144ad998b26ef0651ea8b.jpg,0035
12020a9df53a4c029e98186c44bd353f.jpg,0034
1202ac55e7e145b7a7239aa4a56af420.jpg,0074
1206ed90b68a477ba61dbebd2ff57062.jpg,0478
1208a03b86ba49fd85fde2095e585316.jpg,0171
120b4179ebb54108bc6ad8f2074540a2.jpg,0213
120eb6ba556843cc99b849b1587e6ae8.jpg,0054
1211fbdf8e1c437cbd488d8de74747b7.jpg,0289
1214e5b0b1134ecd9717c2410a0a41a9.jpg,0150
12173b6a8c354ba9b815664cbd782d49.jpg,0343
121a931c3f0b4a34888a755f1d150d20.jpg,0398
121b13ad10e34632a7002db005fce55f.jpg,0182
121b2975a596425a9c3dc4f73a3d57d5.jpg,0338
121c4df38ecd41dd89c7a4c57ebb4566.jpg,0308
1222c69167e14fb1bfa05d466d413066.jpg,0193
1222f5ec1f0f47298ec3901f5c4949fe.jpg,0011
12240f31e139464081cf460fd5d2619a.jpg,0325
1229ed73238747a79fbe25ff513f65cc.jpg,0277
122a261a3f11464b9ed8d5e62a3c8d8d.jpg,0047
122b2dbeaf924209bca20babd1d4c672.jpg,0348
1231a33f064f42e2815ec87dc35af869.jpg,0061
1232472a375c49428d120777b2e9bba4.jpg,0432
1233446972314ea3b7ddaf4eaa2d6c6d.jpg,0040
123597ca92ad4c90b8ad3de9be978abf.jpg,0353
1236b5878564451fa8956f266e02e747.jpg,0459
12381013c9614a1ca3bb81f544a99c0b.jpg,0183
123c3eef07f6445c8fc7511a0650db0c.jpg,0126
123d132ee6654951b90222d202c3d9c7.jpg,0450
123d69a1ef6e4f1f9c29f53fca825420.jpg,0275
12415152d0024bd89d78c4799cf593a0.jpg,0161
1241b893347a47ada00d40e327819dd7.jpg,0391
1249aa3dfb864768835c2f99134efacc.jpg,0283
124ba04308ff4d0988427afbe3ff5dee.jpg,0245
124cd6b463fd4d189ef787948c7a4574.jpg,0201
1251176b35ef464f9eb65eefaaca62e7.jpg,0309
12542fc44e6a4b7b96c311d2523cefb2.jpg,0224
1254c621788a4d6894a7be6108d61aa3.jpg,0482
125741c733ef4203bc3ba80b29231c67.jpg,0299
125ae4a0cf5b423a8dc57c2ee47b3ae0.jpg,0301
1265e52690594d61afbf1c65f02bf216.jpg,0100
12684e2a702d4cd880590cdb5dcb0d1b.jpg,0253
126f693a3b5344ada1f659dec514209b.jpg,0463
127037d9180946de9c55ff5cbf1a9617.jpg,0398
127327775807491594865b71ba536cd6.jpg,0051
12741cfed79748cca1c409e6abb98e5f.jpg,0482
12781a5f6cf74c0f9b66a9c0a4eccd06.jpg,0056
1279ea9089024a059586ec5861aec0f5.jpg,0410
1279f869de294124968eb0710896947a.jpg,0471
127c29c7113b4691ae6923928de8d594.jpg,0009
128325f0888749a0b5ebc9972ba95690.jpg,0066
1286988ef5414bf08502296a320f4d5f.jpg,0179
128abffdd2724536aad183a851e4da18.jpg,0355
12909cd0088f48a4b4a0ffcb0a10ac4e.jpg,0063
12932a973321493084397ac5eccce1e1.jpg,0189
1293bf114c364242af67525f5148646d.jpg,0069
1298493cb59a4a76ae83ca30eb850e87.jpg,0433
1298f8c486344b75ad23fd959cbcd07f.jpg,0193
1299e5e3544e4f20ad998429c6d81b86.jpg,0139
129b350a2366441d92a5677b5938985e.jpg,0483
12a534f5a4554fe9a037fd1aba47b4b5.jpg,0316
12a618f742c64e5d943cbc4587343605.jpg,0285
12ac0b01ec76445cb014e0f3b3e485b1.jpg,0070
12ac7d8a664b459aaa4323730fad691d.jpg,0071
12ad33c102d0498b8e7e333dfbc29e14.jpg,0074
12ae6b8f45ab49f5aa4adab68f655f3b.jpg,0326
12b5d629b2cf44a3841d51db630ae01d.jpg,0204
12b7f0da5b864840a932291d856b0e94.jpg,0215
12b993bdb531475e96f01c6dd480159e.jpg,0205
12bccb52ca644cf0877839abde45575c.jpg,0130
12c3bc9c84064a1ca8c4a0e3c51b17aa.jpg,0488
12c6ecfa48b64e4588f5cdf38d342201.jpg,0258
12cfcd5fb5b74048843cb17184979184.jpg,0403
12d27fe15edc49b98fa7815f581b9ed4.jpg,0079
12d48bb653ea41f7b3c9991a482dc0ad.jpg,0391
12d52a38a6854152a526a6c13c930527.jpg,0158
12df9d7cc141428ea406ed066183fbd0.jpg,0146
12e1233cfb8349f78022557923612efd.jpg,0163
12e2f475b5194453a9ffc3f244e36794.jpg,0058
12e317136deb4d5b897c5f4808ab0a27.jpg,0134
12e8941f6e6f4a5aa841d9a32451d066.jpg,0320
12e8a29b357d4defb2eefc3f507dfc06.jpg,0313
12ea1d17bd2b46bcabab60a05dbb44ae.jpg,0146
12ecc47d1d82421a9fac70456a164ae4.jpg,0237
12ed0fa08f92488999c3eb582d2e6fd1.jpg,0148
12ee153c3c1f4d728b91f37d78f40db1.jpg,0171
12ee3269a6d54f0d93b8c2fcd7e68769.jpg,0005
12f044137c5b452b95b8d957d28f959b.jpg,0329
12f0b8f77a3d4763842495ae64704062.jpg,0089
12f43b24a9cf49adaf3c196eacbc52da.jpg,0242
12f4983c3c6341228a636bd53f3eaa54.jpg,0062
12f7010d9ec74abe97ffc45940e2bb00.jpg,0197
12f9495a190948d18c946b28e9ed2e19.jpg,0237
12fa0478880145ed8dce794345b88943.jpg,0441
12fa51a5dc424f86bdeea4cf2bfa39a3.jpg,0197
12fd39f7b13642f3a8b4ca7d730423c5.jpg,0202
12fe461caa85499289d00f981a3a5bd4.jpg,0098
12ffab4aff034de99e752fbb35a79126.jpg,0388
1300acf13133468a87ac8ef7df61114b.jpg,0496
13030f7dd2764c86903047c190d86889.jpg,0015
13042cee80854ec5a0bd94386e97e8f0.jpg,0287
1307cc16fd624b0eb80cb8a16ee6d307.jpg,0297
130ad325b9fa479dbb8c47037535d338.jpg,0368
130c9717983e4401b9aeef2d98ed6cc4.jpg,0379
130fe703e4bc4a14a2f8a88a9424339e.jpg,0375
1310dfc19e99431191436655ad7f2fdd.jpg,0330
1312a62c043c4161af23a307d20665a2.jpg,0242
13136fb9fda247aaac44564356148b46.jpg,0170
131506ffe7ee41ef86baaa8516c89668.jpg,0404
1317c74ca2b94e36aeb4cb5574fb8494.jpg,0087
131a9cec41b14593a834762e345db1a4.jpg,0362
131c1204684846b6952eff8e62278e21.jpg,0122
13214eaf9bf24fb5a27737279baff49e.jpg,0464
132482438f684091b350881b2ad0d12b.jpg,0369
13275c2d32a0429a8ede115e9c0a9465.jpg,0046
1336c545695d4e459c340a026a2ab374.jpg,0447
13374c3031b44a4db3fe2a3e4e985127.jpg,0337
133a5a44771c49b997a62041192b6971.jpg,0049
133b4034c9134c1ab65a45dcccb30cb9.jpg,0185
133cd60527f3496daabec8f00ddc16d0.jpg,0149
133d11d8cc1a45ca9bafec150ee922e1.jpg,0412
133ff251865e4c248d69b5a2615ef50e.jpg,0042
1345c9948e0b41f8a00acd6ab2dd74ec.jpg,0109
1346e07976ff49e1b5d9917da8b999ea.jpg,0372
13474bfc68ec490e9d55f31a55fd4073.jpg,0285
1347e01ceb3e4fe59df4ec8d65ecb4a4.jpg,0243
1348d5ce2a0a48b9b8fb2a5b7675c006.jpg,0365
134acbffd1c74e449b869899a0409a72.jpg,0235
134d12103b7648498f87efdf78d0c256.jpg,0289
135398c99181482c98668ca8de411500.jpg,0203
1355bcb80fdd4f83b1a8838b5663064c.jpg,0258
135686f112fb44cd9f36d0fb2c37cb5e.jpg,0178
1357d92be6c94b3e9cbb3fe617706dc5.jpg,0124
135d8c6863ad48488dd6a54d035a6faa.jpg,0289
136112baf8364f4a8ff6e471a1b21753.jpg,0157
1367e50eb14347aa95e01fa2b71cee0c.jpg,0490
136978d82a33493fb5de31c1ca033611.jpg,0242
1373679870494e8383cd41fb1c4f222b.jpg,0266
1377d1818f3c4de990661b456ff84fa2.jpg,0016
1384ff7758634fc8a43da24cc9e9e47a.jpg,0490
1389205013e649579ab252dd6709130a.jpg,0026
13900846e06c4a06b2c5187059ce2215.jpg,0297
13944adf1b094309a7ec952fb0b7f760.jpg,0244
1395b8b3c5514b6c9212b36458c6a53a.jpg,0385
1398bd48bbf34660a9a0e632cad78ce5.jpg,0064
139aeebec56f4ebc9c1fdaa6dd82089e.jpg,0442
139e10582e5e408ebaa7f05296ee613e.jpg,0205
139f4758a1cc486592955a5f31e60cdf.jpg,0155
13a18966f0fe4f9084a7d8bc554fb07d.jpg,0013
13a453659bfe4cf2b6112031a57eb1ce.jpg,0415
13a968c1828b4cd58ee0a4220b5c161d.jpg,0474
13a9a6e1106c48db87238d615daabeab.jpg,0428
13a9e9d991d342f5807d6ea99c0c9845.jpg,0495
13ae9afacda043e5af502dd0a8ceae33.jpg,0422
13afda453d47412c8adeee8dce94cff6.jpg,0253
13bad069aec64c569ba6884b934e4c50.jpg,0063
13be458201b5405ea0c6d765e5c9c73e.jpg,0142
13beec5cb8064d18836158ba8e105ef9.jpg,0203
13c0b01f876c4047a441b46bcea5d138.jpg,0115
13cb54a155674cf1a543fc93f58013ec.jpg,0012
13cd13e8c71f489587d068b41aaa31bf.jpg,0323
13ce2bf5aeab4628b4f73c90fd28c7b3.jpg,0149
13cf938b5ca14402ac1f25ee1356a509.jpg,0392
13d1c1ef41f84e638468fdaa307a644f.jpg,0113
13d9f4a5464949468db03d8de42d3094.jpg,0246
13db7caa5ef64b409f6e4c09ce9b8686.jpg,0475
13e1ca07a2e34c6096f0991e979df641.jpg,0048
13e34c81b6634bc09b3e9591ec884b69.jpg,0317
13e6e973e2054f04b7225f4eee8ae1e0.jpg,0497
13e91114273c4882b8db6fc20c642c63.jpg,0172
13ec82cdb51b415daaad5570b66909a5.jpg,0245
13ee0239866d468ba40cf83dd580de20.jpg,0338
13f0618a04b44442bf1ffc5e6112afa6.jpg,0219
13f38877184349e6b9282c989a6477d7.jpg,0484
13f4e0ce5f38434eb3f59b044aa2a830.jpg,0077
13f67dcf7db84aafb54643111925272b.jpg,0060
13f70111e9f443b2ba0bf7d1be3fa2c6.jpg,0443
13f7232a44c241a2a832172d267c8bc7.jpg,0245
13f93cd7649646169a88aab0c6964055.jpg,0215
13f9b14a8d504ab4989c033062f910cb.jpg,0386
13fa5b3d5a5d4bc5ac5943677cef9b73.jpg,0422
13face1693d74332ac60b3b79498aede.jpg,0332
13fb0e5b91914a65bf6abfbbc10a5a99.jpg,0052
13fdac133ba34d948b851353c03d5d75.jpg,0187
13fe886ab414425089039db737c0d345.jpg,0274
13feea4e54294d08b593373865983d1a.jpg,0117
13ffba5f6da3499e9e1684da283d8bf1.jpg,0195
1400b3ed39724aa09a8eec525073d0b8.jpg,0087
1405c5147e3e47d681fe900bb0b2c70f.jpg,0117
1405e2424c5f49b2bc873699efccbeb8.jpg,0368
140669914b974e2cb76803124958b866.jpg,0301
140759d30e8748c79fb527ba0f3d8977.jpg,0137
1407860259544a3db5c07b40af1f50f1.jpg,0004
140a0b8de1dd4efd8db2e3befd79a51c.jpg,0089
140d1aed38814eedbb419f2a003a5ff2.jpg,0023
140f60b3751f420194011e4240898686.jpg,0124
141338c97ca2426e9770b044465fa228.jpg,0263
1415fb556d9441c68a0fd3538d8021a6.jpg,0148
14166b979a37444ba1b5a4247f07acda.jpg,0466
1416f8be1b4f4ebca68ecf27c4bf4590.jpg,0056
1417a6017fd2422ea926e12eb0f04383.jpg,0320
1418f5a93f3c4f23a9a6ecd5890cae7c.jpg,0441
141d9f1adb514417972d976f6b5aaae4.jpg,0098
141dea95b8cc4a6f9f9fb7dcef17be7b.jpg,0450
141e616736e44d37964215f9ddb85ae9.jpg,0124
141ff45f24f849e09bc7181ee3dba5aa.jpg,0155
1422f3aa34f9485d9c024e9ac2385081.jpg,0245
1423934cad4a45efa785d0304b5265b8.jpg,0378
1423dc350661488cad9116ca8c079811.jpg,0096
1423e9d212e44cf5a8d3e8c865e793de.jpg,0050
14252e3c1426461280389f7e88a2e4d9.jpg,0403
1426e57391034446a637c15f8a58538a.jpg,0377
142a76b2a86049abb9b27105d9815915.jpg,0170
142ab77afaee48379425439313a2879a.jpg,0283
142bed8613d3491dbac1e372c482b82d.jpg,0101
14309c44e3404d848929fcc725568689.jpg,0191
143425cded4a4bcba0dd0b47e5d6c399.jpg,0378
143ae3a7c1c74c02b412b03576ded664.jpg,0219
143af2eaec954000b0668285d2332a81.jpg,0145
143b28bd4a3e4fcfb5951449a15abffe.jpg,0065
143b797814b54ab59eba38218f6bee19.jpg,0034
143bc29f071340cead71076dd8a6deec.jpg,0384
143cde782c204224a33a2e7ee2e84cb0.jpg,0239
143e3cc576c042c68ed747227a872bb8.jpg,0013
143eaafeed654b36ad548b809a81e4ee.jpg,0487
1440335249d14e7191c393dde2d064e4.jpg,0261
14407e9fd1f141cba8860094cdef46a3.jpg,0221
144549279ddd48d3862b330167095a71.jpg,0359
144680470e224ecb9d9e4ac38da85c83.jpg,0122
1449d9e21015485cb3becf22729d9f40.jpg,0300
144aea7b041a45dc887c136c9a4c51ab.jpg,0029
1455406681c848839ed990486ae64744.jpg,0322
14567f4eebe34ba7bd39b32b8e982fa1.jpg,0293
14568dea3bab4236a5708e5a7d2d90e2.jpg,0468
145b632174764d1281e748fcce37d160.jpg,0347
14617175972c46b29a8731e37883065b.jpg,0363
146462e0dd5c4d08bc93bccd642c06da.jpg,0004
146543ef4e52492e82be3dc7af7b343e.jpg,0003
14655d71a1c942209b67ce9cb864ab6b.jpg,0320
14689e3bee73429bb47f7d775c42e22f.jpg,0043
1469357d191c4690b8df7dd29b26cc85.jpg,0123
14698ec92a934e69b2ccd17dc4625880.jpg,0138
146afc48df8b47d8971ef7d138f28bcf.jpg,0011
146e9eb255084592a4d8489f4e5ac575.jpg,0433
146f4d1b675e49ab82566bc46d35e924.jpg,0143
14739ae2260e420aab891889c40e18e6.jpg,0129
14758635999647d08e50ad89908bb0b0.jpg,0401
1476123e34c94bcf839bc934ec08c2b6.jpg,0195
147dc19461624597b1b01f6a97cef2c9.jpg,0353
148494f125ff4628ae37e9a96ed4eca0.jpg,0186
1484bb6929ba4f6db359d83cf58b6160.jpg,0279
1485f35ad5ea498fb945583c796093c4.jpg,0146
1488ac3157be48bcb0814223911cea5e.jpg,0125
148e90d0cb184f9983a3bd5b9feecab4.jpg,0184
148f33bbd4a6484a9f23e186774feb96.jpg,0291
1497331ab9a6428284c97ac51e861409.jpg,0310
14973e5ebb9f49d8a5b2a68b2f547e61.jpg,0452
149b0d3ef159414193f39571be400b88.jpg,0069
149b5a5629a34f88b2758865444c7ea0.jpg,0093
14a3349514df48768857a8b5fe30718f.jpg,0189
14a4566e6bd44bbc800dc66ef88a6001.jpg,0283
14a5d5013ec64253bfdb2ad59c81cc7d.jpg,0171
14a8f0f6ce9b4ba287b576ac3d7b29ca.jpg,0001
14a9bfcc157844b284c359039c664b69.jpg,0030
14ad864094a542e0a9f9794663b38abd.jpg,0294
14add93bf69f4562906e0ef2d242184e.jpg,0039
14af1f4ee1234cdcb8049c1e150d6970.jpg,0067
14af54910c64480f8ac4b661f18ddef6.jpg,0457
14b096168f074772879c6021784da579.jpg,0182
14b1813c127745b39a44179f1a2f5c42.jpg,0309
14b3c6d588ea4ca3983b8ff4fd2f8bd7.jpg,0103
14b708969e8348548727a93b385d2a7a.jpg,0429
14bc1268fb154003a1dbc2e121406215.jpg,0476
14bc13ed245c4151aceb188634078e18.jpg,0174
14bde63edb7a4469aeadcd0cb0185f7a.jpg,0173
14bdf0becb0547678b2b28499dbc5b70.jpg,0001
14c200ba9845479fbf07b5eabacf2576.jpg,0127
14c4714639a847b7b1b5a77b3a4a77b3.jpg,0443
14c5df1fb5294e3f8729854fd641e3a2.jpg,0366
14c84e65b9834c84876f02f3a8fa63e7.jpg,0151
14d14f3a143a45f5bd7873c447907b60.jpg,0488
14dee3bf2f8c4776b4b3edb00130beb9.jpg,0407
14e2e8774c3646dc97ead7e61a583275.jpg,0019
14e419ed512a47489ac367f79f8b1a8d.jpg,0419
14e4e0a75e0c4a6ca3070817158383a7.jpg,0192
14e76f8a9c7e4422becf1ba0daeca0fb.jpg,0281
14e7dd6dacd94503b0e274059d3d475d.jpg,0095
14edc0b49dcb43e3a754b43e90b1d762.jpg,0367
14edfc982a7a4165897266c7cdae6836.jpg,0421
14f0ddb6bfa44a849883adc602160cc3.jpg,0483
14f2b76fff1247959e7a863ce589a2a7.jpg,0266
14f40ccc07cf45228f74942eaed01c1a.jpg,0159
14f693d50f5b4564878fa64de05baf20.jpg,0048
14f798f4a2474497be1605b1dd986bf0.jpg,0092
14f875f416eb433d9cc991d615b5073a.jpg,0161
14fd8da6142d4e42a235c38c05cf1303.jpg,0037
150122f2382f44969b026522c967d2b3.jpg,0267
1505a06edff244c2a8ce663f85faeef2.jpg,0336
15061b1ec98340b58ec8841649bd0dab.jpg,0477
150ca920771d48ad829175856d67db9a.jpg,0003
15110c4b6e9745248398b5761eaa1ff8.jpg,0235
1512041563954c0ba8d7a21bb61bd6c6.jpg,0423
1519cfdb305d46fea7d6b76f85331885.jpg,0339
151af8bd9882441b9b712d1f7530ffbf.jpg,0083
151ce60c40f84fee9711b610c9db8b49.jpg,0069
151ea722c13d4ef396c07f029e5baf67.jpg,0055
1520624dfbdb4955907b1da1ab699811.jpg,0452
1521fd8fd3394139ad459f5b47399e6f.jpg,0442
15248b6921804d75b7cdb4511447a331.jpg,0167
1526d4d1104845839be78f574f9f1368.jpg,0001
15276be88f474b9da586949b347692d6.jpg,0188
152a862cfa074edca84ea412faf12c61.jpg,0245
152b41815cfb4d679e68661bc4effbbd.jpg,0470
152bfc23acfa466ea720c3287480b03a.jpg,0212
152ec06273ff4d07bfb040225e291f17.jpg,0127
1531a32183514c5fab0673cae2316fdb.jpg,0325
15396e9f73f247a2be5a568ab42daac9.jpg,0121
153a9c6ee79a401fa973d96ef668cfff.jpg,0496
153c6faf5c2948968302593c8601e06b.jpg,0235
153dc3bad5374bd3b4b9d60014281f6a.jpg,0047
154576333bac4abcb6626b1456c4b21c.jpg,0308
154995a228694327b84967ced7e469dd.jpg,0437
15531c6d46184453923306d66e3a6324.jpg,0481
155383eae3d048edaba4d0879f9bf9c0.jpg,0092
1553935afec5451bb65ca2c80320bdd6.jpg,0096
15545768ff6a4471bb8362f0d9044a0a.jpg,0359
1556f69853334760a2d96aba0f72dbba.jpg,0117
15595f23aa9f4c02924115ca0082d24e.jpg,0182
155afd0147134b438714dba79bafd165.jpg,0077
155bc88b6de0434aa8bcc308e55a5f06.jpg,0194
155d19e8d2d34a218189828fe5859995.jpg,0350
155d956ab8a14e18996893831ca668f1.jpg,0073
155e5738b77343c3a302f57642cedd9a.jpg,0078
15625c67e2794ccd85a437fea409a69b.jpg,0316
15636b65bd36470896764508e1ec5d52.jpg,0396
15657ba0eab74b56a3529189c9068c2e.jpg,0456
1568fc9045e14bea997a84fec4314360.jpg,0415
156b294b26e944e788faae6f82e8f22e.jpg,0261
156b76ed21de4527a123cfbf12760163.jpg,0482
156d658451854e319b5395436b6a1550.jpg,0431
156d913af8ec49878ef312116cb02f2c.jpg,0149
156f8443efef4f1c86fc2e9f16ea3b69.jpg,0319
1571001042134ada92b439e55f40c669.jpg,0431
1576b8cf8d9f49dbaf3a166200e7b107.jpg,0124
157a1010b09446ee9ff691b06c465f7e.jpg,0163
157ee756c55f45a283237db65b4f9dde.jpg,0138
158067e1f890430aad2a84ef38ebf125.jpg,0092
1580ab190925483da7e5659252bbb2c5.jpg,0003
15815bbfee4a41f893e1303590aab778.jpg,0195
1586052a2b004a4fbad57b56c50ab60f.jpg,0268
1587efcd0f214bb28fb91de8f486e06f.jpg,0462
1589ba048adc4e9594f0b1f94dfc0715.jpg,0291
158a93345d6849afa7d76cc053a53937.jpg,0044
158c602eba1746988268e1aa991fbcc2.jpg,0083
158fc837b4b0481a92b70b83a005383a.jpg,0181
15903ebbb60542aa8b27ca24bf17fb21.jpg,0419
1590a2762d4840fc81f6d87be655969c.jpg,0440
1591d18618d345d79d8527fde97fa12a.jpg,0007
159207dd66d5452aac7f3a0d999cc6b9.jpg,0042
159750f60d4d4997b6197e5400a24cc9.jpg,0398
1599fa61df6943c994402494aff675cf.jpg,0410
159b2186fbf547799f101f2327176644.jpg,0220
159d0cf53a0141e4b0cc95227b9bcc59.jpg,0448
159f83d7da6347fe8803f806b0a99b88.jpg,0132
15a2191c1e214d60baa11c661189dfa2.jpg,0108
15a3136500e54c249426216a5b2861f4.jpg,0362
15a8986645104854ac014b0e1a83b317.jpg,0397
15a97cc83edd4d1fae4d80f0d707d4e2.jpg,0174
15aa6ec9663645e4933a08ab7848193f.jpg,0465
15ab22c18c3d403986b2920d1ac32f25.jpg,0401
15ad4d24a3454d5ba0bdb2c7915e7cd1.jpg,0494
15af0ac575054ed09044439f23d8b0df.jpg,0020
15b212e9fafc4f91ad82d74ef3fa625c.jpg,0347
15b51bb8b0a24dfab6b379067b5c0325.jpg,0384
15b5a262ced847788c8a02bf44385bc7.jpg,0225
15b7784f62f24bb4a7d19ba052a822a9.jpg,0391
15b94d2b03dc4cc5a8cdf4a99bab9117.jpg,0279
15c394e59d9e423891853cdfa8018a34.jpg,0382
15c457d9e8a040a8864dd714ffebc012.jpg,0160
15c569a2c00d4e21bbb8c2ab04e0a9ab.jpg,0241
15c6c8024d064aaba31fc1e91ca5078f.jpg,0488
15c98725d744483ebb2bda89d16745c3.jpg,0436
15ca4eac3e50439fb6419e0f363b7224.jpg,0133
15cbc67cf0314322a521e49df6894c88.jpg,0170
15ce833e279243789e58f1e3bc98169b.jpg,0175
15cffd8ebfc14c95991e20a57df7c86a.jpg,0356
15d02dd220584f8fb4507fab2ce98803.jpg,0419
15d2e2abaf6045d4bcd57ae9d22c73f7.jpg,0029
15d329150c7c4a5ea46d175ce471bb72.jpg,0347
15d4a081445d439385c780cdd840f969.jpg,0379
15d95e4131144083abbd62debdf9095c.jpg,0136
15dcf75abb5146bd9b95b6b51998ee96.jpg,0283
15ddd432e90a4aeb93e4530f3df46cfb.jpg,0063
15deb7223a8448e6a6301401d8337f4a.jpg,0051
15dee8650edd42c6a33e21b821e86df8.jpg,0045
15df3ea313d94a18a396c47e00bc7d0d.jpg,0340
15e179586437413a9c664e23ceeab095.jpg,0111
15e37525a5b54eca9cdc297e667c14bd.jpg,0093
15e7db783f554b3c8f020d822bc30346.jpg,0335
15ec0cf1caf5451d90a3f525f1091be9.jpg,0480
15f082fe5e6640adb7a41a7b33a5e7e5.jpg,0310
15f1a441888042e591be2caf03a699f2.jpg,0163
15ff5ef82ad042e596b337175c95b103.jpg,0274
1604a86590194f0a8f82a8c46b601c11.jpg,0333
1607fc8c7b9242488a6a0a7382d43f9c.jpg,0192
1610c7976f4c4e2daee64aaad88a91ee.jpg,0054
1613a2182d4946d586f1b14713c0e0ec.jpg,0458
1614413796ea45b7b0ce7c0753bdee96.jpg,0223
1614c35b3c6348c8badcd9537cf9cd22.jpg,0370
161506988cf84ec487395a5df0287538.jpg,0133
1617067c3fb4407f8e71d7e830500f8c.jpg,0340
161a902fa8324aa7bb12eb07b115b873.jpg,0489
1625923d42444ad8b612d53d94e71059.jpg,0433
162a943a13164ec4aad6dea2a730d01c.jpg,0204
162d7ebd1a96441cbb9e4b3def9c2e39.jpg,0052
162f27bb7328451c985e2d084849dfe4.jpg,0437
16310cbd02c4449aa039ca16008c1566.jpg,0213
1632ffb8218442e2b42f7cad0b8bf2cf.jpg,0233
16344a408e6d4facaa419708c8bf2607.jpg,0395
1638e950235143089a01652f6e6b5f17.jpg,0483
163b397092cd49108eb9442054533ea2.jpg,0015
163c22eabe684c5eaae46ad127b27124.jpg,0132
163d3ba1e89d4a9fade5045e6bca9701.jpg,0242
1640512a62ea4a76a1e5017f7ab2d68f.jpg,0485
1640c219672e49ecaadc97d010d5c3da.jpg,0415
16458c9fef664b3d9c429e87f9665b6c.jpg,0239
1645c562c3ee44cda8f51524645934ab.jpg,0422
1646a800660c4de2b4d7fc6e6301bf3e.jpg,0439
164825b2fd79420ab11204e695f97ea3.jpg,0086
16491a6cf0c54c1f9a11bc0289ec9297.jpg,0083
164bc56e569343fa9d316c9f7413ecf9.jpg,0232
164dab52e9de40e2933608d23016d025.jpg,0211
164ed2b62a614bd3bdc874bfe15c95dd.jpg,0043
164f3e38c55341ee91640e91a5d3ee65.jpg,0218
164feae169284b9f885ee7379d96c6ce.jpg,0338
1657bbac0a8e4ae4b90cd90b00a2d6ad.jpg,0180
16585565ecea4c54bd46649e9ed224c9.jpg,0025
1658aed17f334e8db766c8f081e933ce.jpg,0211
165a8cc5587847568dcb2a614550556e.jpg,0443
165be2869feb49bba4fb0b820d9a77b3.jpg,0276
165db706aa09430caa87874e0206fb80.jpg,0078
165f06a9506f4ecf9767c04baeace01b.jpg,0116
1661a4cb07324baf87e960358e1ba352.jpg,0469
16620c3d61114259a012532d808642d3.jpg,0069
166338439fc740ba98546270c475818f.jpg,0219
1669824b04e14889ada6b6eb636a3db6.jpg,0205
166ae1c13f4643529aa0797b50107281.jpg,0206
166b53abc39f40e5b366c99475de1cfe.jpg,0156
166c9e956c9745ec9b2334355e1c643b.jpg,0490
166ceba53b134769b2a0f45ff616518a.jpg,0154
166d3197c1cc4873b8fd53209d175f75.jpg,0308
166f4e23fd694cba913b9669d63b465d.jpg,0126
166fe3b221764c0b96d05c3ed8e189b6.jpg,0222
1672a44efb2441b5b2b12f80a48524a3.jpg,0019
1676512c6f3f4763a42295ff11514860.jpg,0166
1679565a6eaa4d8d8d18c9dd4a513d68.jpg,0476
1679d6c9913c4038af6f111a087816f2.jpg,0076
167e1730505e4833a8ff6427ab963c99.jpg,0301
167e42c5e551482b98a02773f775d9cb.jpg,0104
167ecc8852904a6da9aa9924751938fe.jpg,0178
167f28faf1144aea81905a517fc9091d.jpg,0288
167f6a61191e4e3ebdff002b5be6d995.jpg,0316
16852578d05e4dddb00ed978d79adcea.jpg,0295
16881c2d0d534edea82be8cf5bee5505.jpg,0203
168bbbeb50f247e2a0ef712e9af58638.jpg,0301
168ed40b0f314e03bde8215b50a1938b.jpg,0193
16904245f3bf47f8b459e97d92526b1e.jpg,0266
169401b3c9d4473fbdcb76c1ad000ddc.jpg,0003
169683f91b7d48e4aa193fbce9abcb7d.jpg,0241
1699584551df4a37a4ee5c21264f5cc6.jpg,0033
169aa36844cb4ece852fb962b388ae9e.jpg,0370
169ac89e0f3a462cafd8fd5c605a124d.jpg,0496
169ff9e9988547448ab77fe19f524f2f.jpg,0247
16a49fabce89433f97a4b200c7a1f4fc.jpg,0355
16aa5d50ab104d01920271a48d2af03c.jpg,0329
16ac8eb0d50b49289ee58629feca6bca.jpg,0047
16ae03f3f583494ea2d38b4f91a2f3fd.jpg,0206
16b4c0672709476885a6f6dd2b20eb01.jpg,0479
16b5eec771df400fb423124e772491d6.jpg,0474
16b71c27e8f443f8ab02143833e44833.jpg,0249
16b745e521984407973a61acf1e82d1b.jpg,0495
16be63345d474b9d8340d89a27c74904.jpg,0150
16c5f528f876419994d2b30809871d14.jpg,0364
16cbf44b553e4642b4aeaf61840e4aa4.jpg,0475
16cd727620394f119df8db500768f598.jpg,0358
16d1904e9b544e498e0b15c309794220.jpg,0106
16d32eacb84c4b02a05d8de47a8d8455.jpg,0250
16d6cfcbab694cbcaf3ab8b2b9158519.jpg,0404
16d6e64308694fbaa56ae21f45ea9e06.jpg,0359
16d9ded3b8da4a288ad8fc4cb509f69d.jpg,0204
16dba26f9b374e2889ce3ddd45e7b0ce.jpg,0472
16e0b04b53b347029b064ec648e5771a.jpg,0281
16e24c8abe434727a78ec0c3ae7e7de2.jpg,0259
16e471916ef14b358c7fb5cf01e00917.jpg,0371
16e78b3637604959be4a314b8ff6e9d1.jpg,0161
16e9c236c1864279acdbc3651ffe9c8e.jpg,0015
16eb52469ed1460ab5079acb811119a7.jpg,0071
16edc2f1acdb4a3a977d1bf8fd72f6af.jpg,0031
16fcedb6ddc14811aad5054dc0d2cfa5.jpg,0219
1706b16620424844925b24903442e3a0.jpg,0038
1707f2ab137e43b4a66ba922eb4aee53.jpg,0315
170c145defbb4a5193f57aecba8efd9d.jpg,0279
170f4b9328404fc4ba0f8d48a633ba96.jpg,0176
1710f93d0d1a40848c75773db02c1581.jpg,0384
17119893ca4c41a1a8aa09004937b279.jpg,0267
171284601ec24d7fbcc4640481faf162.jpg,0153
1713c53c01314ac2a058dbf3629eb683.jpg,0382
1715622553e64b2aa05b063077923710.jpg,0323
17190c22f7a24029b51c7aa3eec84d3d.jpg,0352
1719a0c1f7a547c69659cc200c878016.jpg,0120
171bbada978c4e1d9aa33a18613a5f10.jpg,0070
171eda49ab0c44ec8be5b5ca553e6448.jpg,0033
1724ba00a64d4b74b5692ad99d1adf73.jpg,0335
17252fc26a4148dc9fb8ff21a17602fe.jpg,0361
17270408f02e4be0b2de457bfd51fa00.jpg,0201
172e931c59fe4317a90601ed69e071cb.jpg,0231
172edb3cb92041578afd3152b6e5ccf2.jpg,0396
1730a5b031164625967d0bb5e629e0e5.jpg,0389
1733128162984663af6e6378aaa74855.jpg,0038
1733c3c485b14e1ebeb4add66fe1bb41.jpg,0129
1734e916f8bd4c6c9858ae81a231c055.jpg,0212
173504671c6e4d2db10c7793e0bbda01.jpg,0224
1738aaa1181a4bceb195a1fc5942a164.jpg,0102
173d5d30f0aa4a2db050f8a04f53094d.jpg,0438
173e9940264543ef8ac8167e3fbcfe65.jpg,0103
1748632995094c8ea9fc9abd70f7c3f5.jpg,0330
1748ac03cd4a41fabc0697214bf17443.jpg,0335
174b0126d1ec439a8ec905303a2b0cb4.jpg,0100
174d393ceaa44e84aa91d592ed53dfca.jpg,0230
174f3d244e75499ea90e2700a181f8db.jpg,0083
1751eb2602764a4d81d0eb8dfce3cd39.jpg,0280
1752382882b647b7b4958edf30bdbc85.jpg,0002
1755a6dccbb542cc83c5d3a6073ca99e.jpg,0493
175aea9715f64673a44109367b6f728d.jpg,0227
175f6b04fd0147a7ac88f9fda2d9e8e4.jpg,0072
1765924e8d7842c49ff7375e4e76f06c.jpg,0334
1766a34bcdbe47a691065941a2e9d58a.jpg,0421
176a1bf4604842aaa9a12439d5ac78e0.jpg,0265
176cd62f63d141c7887f94ead6d41438.jpg,0319
176f3ff2416047a5931700601452c150.jpg,0255
177008886a694d279e2df45a28cf201e.jpg,0495
177246a812624065b2ce0665ab25ed8e.jpg,0033
1774cef524324641a25d7a2b037c26cb.jpg,0491
1774ff58f0ad48dfb6bc47a3770a1851.jpg,0051
17750b79110e481eaaa0d4978fb94268.jpg,0488
177aafe4e878455da3cac46e3f83ae55.jpg,0009
1789475fb0bb4b018c93f7594a71b000.jpg,0193
178fd5803cda4b93b6148863643ee720.jpg,0373
1794baa0b65344f585fce6685073c207.jpg,0151
1799085c283a4aeb8b067ab77508603e.jpg,0236
17994a7a3ac447e387a425082209a6c4.jpg,0164
179df9f957f94cc3aa9700e1098ca981.jpg,0277
179e933f33bc4d7a94f21dfb3ace21b0.jpg,0063
179f685700a44611be0ebf4785221b51.jpg,0388
17a00a1af3434a87a5893cc78d07a338.jpg,0483
17a101ca7e144de6bec917a9c79799ab.jpg,0013
17a1db7f2ea44ccd8cd0d1eca63874ae.jpg,0131
17a70848e4d34ddab4934ccaa0ffd080.jpg,0353
17a728899b79461ebe28eb7b1960c87e.jpg,0494
17a77963f3f84ddab16fd2eb6ee1e8c3.jpg,0169
17a99c4ccc45477bb137cd6cf7a825d3.jpg,0128
17a9c90a638a44bc95cc8ed73ebdedc5.jpg,0150
17aa4a6927d04d1087bdbf54b63df9a9.jpg,0208
17ab18b93bb44171b9ad580ca3318cb4.jpg,0245
17ab9e890b814b89ae3873d9471714d7.jpg,0091
17afe2f68a704cd39aa34450c9cc5f0a.jpg,0249
17b04def02cc4d9e80c375d87bcedbf9.jpg,0221
17b363dd4ebc450eaf12824b08061e6b.jpg,0453
17b576995e7a41f79be90cb0fe5b88a8.jpg,0198
17b5e1102eba4ab8881cd5d652a8399b.jpg,0233
17b63462128c4c8d8079b3093de8560e.jpg,0303
17b64889d24a47e699d08997b5a8a0b5.jpg,0146
17baf374aca042f09e3e8d7ef1f26dfc.jpg,0373
17bb2a43212d4b28950d67d5f9b2c6f0.jpg,0310
17bc2b08c1dd4aecbcb15a830a21b649.jpg,0403
17bc67f8d2984a4cba4c0c4403f0bed9.jpg,0128
17c3de76cac44eb0820c44818ea37ac8.jpg,0170
17c51b4526d142a29e2ac4909fc22ab9.jpg,0229
17ca342518f44c618bd4f548553f4a9e.jpg,0414
17ca5a3bfbf14e4286c600e16d1d0821.jpg,0387
17cae0414786415390f52988cd111b53.jpg,0080
17cca7fc902d4b0fbccb8afea3bc0753.jpg,0334
17cd994936264a6b8474dc0cdd3e9476.jpg,0182
17ceebed70b6437c8e057696093a0d20.jpg,0212
17cf829b853747c5aa02620fb8f3a111.jpg,0431
17d129a34ea84076a126c36add63a4ae.jpg,0249
17d5ae2a98e04728afb428a86051a6c6.jpg,0233
17d5e22046ee45e59c55cea3d7522f3e.jpg,0110
17dd085eb6f24adba765f335bcc04242.jpg,0106
17eb463a91a046d4b1bcc129153004a2.jpg,0042
17eb5dc7cdbf4466bbb34e936cad7f47.jpg,0455
17ed9fe4784847d6a8f3898c64fe8a27.jpg,0468
17ee25048dce4280bb99b8db5226de7b.jpg,0198
17f355ce21164244b86514cddfd981f0.jpg,0351
17fb4980f38942629c352d2e81799dd0.jpg,0289
17ff371acf6146c0925d5cc5d85ea84a.jpg,0132
180f6d6b1568461a931074f143544bcc.jpg,0423
18149272139f4f09a602aac10d03f10a.jpg,0223
18196e09e4594e26afb3567936a61f55.jpg,0026
181b132fa23146e383c532722be5d0ea.jpg,0472
181edc16570141488202a0dd45dac7ab.jpg,0193
1823b724c1b047b7bc7748bb4315a931.jpg,0440
1825233a5778469499a282df69873a54.jpg,0000
18296bdef38047d48a47ac85b954ecda.jpg,0356
1829b670d6154ae4b4c86ac79b77ff1d.jpg,0134
182a5cf302994582bb1d737458e902a9.jpg,0045
1831f7a4a2834205abe8bc40c2d4a4e7.jpg,0134
18346fd21f63425681b2a5f60adbdd6e.jpg,0394
183625250d814af294c304ae035e2ed4.jpg,0154
18367fe9e7f24a75a7b5ec24a508281b.jpg,0476
1837966553004aa6bca25dd4aaee13ca.jpg,0376
1837e3fe524d42a28ec514a4cb4561ec.jpg,0417
1839d0b504e44232b8619a4b32bf5742.jpg,0144
183c7cd47df4478faba65d57f9ce4ebf.jpg,0385
183f119d39a048deac461f603d22338c.jpg,0195
184395303f224450a4d6d3b1798749af.jpg,0466
1843e1defa7b411b96928647630bb150.jpg,0349
18440b55840b40699abea7c2a54e9c25.jpg,0127
1845c6b725c44477b8f86f49913c8c3f.jpg,0319
18480b768dc941648b374a3f37d888b1.jpg,0134
18483282041e49efbb3ff6f2594a9564.jpg,0044
184897301b2b41cd8b99e80b19e004c1.jpg,0435
18494e512a6b4664a278a45414a4a727.jpg,0464
184a466352fc43009cd1952561c1b6ac.jpg,0262
184a68a8763147608c9140a738408cdb.jpg,0423
184a8441f7454eabb0c3966da7ac4207.jpg,0102
184abd9d4d4548eba452be4fe277e1b7.jpg,0041
184afc81faaa4c49a6c0e09cff4aa672.jpg,0296
184c57eafe6c485bbb61b1dc04f133ef.jpg,0292
184d4889453d44d8936b58c393aea098.jpg,0361
1856fd60828b4455a0441f15f3409cc3.jpg,0426
185716bd3cf2417696c60073dd81bc80.jpg,0004
185cf6bd11d84c51a9a7a5700be8f910.jpg,0412
185d09cd694e4a85acc91f4ed89a43ec.jpg,0461
185f68d7168f447398d57a3ac4dd12a7.jpg,0301
1860ababcf5d432b90df94e2467a19e7.jpg,0008
187120bbed114933819bb7f0e99cb32c.jpg,0467
1872b736ec254eb2a2fd712a6b59acc6.jpg,0378
1876232345dc4a6c89367b907bb362b9.jpg,0427
187822fb2b16479c9cc6f4c744265afa.jpg,0065
18797e3bb28a47ae9e19942003b153ab.jpg,0166
187b13b51fb54a7dbf1596960287fe67.jpg,0422
187dbfda91224d3b84ef39d65c95f1b6.jpg,0121
187ed9fe51214d3cae5e30e9aaaea85c.jpg,0250
188322df59174ce299e77d6d45929b7f.jpg,0144
1887c57727b347ffafa7a4fc5d63b1e6.jpg,0451
1889c49d4e1e4a84a61b7fc3763f2eb8.jpg,0298
188acd7173304c31bff01d1ba0206a6e.jpg,0092
188e56adfb5b45f69045dca0067ace64.jpg,0353
18902165406f49edac852474a721c387.jpg,0174
1890e28611dc4eb1bdd56c387fdd4051.jpg,0332
1892997c507647dea9faf239a2a01b36.jpg,0253
1892f26e3e5c4fa5afd2fcb79b78f691.jpg,0244
1894f3a282bd4dcbb071ed94761eb60e.jpg,0067
189ae12ad5984298b2ed72a8f7aeb303.jpg,0131
189d03732231472789b54734f665249f.jpg,0387
189d32d289464d7191c3daa635997e67.jpg,0045
18a0eedac461470087180d9a0e05811b.jpg,0209
18a4f488f90948e582cc4ec2f0459ff1.jpg,0111
18a51f546fc244cba695a8141747b140.jpg,0334
18a90e9603bb4e94bc137e89659930ac.jpg,0158
18aad4d6344f43f3b2b7cc28d9ccaeaf.jpg,0348
18b1db7b1d4d4c409e1b3ffd8ed2cbfd.jpg,0169
18b23e4f93b64c418cc85469fbd7ac08.jpg,0226
18b5109d50eb4bc688caff757acc36f6.jpg,0033
18bb51eceb804934b0a9a9a2c3ccf235.jpg,0253
18be49b3b4a1473cbbcb1340409c7302.jpg,0124
18c14767c67c46a89976c2281fdae156.jpg,0421
18c28f2746534db19b235e9769cb43ed.jpg,0279
18c6e27d5c284c358ec2422e4f5593f8.jpg,0324
18c6e47ad7a94312b61ed51046f1fb87.jpg,0066
18c8f736ad314bbaa52ac7e9fe568f5c.jpg,0258
18caa70c668a476f9122b746fea6bc13.jpg,0115
18cacad3904b432184fb6f51f643e293.jpg,0099
18d0beef7d07482e9e753a27aa1e2996.jpg,0033
18d22dafd09e4e22909580007ed56152.jpg,0480
18d4b472b2eb45f4aa875c48be556785.jpg,0002
18d57b368c0f47ba902d0c9cdbffa5fa.jpg,0200
18d5a90c69854874a4c1e401decff179.jpg,0162
18d78cef69284c7c994dfdd9e2671d70.jpg,0286
18d9a20083494ed2af03c68353ab73ca.jpg,0359
18d9e4ec32f54e038b8cf54599f0bf55.jpg,0186
18dc7349ef9c4810a6c005e48596439a.jpg,0356
18dfca56a1354b6d8840ccc4c828678c.jpg,0182
18e3135267c34802946b3470c0d9afdc.jpg,0305
18e31dfb27cb4830ad493a35c4de16d5.jpg,0130
18ea2223dfe54cd29ee2317cb1a47382.jpg,0016
18ed7c13ae7c4d0ea134567c1ff0f0ca.jpg,0212
18eecfc803724e5c860f3e7177a6fdd6.jpg,0064
18f0db5ddf17429ea39e2c7899332994.jpg,0496
18f1bc4def6f44d89a57de030ef57ebf.jpg,0313
18f2ecc55f7a44f6b0be1f35787ab03c.jpg,0168
18f3b60da42146f5baafb273a9c8dc32.jpg,0475
18f4216275ea4c3dbbc0163432a7842f.jpg,0438
18f4898d724b42e4b990a4650f730936.jpg,0362
18f52f97ecbc42049cf7707369776cb6.jpg,0142
18f5b695c58a4a40a6ec0b8e56c77741.jpg,0446
18f6b72b90e44db0ac607745f7ab9d15.jpg,0296
18fb8c6fa3e34997932e1877dbba1704.jpg,0490
18ff88d22728473ca360222cffba13b5.jpg,0048
1902bae0f5f345b2ad4f080116c6690c.jpg,0351
19034f1a22b1449384421012cd8c8ce4.jpg,0128
190410b680f3453eaffafc2989279b73.jpg,0085
1905fb86f54d40a3af9db1a799219b8c.jpg,0083
19065f8fd6564b68981c6dcd492b2196.jpg,0075
19085c6c6f844f39a977f39bd3da1cf4.jpg,0063
1908f7846b9247c99d47e35edf3458c5.jpg,0498
190bc8b335bc456396be7f9bc15551f6.jpg,0186
190e64e0cc6146c29f8cf0ad14f94515.jpg,0441
1912d98d25644187b7bf37d8e4f3622f.jpg,0460
191c2d29f4ef4581b80f984a2a0d35cd.jpg,0343
1924d3ca2def4fd6970080855649f80d.jpg,0235
19260046928540e2920fa3ac4e7722b7.jpg,0088
192fb7ac757a4ce1991d7a4721b8f933.jpg,0169
1933203220344232ace6c5fdf5729541.jpg,0054
19367a71d1ee4e9cb7edeba72bc02495.jpg,0133
193d1ac2b4ab46058623ee7c893720c5.jpg,0326
194615548f674cc38dd3be6449c77f12.jpg,0415
194cff59183141f48038c0bd175022b4.jpg,0394
1955ab75222a469e995e0140a064686d.jpg,0033
195a817f9f0d417d8d806245f7b17a20.jpg,0331
1960ef31a3c946f7be30242f243fc939.jpg,0304
19623ac08a4b4b879f5e1b3d7bbea9e7.jpg,0486
1964530b04a941c196af7c034cf80e77.jpg,0204
1966133fc2ea47e69d56c4dd0a8d44f4.jpg,0455
196e1be6aef6466c8c1dc323fb528414.jpg,0157
197072168cda468c96af82194fa85d42.jpg,0306
1971d2b80a9e47e980fcdd00b6b888e8.jpg,0468
19736507ec9a4f9484569c815658f091.jpg,0055
1974a1dc0e984cc98bc53dbade3cada7.jpg,0335
197974dd78714be49dbd6fe475de467c.jpg,0188
197bb2731c4344fab5f73c8720b6e390.jpg,0375
197fdd9b19634546846ec37cd622ca0e.jpg,0233
197ff65cd269405bbb67dbb492eb8f9e.jpg,0071
19843f40341a416f851af307da9b5734.jpg,0348
19867ec92f774b0aa5189967331819dd.jpg,0283
198765cbca844006a348820d7d1890c6.jpg,0220
198a151e52db4509a44c8432de9a1ef9.jpg,0389
198fd1407898496a9201946ed361e904.jpg,0031
19929f43560241718a20e3d23f847d3e.jpg,0446
1993c76b495345e7ab4a43012f9a6d82.jpg,0095
19940df9e8dd4f1c9d3e5021abc0b05a.jpg,0451
199b6180c0504133a4e0992758b2ae28.jpg,0090
199bf8a430594835b7af333568891bf3.jpg,0034
19a3a39d83cf4f22a2430c22795661bd.jpg,0342
19a9569c83f44911bc21c866197f439f.jpg,0162
19aa34d30f644125ae8047ab798afbb3.jpg,0353
19aab3a3c5a441aeb2b4a7306116530b.jpg,0195
19ab96b738da4b509b8bbd2754be11dd.jpg,0404
19acd80dd7174d529b14b362be2de83a.jpg,0393
19b1e1a46fa24e8186a1c2834b60059b.jpg,0054
19b45f2aad3e47beb37dfe599e9b00cc.jpg,0056
19b4de56fc5c487aba5c02eceb6c9448.jpg,0380
19b56b61faa943759a5228313e4f7fd7.jpg,0492
19b7452e9eba4ac8bbd34806284f3cd5.jpg,0011
19b769efc47841b7ba4371d6f1a58054.jpg,0287
19bb39826c2444779785c1fe8804dee9.jpg,0456
19bb9c463bcd4c958f881d98beecfd3a.jpg,0205
19be524108d44bbeaec7902eb7315f6d.jpg,0489
19c0eabdf72144f289233b93b208602d.jpg,0038
19c8527800c34e8b96d61e05af0a9782.jpg,0231
19c9ad2050bf43d29b1e89bfd5107bb8.jpg,0067
19cc0cccac8b43b79b693f5a72c77352.jpg,0137
19cf5cf127b74469a297b7617c64d5ca.jpg,0052
19d14e3b798f44cabb961fbce8665cff.jpg,0445
19d1a5b9db96421cac4af909a180183b.jpg,0329
19d247e5088b4b448a594fd02195cf05.jpg,0441
19d257d08177453dae6ecd3a6bcf0070.jpg,0350
19d293bab76f41ee8b5d77b880e32347.jpg,0063
19d4afea78ec452b8a0a8f68e82e0c8c.jpg,0299
19d6888cda96460593203392290dc786.jpg,0355
19e68a78d824492e859c27fee96eed2d.jpg,0058
19e81fd4f4d8408ea7180a2fa362ee03.jpg,0124
19ea75f72f5746bea8ab017db01cac84.jpg,0203
19ed8781a29044128e3a9da6bbcd528a.jpg,0255
19ef00d9ec8f4c5ea3c2406312df5771.jpg,0016
19f0695b128b4367a50ee52f02622c94.jpg,0341
19f0ac3742934d0ba685bb930e04cdde.jpg,0226
19f416011db5413998032ecca1fbe32c.jpg,0154
19f43156c56a4d6887db4a8cd569c526.jpg,0276
19f73cff8c5e40ba8e3cae1244918438.jpg,0197
19f89ba791b14785a8f1f2ce1a3c5edd.jpg,0001
19f92d5578404bfaa2a5b5b71841931d.jpg,0211
19f9b61e57334d43b6fed99e90a5b977.jpg,0033
19fa02a94aa44840a470ac21d88889b8.jpg,0129
19fb6d2033a74eb796e6cbddc6bd57c0.jpg,0439
1a026f4670354633bd513369f6bc8258.jpg,0466
1a0597fe22aa4aa2abb15507cf0261db.jpg,0107
1a05bd7d89c54290a550177afe4151ce.jpg,0217
1a065416fe024ac1a99be0cfdeb88096.jpg,0190
1a06d01d5f924e848faba75a500f41f7.jpg,0034
1a0c0760492649569d7b8d6336959e20.jpg,0014
1a0d05ee421c43cd9780d782c560aafc.jpg,0495
1a0ddafafe4746ba8b573c32f6c59b89.jpg,0059
1a0f823854274901bee21b30a41ab42f.jpg,0006
1a109641d3e940a48ed60b078ec2f81b.jpg,0265
1a116dc7034c4c43ac620d4f2a9b6879.jpg,0308
1a13cfa1751542fe9e5d762281f0d0c0.jpg,0394
1a171c9e2b354e8586e952e995deebf2.jpg,0254
1a1be717f3a04984af70a736247b54a5.jpg,0199
1a1e24f06a354280a2d44cd36c6ee3e8.jpg,0129
1a1f7444b7204fd892fe6f1f67e88f74.jpg,0056
1a1fffb1dcd848fe94da1f1cba5098a1.jpg,0000
1a28193ffb35453299ed5b1e4fa25d98.jpg,0485
1a284bb1021e4a4c8348f33926d0f506.jpg,0497
1a29ecf1361e4f35aab1095f244d3878.jpg,0318
1a2a17316ac1418cbd762a3d54842fc2.jpg,0257
1a2a2ff5e0094ed89772ba5cdfbf957c.jpg,0375
1a311aae5b0643c2bf43250062f2bc2c.jpg,0398
1a3120784e304838b7bcdd471335b390.jpg,0181
1a33372bf4d1404789a679f14f752b35.jpg,0482
1a3759c531b04399a148ad1efeae37d5.jpg,0135
1a3b1ca3fe4a4093a406249383d8f319.jpg,0057
1a3f8115b85943dbb9d3fdc6a7961f18.jpg,0281
1a492c9f7b354e8d91aa04c7705515c0.jpg,0033
1a516982ea1a4ba9b60e6dafad9a9d34.jpg,0496
1a5b56f083054eae9b2f043b5f606384.jpg,0078
1a5c0718c6464181bca83c4b61bdaf4a.jpg,0335
1a642efa625e443c911272373e6fcf02.jpg,0477
1a65e219af6145478891b16bd5e5f4bc.jpg,0218
1a6a358d642040289fcf8440b1df740f.jpg,0335
1a6a8f83b87f426fba5f3f2a346642cc.jpg,0239
1a6ac76a774642ebaa7d9056d30dd5e4.jpg,0363
1a76a290289b40feb783dda7c60c8d64.jpg,0245
1a7777e542cf487dbe8b5ba71f5de88c.jpg,0492
1a787cfcd6ff43c4ab7855a8180eeb35.jpg,0373
1a79c842faf54e4d89527d1c0b846c12.jpg,0295
1a7b323fac784a1f9fb8937b4d7cbd63.jpg,0310
1a7e5cb7ee344b019b6a5587ef938e97.jpg,0431
1a80ae0f128f431f8e4566da189e9f89.jpg,0120
1a84904afee04a818eeee0f8c79dbc63.jpg,0165
1a8543b4c71046dd8d53c3462867e05a.jpg,0057
1a8d7e9cbed44669a8cf0e4da3ca3b4f.jpg,0078
1a92b0e87db64b078c197c7b47ece09a.jpg,0033
1a95d43b67e04da4850b0b8e274c8a9c.jpg,0013
1a968a61390f47348c05faa49a4aaaf9.jpg,0024
1aa315558a9b4dc495da3311661106bb.jpg,0482
1aa3ce64f874424fbd4ce944f1670b3f.jpg,0261
1aa40befbaea43e0bf5bf0468664e2a1.jpg,0396
1aa9f7f9ee6c42f7b90adf42d4b80a19.jpg,0303
1aafee465e104b0b927f6ebaa853f005.jpg,0245
1ab2a7896c664dd6bdc01d61a2969a39.jpg,0122
1ab63bac86a148f0afaabe35a22dbc45.jpg,0000
1abb10af817e4c09b01de3b350922f07.jpg,0273
1abb92d493c24b89a0ef9f59ecc5028a.jpg,0460
1ac02fad5c8649908ac56c91cee5de5c.jpg,0429
1ac0a456f33447b2bb4a83fd9cb4adc3.jpg,0430
1ac17b842d464b93b8936b2f7b90fce2.jpg,0289
1ac2a301326e43ef8a34eca34d97f65b.jpg,0395
1ac337b5303e4af1a92b46ec0ee3eccf.jpg,0195
1ac41e39128b44989d15bbb0ce7482a1.jpg,0032
1ac424ef3d75424884d04ba2191e5b15.jpg,0433
1ac7eb6076244c868107b2293f49b7f7.jpg,0195
1aca623997b442a8bdc257eaebb02923.jpg,0384
1acaeb4939374c5fa01aae7540a89203.jpg,0083
1acd18981b65475b904a79ff0cf20bc1.jpg,0216
1acf1f6da35e40a587c5c1fdff37e9c8.jpg,0427
1ad37d57961841edb25155852e0e2b38.jpg,0007
1adcf60fe71046dd91134e67fd9587f2.jpg,0320
1ae3578164b542a88b6ea39348f13f0b.jpg,0128
1ae6de6ff4ff4edb9bf327a6fb4a6282.jpg,0025
1ae8c2f34b2e4b8690c549049b41e942.jpg,0305
1aece1e8e1d34f91a62b32dc955e96f2.jpg,0289
1af175435f664735b56abe51d0ce2e6f.jpg,0085
1af1e1f74d8a43979ad3c61b436834a5.jpg,0355
1af20487a6414b94a66c5d39d2423e05.jpg,0191
1af2ed18ffe34beb8a363cd28648b2b0.jpg,0257
1afa3749e9894772bb42b79afb9a14fa.jpg,0145
1b015c340e0940649982fe50df5c89fd.jpg,0275
1b0371cf3cd04bc1859ad887453aa379.jpg,0490
1b05c19e475a4baea539918d56c1e41f.jpg,0025
1b05d69c4de344398905d7e0fd036949.jpg,0088
1b076b7ca7b44a0b9858fb6c37327f3c.jpg,0470
1b078199ec6a4864947f08cfeac86f70.jpg,0261
1b08021c54d843708fe4e4c6611bd365.jpg,0150
1b0ccff3b2dc493db91b73c6395d5622.jpg,0222
1b0f616f48d746598914d767420f1923.jpg,0067
1b1055ea5c384b92be3de52654aef993.jpg,0200
1b10b633631b40e88b03b8a2d8ffbbba.jpg,0122
1b14b80f41a54849a1a201db113e6c7a.jpg,0116
1b15cb561dde4874b94834adf572773f.jpg,0135
1b1606a4679c4e2eb6e1fb38f81cdf8a.jpg,0018
1b1aeab007cc4c7c85b2871e1494a79e.jpg,0340
1b1c0d4ba8184f1eaad946e96b1c6aa0.jpg,0108
1b1eea3dd7fa4ee8bc98f2cf408e2afd.jpg,0181
1b1fc6d5aec74977a1b77961bd45816c.jpg,0304
1b2002056b584db78f1c925f2207a41a.jpg,0086
1b24858f171d46468507f26743f1428b.jpg,0228
1b248fdfc6bd42b6afa7f67965cc51f7.jpg,0238
1b2ae64357d24515ab28f252951d2524.jpg,0184
1b2b667ec9554bedaaf45e46bd656ca0.jpg,0457
1b3040b0759d44ca88b39a29fbbb2495.jpg,0441
1b312feb7dfc43ffad048982e418d7c8.jpg,0183
1b35e2d0623c44c9a936875e3f7b45d5.jpg,0349
1b3622b2283b4905a1f63e66864d02d5.jpg,0313
1b3818db08784ffa8412786e037a6700.jpg,0223
1b38bb0078da410aabc7b4e930856c3d.jpg,0313
1b3bd4f7a24e444ca4d14ee4efb8103f.jpg,0203
1b40a47ad3af433886e0cbb0e171b500.jpg,0495
1b42ba2f04174de98d91b756c579efee.jpg,0083
1b434a614131420a84ea82821d3dd103.jpg,0446
1b4503b716c14e4ca0682ebe61a465c2.jpg,0265
1b45d694f6704712bb486e0ce20cc815.jpg,0331
1b49b1fff7c94dd29616f337b612b814.jpg,0288
1b4a46e3e8d34fd79aa035c09976f223.jpg,0350
1b4ce561f327437682628eeeb9dcc962.jpg,0096
1b4ebe92e73d4f27961eac542cfa70ed.jpg,0261
1b4f6927a9eb44569ba7fc0ff595ecfb.jpg,0130
1b4f6fb506e346ee8c6b6775798989ba.jpg,0271
1b50c908bd774f399cb6a3f8cb0df9ea.jpg,0107
1b51e0caa9d94310b90fe56f74899f34.jpg,0292
1b5260a3c61d442c8b7f8d0d2172a2ab.jpg,0107
1b597621c9a34a3c8df4a9b85b8cb2ea.jpg,0423
1b5e436e3bc94e589ffaed0251b383f4.jpg,0156
1b5e558346c540e19b7f18e5ad765ab8.jpg,0386
1b626149a95047ec896859340fc64b48.jpg,0332
1b696385b722426798680cb0d45ad1ae.jpg,0463
1b699f0dd71a4bd594ede5a954c6a7c6.jpg,0271
1b6a8edfb7754386a44bf2971e89a0d3.jpg,0242
1b6db559b0374560940aafbd5d25377c.jpg,0137
1b70444d7cf2414588564cb727a71525.jpg,0252
1b718bea53bf422bbbd3454123b05273.jpg,0168
1b72c1a82f714633b90714e9397fefb3.jpg,0020
1b74acdd27c7469f80f6f1a97dd0d9e5.jpg,0480
1b77e01f0e584169b5a61eb5829dc404.jpg,0431
1b7922c76a0b4823860caf20635b459a.jpg,0095
1b7b75cf430048099a7a32b10f7858a2.jpg,0039
1b7c39e76d01452389147c93fd52cbdc.jpg,0333
1b7fda75ee3246e6b2b7ddf9fbdd8a71.jpg,0057
1b8193bbb4af4fcc8e721dace4f7a0f7.jpg,0278
1b86ead926a244aba5be639b270fee8f.jpg,0204
1b8a8ef8c13f4d10ae308503d4813e87.jpg,0001
1b8c7308604d458e8898ef3749934292.jpg,0424
1b8d822ba9d14b4fb0bb5141750796dc.jpg,0463
1b8e7b9974a34e0ebc07e6ccc68afc63.jpg,0390
1b8edbddb6d24a74862e2702e4c9fd28.jpg,0380
1b92f9da41e640e5a2ec3908730a6d8c.jpg,0211
1b9631c71d4f425091223cd2a03f3324.jpg,0039
1b964876f5ad4195900309ff47edfeb2.jpg,0109
1b9a627d36a544f3b18349f357919dc1.jpg,0171
1b9b89a4b76f4f3faaad4d9f991bf753.jpg,0447
1b9dded546524bbcbf3859f6312db831.jpg,0189
1ba040164fee4850a010c36569b07d85.jpg,0288
1ba5f0dd542242aca3a3522072bae314.jpg,0185
1ba6cbd389854d399adc324c5b719ccb.jpg,0051
1baa7ede4ff549b2b1f2ca3d2c4439d6.jpg,0176
1babe8619d4f4a539552d29f9d74b505.jpg,0334
1bad8ccd4236485a82e94d9f3d617364.jpg,0157
1bb0eb9bca9344bdb6bace588433ca83.jpg,0417
1bb1e0c6b30c48a399ac0ab11711aa74.jpg,0465
1bb2198f1d9e4dbe9ca95a8a054aefa7.jpg,0073
1bb3839d321f40f9981b1d4b4f165e47.jpg,0393
1bb487c8e3fc4e7a898536239dc72b83.jpg,0262
1bb4ee418ef348809af9be4bf8cd5e33.jpg,0048
1bb6a6c11c004d31a7a285c3ee9592ce.jpg,0251
1bbe229962a243fe961ac642f8546f23.jpg,0190
1bbeef7f1f2b438096ad8e5dafce9c3b.jpg,0036
1bbfe9a72d9a4a8882873733ff75b532.jpg,0094
1bc193d8b5634f868e5c5c43e0a2839d.jpg,0247
1bc1e8b1c303405e98dffb4b7f800fb8.jpg,0060
1bc3dfc149214eceabea5cf957ed103c.jpg,0272
1bc69031c5df4c78893273c88be75f13.jpg,0072
1bc819fd139841768bd12f589154bbc5.jpg,0427
1bce4d45b7b4446e8f452845748e7ae7.jpg,0060
1bcf1bd687914405b25eb02d87046d22.jpg,0406
1bd10884563b45a990e2d0d49528d99c.jpg,0029
1bd22098424441f7acf7a88a984bcbc2.jpg,0192
1bd2dbfb54914419bb888f20a8712b8d.jpg,0343
1bd430bcfb6340cdab8e3374979cb994.jpg,0442
1bd548836a3b45a7b0b8bc40454e1f68.jpg,0235
1bd5f3056d154b5db6e5c11807b63c6f.jpg,0160
1bd8aed939204e6d9b9fcfa4d6a0f94d.jpg,0214
1bda2cad61b84ca38f0b3a093ad0c1c4.jpg,0131
1bdc2660cb34431e9be12f0b4c78efe4.jpg,0168
1be48ddabcc7441fa1ed0e64e6cb1b44.jpg,0190
1be67b26ed3f4404a30c5b0ad22ab378.jpg,0018
1beaad3877a94113b15b3bf3a00ce5cb.jpg,0299
1bedccf2944041ad83533657f3a12af8.jpg,0093
1bee074e5d954b75a8af329f9d0faeee.jpg,0470
1bee16d3cdbb4667970719ea53522d50.jpg,0460
1bf42b90fca540dca5aa2bf3a1d676fc.jpg,0044
1bf52608ed7e4947a6eb8958fd2fce7a.jpg,0123
1bf713f125f545208eff0146bb5771da.jpg,0271
1bfb2068b4144d4390256f3eefb010fa.jpg,0401
1bfbbe8bc81b4c1ebbcb1f2437a87092.jpg,0141
1c001d5761924adf8fbb81c4b3fea0f2.jpg,0059
1c013492ba544dc59db21a6d606a1b1b.jpg,0385
1c12348c838c4b78833df960f845759f.jpg,0315
1c1b2d212cd64ddba9314d14f55d58f5.jpg,0074
1c1f247122b04e5caa631f3d1d8bc2eb.jpg,0040
1c23b69936794e8289f191e09bd80f13.jpg,0086
1c26695db4814dc7b2b49aeeadea9a85.jpg,0435
1c273282a9f14557867ae4e7b884b4e7.jpg,0400
1c295bb6e7dc47e7966a5cc93df54673.jpg,0397
1c29d80feb9947c2ab5d38a54b360a60.jpg,0331
1c2b4233592648cd8b682051b33cb7a6.jpg,0293
1c2c17eac8584660aa458ea3248e4782.jpg,0025
1c31db17a8f641bc9f3a62bc88b08a8e.jpg,0163
1c3638b3ca3a496b9d286a0c25c37376.jpg,0438
1c3a073f8e804c5f9c6fff567a08ce8d.jpg,0168
1c3a52db8fb945dd9781322dc40a8a9f.jpg,0343
1c3b282b09e440d6b40a817b46bf3ac7.jpg,0349
1c3d5ebf868b4219927d12b2b57b2ee4.jpg,0365
1c40cc187d4c487791811e5aefe78680.jpg,0133
1c46a26c5a784b00add2d7964f77ceb6.jpg,0370
1c4ecb8b08014cb0865ef94ae4a9b769.jpg,0497
1c4f583a3a5b43a9b542ad0f803aa816.jpg,0037
1c4fb9cbf9ff413ca6773c289fec469e.jpg,0050
1c558a7d7053462eb303d6980c0ae7e7.jpg,0000
1c55b5a7d77841ab814cf68327957be0.jpg,0196
1c5c0352a670405b9768f16257d4599b.jpg,0244
1c5e0f149f9e4d21b16073dc42587b18.jpg,0394
1c5e1d52b135428ab44c6ced742eb25e.jpg,0172
1c5fe6dbeb0347beab3b545bac7c532a.jpg,0398
1c62fa480e644ed4a0f25f7d65f0f4f4.jpg,0120
1c644085d1184522b546d5726191b28a.jpg,0058
1c65daaa033e492b8ad2cd9ea346e1c3.jpg,0475
1c688961da834de4bd0d97a3e0a0914c.jpg,0004
1c6c357c937444598e22fdc55c250d99.jpg,0310
1c6c95e359d14ca1b75e6515d58584d5.jpg,0007
1c6d610795334b2383c54250cd84f466.jpg,0096
1c77fb58378c476599de69bbc026ac6a.jpg,0400
1c7d9cfe9fc241bf8546a93bf51dca18.jpg,0106
1c812e7f7df348959f677ef1ef64b096.jpg,0480
1c8730094ec44094aba84e14bc960ca8.jpg,0031
1c87c2e10bd14907b8d9bc389cf025ed.jpg,0335
1c886e679f7b4cf5883409523645a937.jpg,0259
1c8988626bd04b57a783e4d84fd69de9.jpg,0255
1c89c47b0492405faa11d35f66435f56.jpg,0138
1c8ed17448b9409f883722a792ffb6f5.jpg,0294
1c91a56e0a6b44d9adae59d31fd045d9.jpg,0299
1c91e043fa0e4029ab0650a95d920da1.jpg,0364
1c9789baa9604a61acfb9aebe162904c.jpg,0105
1c9d6b9a544f44eaade959249ab053ac.jpg,0234
1c9f1dbd7e2348c29a829cf0cce145ce.jpg,0272
1ca091d1b5914895906f7e66a7d30b10.jpg,0337
1ca3616ec6124bd2b84867678a213f67.jpg,0434
1ca586f64e5c4830a70a7e12386e92b1.jpg,0043
1ca67f45e9284564ae3633d2133fb561.jpg,0366
1caa9066a3b749dbbcd425a302828b74.jpg,0468
1cac936cc0f24243a2a69a1322d7405a.jpg,0160
1cadb3d6a35e4f93b8de52e14bb0b223.jpg,0164
1caed61fe3614e7e9a850af829f1c8fd.jpg,0255
1caef9089edf4b18bdff9258046478ce.jpg,0463
1caf6966042f4f74bf07422d771d5ad8.jpg,0496
1cb0e17d6d4e44b2b2ff81efddf5d1ca.jpg,0418
1cb1866a0973468bbe5d9a534fa4f13a.jpg,0199
1cb1ae879a0648c085f5690e0150516a.jpg,0325
1cb1cdd6d52944c1be7dd4ccdea80941.jpg,0259
1cb58845cbc343fc9cf97b3160145d5c.jpg,0265
1cb95f2a57784ff1a244c3203d3ebd51.jpg,0233
1cbeb1978ea54e8b895a034cdd0c2b96.jpg,0395
1cc2b1cd0f724db191e787c0032210d1.jpg,0040
1cca17452478472cb007bdee9877fcf0.jpg,0356
1cca77c6f37e4d05a29fe467eb840b74.jpg,0470
1ccc032c50ac46a1a02716fa0a74dec5.jpg,0343
1ccd872889d94dbc9d45b70b1bd3579f.jpg,0413
1ccfe1fe59064357b3c63b77107f8d2b.jpg,0389
1cd5e31f34154690b49617e83f7c1690.jpg,0029
1ce16d6ee2e9420f815e0a00a277cc4a.jpg,0389
1ce66925e689455898ba9554e8a8efe9.jpg,0346
1ce9545a98024f66a443890c57f54546.jpg,0127
1ceb56ececef452cb3da551d386044a4.jpg,0375
1cef45e1659342728d87332748646f90.jpg,0019
1cf6b03e94984417a27e4cc50052338b.jpg,0263
1cf7fbbb49394d11b0f2b4f8a6fef595.jpg,0209
1cf89f9f237f44958c93d2c96a3e70f3.jpg,0451
1cfc73ce24be4fabbf5dc282611f110e.jpg,0195
1cff344fb8de4636965e180e3e713bdf.jpg,0472
1d05e63486d442b890a328d1ba706eaf.jpg,0483
1d0a0efe78d2421fb4bb0a6c4b0d9751.jpg,0159
1d100a25303049de8e78218c2c5db785.jpg,0333
1d1369c4cce3485098923bd6d91d7adb.jpg,0398
1d13764422a846f0a90137e32940256d.jpg,0166
1d1c1be741ef4af1805573952e6cdd85.jpg,0475
1d26922c57c1494b9ba8a150853360cf.jpg,0373
1d2c5240f066457683d1f110738cbcb5.jpg,0275
1d2e189fb3bf44cbaf46836f8ab7cec2.jpg,0429
1d2edfe55df14077817599857d531d4e.jpg,0320
1d2f32b991b848f0923bc1d7b5e3db75.jpg,0352
1d2f8266a26b4a69afcff3cc0dba3aaa.jpg,0378
1d33a8858aac4b309f688803d2147b13.jpg,0193
1d363a3e38684dd0b7611aeae053d9e6.jpg,0134
1d36603950f040d8a07620f8be2be7cf.jpg,0024
1d37f78a71d449008228fbb231742f8d.jpg,0321
1d385f42b2e7410bb65582d3ac925712.jpg,0380
1d389b19d71a43498ee309b924fb5ee6.jpg,0395
1d38dc4fc7af440db663aac46ab216d1.jpg,0233
1d3935a413cd432bbdf271abc4262249.jpg,0340
1d39927c58dd48208862c19ee8c44878.jpg,0137
1d3becd42e7d4633babe6c77f43d6255.jpg,0067
1d3e98801cd14573a9b555d56246b34b.jpg,0101
1d3f2f88e2a1461dbb91db7526531d7c.jpg,0147
1d4064b2f7fc4900b46f8909ff3f3fd8.jpg,0108
1d44c27799e4453496208d76cbbca744.jpg,0214
1d45d01b50f74b298026dd9314fd4858.jpg,0051
1d4852c49bee43a9a14ac6c6410b2645.jpg,0292
1d4a3775cadd44bebf52eb6d2510f615.jpg,0087
1d4ae16e7e6f4e4a87201729a9603610.jpg,0065
1d4d650f746547ab9214c64340edd90e.jpg,0382
1d52f6166efe4aa2930a8bc7675a898c.jpg,0452
1d5a7af37f924e45bf6a2b7373e6f60a.jpg,0420
1d5bc347a4a840f29ee6d009796ed6b6.jpg,0138
1d5fa80a83a84ad39d297142fea4c759.jpg,0263
1d5fd9deb43d4e758c9a6a2f5771856d.jpg,0328
1d63613f2131411c89f3da5b7640c9ef.jpg,0182
1d6648cac08b405592b2328262b927d9.jpg,0387
1d6bb50061c14864acaae90c277d8260.jpg,0064
1d6c5e32c88348c9ae562efc690d9a87.jpg,0371
1d6c63bc9bcb49ae822b643307880b09.jpg,0075
1d70eae5cac042d2bc71ac20edfddf51.jpg,0205
1d70f208708347a28a09df61bf987836.jpg,0127
1d73ecbd0e4440aea78e39bc2a4e955d.jpg,0026
1d77886c9566412ebe9aae5ec3119bcd.jpg,0289
1d79149ec0c84721af568eba2065062f.jpg,0207
1d7d3b0a257849d3a649657606ec0d69.jpg,0396
1d7f84a8a9d54b8cb424fc178e77e4f6.jpg,0420
1d82432cb21f48e6b2e0427388239fa0.jpg,0178
1d85970965cb4f88acab2fef5cf13810.jpg,0159
1d8608ae5dc64e16815a0d857f5f0023.jpg,0015
1d87b042ae694a0fa9727339f8c42020.jpg,0025
1d8856d456314a2bbadf784cf169605b.jpg,0083
1d88639563bc4d889725ebae9a39169e.jpg,0115
1d8c17b18b3e4d688c9bb14adbbb485b.jpg,0461
1d8f4203b974417aa5c7277615ab73d3.jpg,0344
1d90a0eed25b4644885c024605a89c07.jpg,0410
1d9e440d0ea04c6abbdd12cc0156d022.jpg,0220
1da9b65613e34c1cb3b03e83b16593b7.jpg,0185
1daada5c1ff843f299db3fff966a199f.jpg,0441
1dadc01a64fa48c2a4e1fe971f22ca09.jpg,0235
1db1015f7fba4fbd89dac1ca5107e15d.jpg,0395
1db5ba43f3cd4fb9b81193eb43b70d16.jpg,0229
1dba6032aa2e46298f8560f57600db57.jpg,0181
1dbab1ee9ba241faae6cd977b789db0e.jpg,0291
1dbb0381633d42dd9094225794b5f8ba.jpg,0332
1dbd8d525f344939a964e2843da99578.jpg,0487
1dbe084dad174dd6bb056067a39089a5.jpg,0310
1dc6a75038e243e7a09c3941f1eca820.jpg,0415
1dcd481c20b14fbb8a6a0505079e1a24.jpg,0181
1dd3ec5fe66945b198cb2ca7b0157b01.jpg,0433
1dd613de0b7f4c2d9c8d4d6be0bdbe3b.jpg,0137
1ddb77b5af7e4a1d8c158d8980ed1fa8.jpg,0365
1ddbdc137c3f4418b3b117a02fadb159.jpg,0475
1dde6994b6bf4cd8b8b9ea2a09d7689a.jpg,0283
1ddec0198fc240c6aca5c4a6d999da60.jpg,0358
1de482e34f9f462ba00e0141b902e69a.jpg,0458
1de68782a51b402f8a6832f0c165a69a.jpg,0150
1de9d0a017a64016b1a600b92b7a42ed.jpg,0052
1deb610580294a9891f0e01ffc4f46a6.jpg,0019
1dec2d7dd2394fbbb3110154e1f80ccd.jpg,0097
1df9988320584a32ae6354b996cc1951.jpg,0300
1dfdf59913e54ba399f5e98cb8a6ff8f.jpg,0240
1e03c63c6df443059ac241e8696e9b44.jpg,0144
1e061682d63044b79497d802d9135e6f.jpg,0007
1e062c0da28941c19d0f9a910a689a4c.jpg,0325
1e06e02a22724da3b36d745b1dea3a6a.jpg,0388
1e07bd5f6d24441f8bc73cc0fea6720f.jpg,0112
1e0c7d841f8c4e52bfa4b03ee4641ca0.jpg,0429
1e0dbd9499c34b35b8d667dd7b1e48d8.jpg,0054
1e0f48d0b20a4737a0d9ab89d8bd7ef3.jpg,0272
1e124f42ee764b9da368a2e1dbf30feb.jpg,0325
1e128f050b074bd6ab7bfd19410d49ff.jpg,0278
1e157add677b47768e13f64ad26ba112.jpg,0286
1e194bc276ce47f9bdca249f077b83f8.jpg,0083
1e19a7b2c8614adab4939fe4fda7b1a5.jpg,0144
1e19ce0a2d0f4863911bb9968fb4f5d0.jpg,0020
1e1a033995bc49dbbd0e1fca1185df4c.jpg,0102
1e1d6571f374473c98915ef376e92388.jpg,0383
1e1df73a1ace4335a352dd2f12ae2648.jpg,0422
1e1f452c23f644b0962fe7b2c91c09dc.jpg,0104
1e205e39421744b3830eaf9e826e5d6a.jpg,0111
1e20d052e75c4f3884ea68f9bf2489ca.jpg,0298
1e23036c1e194f9b99ed6093c1843f34.jpg,0408
1e26861910fb4d7cbe7079b4be12f6a6.jpg,0430
1e269606a1b3479bbef1b1d3ea64b4b7.jpg,0099
1e28b4c416c347a38e99224f8fe174ff.jpg,0437
1e2a107905024324943a362487123763.jpg,0455
1e2efe382d1c4a8aa7a30f1695702e5e.jpg,0118
1e2fe77328f340478aec5d0ed9f14298.jpg,0384
1e3417fa8be44bb6aeb814259853d8ad.jpg,0396
1e3707a5fb53415c8fa94328cd61f487.jpg,0154
1e3b5eebf9584b56b30cc1a7c1cdcf9b.jpg,0000
1e3b7178944b4f85b6612fc2ff999296.jpg,0484
1e3e66af33b94d729df0753652d79819.jpg,0373
1e4290867ae642c997950e67498d600f.jpg,0138
1e44229a822b4b3283ad5326fd95e20c.jpg,0461
1e44402cccfa42ffbd74c81a1f9d564c.jpg,0135
1e454c1aa8984b6fbf8819ec76bc6561.jpg,0203
1e47c4e926eb46d9a0e447c05c2e6cbe.jpg,0086
1e4eca825ca145b18b5f49b835f70c36.jpg,0450
1e4fa0cbb086414ba30c9faa6ce84893.jpg,0269
1e50e3a766834f6da2c1ad653f569593.jpg,0127
1e518d8f65dc4f31a9fa14577b824511.jpg,0009
1e523646d2784104ae588f7eb0df5ae6.jpg,0193
1e5bc2835d9642aaa20b71f74df32f3c.jpg,0115
1e5cb494d20344e6900f9ec4f9d5c517.jpg,0199
1e5d3314aa074f849b31bbd2d2e7e206.jpg,0163
1e5f8241d524430daf923f9812a0e02d.jpg,0087
1e636b97548b4bee98b088e2469128b9.jpg,0366
1e66c8873cc34762b88e2032b74c1a04.jpg,0022
1e6767d1b6b447c895ffd592bb445603.jpg,0235
1e6798de23aa4d75a7a5a53c411c7d25.jpg,0213
1e69758a79974379bd4956094092d17a.jpg,0193
1e6d71687dcb4a928a529b7ed372cca3.jpg,0051
1e6ee83f0e0b4b8888637b9737ba146e.jpg,0201
1e6f02a7ffa541068dc1242e241c96ba.jpg,0013
1e7536e43b0b41bb81b5a80525adf7b8.jpg,0366
1e762826a76b48ef8aa2bc2d806c5dd4.jpg,0363
1e779b169e5b4cd9a427b2ffd02c83b0.jpg,0395
1e7a8be99fe54ba2a9a9cb39bad71084.jpg,0133
1e7ac46299f84035b18e2e5682b7c84f.jpg,0233
1e7b2eec3aeb41bba22a830d4306dc91.jpg,0404
1e7c3c0b6ca647ffbefaba39bbbfe572.jpg,0237
1e7e46494cfd414c8a53575734092308.jpg,0445
1e81e718698440728292691e1e897790.jpg,0047
1e8bc531671d4911b322c98ba580d12f.jpg,0160
1e8d1416e35c4d0ea63aff4effe8ad6e.jpg,0083
1e8ef84e56bd4c588afbf3b96ced557a.jpg,0232
1e96864907ac4261978c13d5dec38469.jpg,0487
1e99e6acac4445138e00ae74a527fc89.jpg,0027
1e9afcd0fdb34fdcbe1a6ee2a2e83b88.jpg,0451
1e9e256ce1f44e269f5b883f08fb1da9.jpg,0098
1e9e8cf76c8b4e538cfd37bd62af9018.jpg,0276
1e9f8344b54d4b05978978fd8d467dc4.jpg,0390
1ea1a4ae4e8c40a794d0c97d65da4c68.jpg,0090
1ea21dec612a4d369f2b6910e529ee0e.jpg,0219
1ea634f899594e83b77fc57200dd09b6.jpg,0472
1eae9bfb1cf94f0da68e6ab8227d6ef5.jpg,0114
1eaf4197620145a5b11d597bbdec32cc.jpg,0240
1eb1a1198d944d1bb8f32a6344d1e4b9.jpg,0070
1eb6ba66881e4f48b385d0fc338c91c7.jpg,0279
1ebdba6c07164c15905cdee3c4192618.jpg,0153
1ec1bf78cbad41779ca7e7aa406f67fe.jpg,0306
1ec7cb2bd6774e1787cf34317271fb3f.jpg,0104
1ec8167bd46345a192ff7b4d94f0151a.jpg,0244
1ecd7c6d3e5542cc858ff8594ec40727.jpg,0464
1ed170021279468abc0a490f215b463e.jpg,0476
1ed280fdb74e45ef8c491b604418bf85.jpg,0186
1ed7c04087ad4f81a0b82e562af79b05.jpg,0189
1ede958020004a0480df039e1ebb7860.jpg,0308
1edff9f5bef34c69a3c52c9712b62b22.jpg,0418
1eea1177d9d449a88717d2ae884b3f35.jpg,0075
1eec39c8c13a4b8ea5c5a67d00c69b63.jpg,0369
1ef0cf84d31c4936a40d42620a3d26a7.jpg,0070
1ef11fde8a68432897c0f80b78d1a4b6.jpg,0196
1ef2a3a84f9a4c5c981d7bff49cb9766.jpg,0144
1ef51e3db12b4e9a9bc5494d3ca9aaaa.jpg,0165
1ef788f4f196429a84fe2cf130d25a49.jpg,0067
1ef9d92dbf264adc88d3ef59fc79d13b.jpg,0060
1efdd82977734ae9986d0a329cd74ea9.jpg,0275
1f00337cd000471fa140830208d6bd7d.jpg,0024
1f01bf5bb5c04a379c1b6a13b2a758e3.jpg,0052
1f02952eaf5e4993b2b219aec953fda4.jpg,0192
1f0624e415fe4557bec0e0e183617182.jpg,0496
1f0ae897cc404681b30c7491eb45210b.jpg,0433
1f0bb95ae9b34f8f8fa7c9c59a9745e8.jpg,0325
1f10240d34b445b381af0f0202180bd2.jpg,0382
1f15f449b010476fa7d0b323d1df21b3.jpg,0372
1f1b0e50df5e4c7897e6ae33004bf2c2.jpg,0197
1f1c09753e9f44b290c929c8c2472b2d.jpg,0353
1f23d6632b3e4d7294907f07e928d191.jpg,0181
1f2418c4929b439eadb985bb1947f199.jpg,0138
1f25952229fc4092ba8c4389a6b50a41.jpg,0001
1f25e25bc34347c88b720005c26e794d.jpg,0436
1f26e7e0d68f418dac01e7913ad3f787.jpg,0228
1f2bd6bbcef24940858e39d01df65c43.jpg,0323
1f2e00fa64ae4379b97ec6496699d9b4.jpg,0313
1f2ec2e094de465fa32f0f3ee4e045e6.jpg,0307
1f35cedad8814b8bb9900473b72f89c2.jpg,0467
1f384c1c011441aeb33c903374843413.jpg,0167
1f3a92e40f124573af103020fecd9476.jpg,0438
1f3c252d63b049bbb712433e5335ec04.jpg,0249
1f3e3b51fea74f77a631f872e6a1dbae.jpg,0238
1f3e4e770f8b486984a5201b82e343b0.jpg,0379
1f4359f3d4da4c56b529f14dc69b62da.jpg,0468
1f49b2d739ba4bacb642a1edbf5bbd98.jpg,0020
1f4cd7858e6e47a395ff452e08502df2.jpg,0219
1f4f0f377db94175b8bd3318fa5df379.jpg,0420
1f522800f66c46979827370e5bef37c3.jpg,0226
1f5248c0cd334430baaa4ad1ea47eb28.jpg,0303
1f53755122f4482fb92db569a20df3eb.jpg,0393
1f537d156b0f4ca19cfde397180a2829.jpg,0151
1f538f733d264332a5d4eecb9650e9fa.jpg,0074
1f5477e2f5224b3eb6686bbf4073999d.jpg,0138
1f551118ec9049818a8db4efc2559f38.jpg,0042
1f5935c010df47bd8ed2ea49b43e9b71.jpg,0367
1f59d663c05d44eba18ee9cdd2a46ce9.jpg,0334
1f5abef7d4644c399beb1baed2681584.jpg,0419
1f5b7f3cead34345b60db2f0af903a72.jpg,0403
1f5d596c6d3d4ab5b278d4c2c48d697f.jpg,0402
1f5ffbe33f464eda8e356e0a193eb421.jpg,0246
1f60258e6cbc4597a5281cfc8acc844a.jpg,0263
1f61604fc3bb4450b487df972992b437.jpg,0388
1f62e6fdb48e4162bed3e2c1b554a1aa.jpg,0049
1f652577d41046d89c92285d9f125660.jpg,0054
1f65f3545ef0449d967febe3ba5dcac6.jpg,0084
1f68d1896f414bec8b1b3d23450e1dc8.jpg,0334
1f6a396231d047adbbdeceed0bb12d39.jpg,0092
1f6d506f153448d891aecc83893dcfa7.jpg,0466
1f6e7151d301471b8fdc2d578a5aa7b1.jpg,0291
1f709e45eeb54caeac6866b975d7d8eb.jpg,0041
1f71701a30654d86a7767c2477b84375.jpg,0448
1f71b1a499b843d3835dac75b2babcfa.jpg,0255
1f7362b716e6420ea8d61aaeea9b776f.jpg,0339
1f736517910947babff0e97e1816fe81.jpg,0382
1f7654d9ea834abc8aa625cca8a3725e.jpg,0150
1f7e0c935f204eba8c7f790e0f568093.jpg,0076
1f864a4968f74025ba11a947d0c84055.jpg,0037
1f87751eea6e49a587206fed96f4f0f0.jpg,0222
1f8e2cedbccd4985b933ee87c42dfa29.jpg,0361
1f8fc9a2eb6347a6b54d86ca22899301.jpg,0158
1f9091a3871b41a784971971b2ef9515.jpg,0103
1f92365f4ae14a77a740c56acbd699ae.jpg,0105
1f98d1d8b157432bb1b7c778e988bdc2.jpg,0480
1f9e94756ce84d45b2cc004b22c23cb3.jpg,0455
1f9f882fefbf4871afaef3d9ac26fa85.jpg,0157
1fa54b3f4148480a9851a64d4a72730a.jpg,0198
1fa78807eb1342ac9b8d3e673e7b1728.jpg,0089
1fa7e973f6f9446ca4576ab5686238ea.jpg,0016
1fa8ab46a37f40639cbb05c113b8e5e6.jpg,0438
1fa90f262ecd4471940bb1058f111d0c.jpg,0238
1fab368a92454bcbb5f56f311621c6d9.jpg,0420
1fab6d2b3b06425f98dd92c391c43d3b.jpg,0480
1fac7d81f68645f1bd68ecff0ad0f3a7.jpg,0161
1fad8aefc2b04f48b987fa841922fbb9.jpg,0380
1faf5559b9dd4c6fb723a33b6b6eb9c4.jpg,0177
1fb80a379ec14baa8aea1e605cf326be.jpg,0018
1fb8646a314447f4b78e47ce2f3af976.jpg,0136
1fbf5b6770704c488a4c394a2e5ccdd3.jpg,0136
1fbf61d38dce47b3affab590476bb224.jpg,0335
1fbfa60a2ef84000a64b03906daabb78.jpg,0446
1fc69e280d6a433db711ec48e5947ef6.jpg,0218
1fcd786240134f619a26e6dcf61f93c3.jpg,0193
1fcfaed7fbfa435d8b61ed0c99ca8d7c.jpg,0087
1fd024f7f163459ba6f1f691219d0834.jpg,0399
1fd455d422e241abaf108237c3ac5620.jpg,0340
1fd968d8a2624e49bd822cb093e955da.jpg,0038
1fdb618e36034a6c9b03fc61dc98ed73.jpg,0066
1fdc85eeac7d42aaa8ef96c6b154d4c6.jpg,0196
1fdf0614652647518bdb3b35e6e02aa0.jpg,0242
1fe048884688451ba1e2eb3056063b1e.jpg,0362
1fe5c4ccf01148ee941f31f2d4506b01.jpg,0075
1fe6fea28fd04b52a40a10484bbcd00b.jpg,0253
1feb534a15fe456ea4d39c77fee2ef01.jpg,0366
1ff439c0568a42c0959888e64115972c.jpg,0037
1ff6525d9c274d5ba06153b41ea6d9b0.jpg,0317
1ff679b95e3c4223b0ddca0200a3b8a3.jpg,0162
1ffdb13d5ae0499883d9be17c2958ccb.jpg,0098
1ffe34d4ac654495841a8113a3b60243.jpg,0133
1fff970fb0eb4a848b8a6876e5edcfa7.jpg,0031
2001d1f4665c4fb9bea474a6e31884ff.jpg,0038
2003381e548f46168d59dd488cfe8e47.jpg,0127
200501efb91948aa8edb513727152512.jpg,0099
20081cd8352f4138b40a231fb49deada.jpg,0312
2008b4627050423ba782e3fa33ccb387.jpg,0100
200c9cd5c59b48189bf90eb4f572740f.jpg,0131
200ce8cf53ee47cabd91436ab7798b08.jpg,0146
200d9b7ab71e4f24b53bcdc290d09333.jpg,0383
200e7f1a218c47468e3c38786bd7830f.jpg,0011
2011f44e780b4a3aad68d266ec54e348.jpg,0185
2016b62a848a415ab11b6fc48c308452.jpg,0070
201d16c6860e4e4cb2da3030edc2ad2e.jpg,0111
201d551ee4b64d87bf1fa4a1c5947f2c.jpg,0050
202384368abd4ca288b26038890dd072.jpg,0204
20251cb27f6648d3a59662cd65b82379.jpg,0314
20256ab503f145908bd7bb2e225601b1.jpg,0146
20266021dd6747d4b41cf02e2697a9cd.jpg,0034
202a2148191b45beb9b68d45252c946b.jpg,0158
202a5632ea7d4d32a1d586adf916525d.jpg,0396
202b15ed2046497a879cae9fdc6d1c0f.jpg,0469
202c10d3f0194857aa431dd6e9c51d7e.jpg,0233
202ea8c8ca6140168be799af0169cf8f.jpg,0360
202f668ac785429e846d02fb7c5ad6b4.jpg,0458
202fa54f88df4191ada09a472b4cd1e3.jpg,0292
202fc0cf71fa479396f4755886c2a9e4.jpg,0081
2031a97a00d44a89b8b5a37a481c565b.jpg,0415
203285210a294a438730d4249918e0d6.jpg,0339
2033f078091d4ae3bb9e1f8c4023b319.jpg,0109
20367d7b5c434005b6e9e883eaa542c8.jpg,0213
203c632c9b784d2895a373e8bcfe9aa7.jpg,0179
203f3baf24e74f32859bc8521f1ce4b1.jpg,0017
204046c563f140a6850a9d6d5986d90f.jpg,0147
2040c02db23a498abf9c75db8b47c77a.jpg,0425
204252f302d141e5852150baf3f1888b.jpg,0378
2043af32bfdc4cdcb41d71a30b56df5d.jpg,0281
2044f9bde15146b2add2d1fb83f862a2.jpg,0395
2045d0fb74a148468c5c494a79c7239d.jpg,0186
204985e30d07446a82764a9627ee18dd.jpg,0251
204a4b0581b54fc499091050c5204c0c.jpg,0089
204ac6520d51493094a76874d14a18cb.jpg,0492
20526465ac9c4f95935cd970ee63a609.jpg,0254
20545113f8d842e28900785380c646bc.jpg,0101
2055c3e102c945feb65ceaf53e7abd61.jpg,0377
20628e9eb0f346fc90462a76f081a49d.jpg,0348
206503c3b24a4f38b1a4e24856d78111.jpg,0135
2067bab07fcc4b119d130a80d5740f49.jpg,0497
206a596bab9f492caa3dccca674408fa.jpg,0479
206eee8737bf45339f1944023dd07022.jpg,0472
20708e83495e4ffea10e646c571c102a.jpg,0230
2072ff86276d44f38e0434f3ccacfe41.jpg,0335
2081ab36c9fb43ec845e3259615b18ff.jpg,0400
208e2c1e919148d3b6f6051cf1b50e6c.jpg,0498
2094df20f64c4e9c872d668434a27a56.jpg,0340
2096fa9bdc2f42598ac84c9cb0d0f2de.jpg,0436
209f6b4475294737a60aa85691281637.jpg,0104
20a35a76a07c46168f2d9f370fbda8b0.jpg,0019
20a63851c6544be4b608dfe309fda672.jpg,0401
20a9a5a48d634a4ea37a7de652e32cdb.jpg,0021
20aad909474b4c75bd6b46e6afd26b61.jpg,0353
20ade5bf37a34a2a824dbf125e38e520.jpg,0328
20af36cf04da44299ffc03eab60a4349.jpg,0458
20afb987f0d744cb84a5ccd6a901e1cc.jpg,0220
20b2792045f8413193d6f3ec34a28b74.jpg,0351
20b4b7c53b8a40cb93bc0db67e6b652b.jpg,0120
20b678a245824ee1aa1df7830de976d8.jpg,0080
20b795ee3720453297dcff661d08bbb8.jpg,0285
20b8142e5c0b4a32a4931616fceb87e0.jpg,0443
20b8a631e1df421495e09d8b9addb46b.jpg,0425
20b8eda2d85f45218812d7b0077bf12b.jpg,0126
20bfb3d29a2a4392810d00e40981f2ea.jpg,0189
20bfdd69d1ef409c923d95d0b12e36cb.jpg,0306
20c6c8960e614f3394f15a95007b18d9.jpg,0111
20c98c8db9cb44fa94bf58e9d78c6cc3.jpg,0342
20cb246e64c24207ba92213b674fa986.jpg,0254
20ccdb2de5f4453083111e567038f33a.jpg,0064
20ced110ad7e4a0188eea5c06b911781.jpg,0202
20d0da0a87e24d459b3dfa0d8064028f.jpg,0106
20d4f06cb7e04a77a77ff14d0d7765b1.jpg,0049
20daa8a328b54c3cbd49cbe43fab91a3.jpg,0371
20dc4b569ff84aaf89d1fd2f2f1e9f33.jpg,0342
20df4d033ccb475f8847f1c2e9e885ae.jpg,0010
20dfd585785d498793241a97168fb186.jpg,0308
20e4ce5651884d23b1f6ea3e40b41300.jpg,0254
20e4f94e6b44474585c4032e94b8f725.jpg,0401
20e58df51fc9445e89fe10a644693c10.jpg,0116
20e700b0c2b24ec5b1e588e2d3745791.jpg,0194
20ef5bc069474a04bf613421e8530047.jpg,0090
20f086f91197405da141e5e56d36db82.jpg,0363
20f1473340b04df6821382ae473b40d3.jpg,0379
20f34e57a28a4e21963ce237588a179e.jpg,0354
20f3c70dfab74526bb08dd86432bec39.jpg,0434
20f51290bfeb49a690730df0bf690047.jpg,0350
20f523773fba4aef9c777c91cb17b3cc.jpg,0131
20f9073c2bd1462f80a5b8c2c6dd03ed.jpg,0207
20fb6760b3794884895584f409f5012b.jpg,0049
20fba60e89b943dda63091f4533c0ca9.jpg,0370
20fe0eac17614afe92eba87e81a06a34.jpg,0274
210031f8b236421f8e2dc81f1e3ea94c.jpg,0166
2100ac16c6d1425fbc02c53fb51dd394.jpg,0405
21034d217a96466ba9b34aa7b262cc33.jpg,0489
210941734d984728bfb50276bd179456.jpg,0448
211289c42d0e41d18c05508e7808f01a.jpg,0290
21193835afea454a9c9d84a487c2a0cd.jpg,0326
211948accf364a97ac0bc654be5b00f6.jpg,0308
211c70c0024146d29ba643feaf85e45d.jpg,0313
212093dd652340b484e5155e00728ebd.jpg,0230
2122ce2c7c404476801bc29c4e3abe9b.jpg,0195
212844a985644310910f9a98513a862d.jpg,0105
21290d630af34c91ac25f1bee7665508.jpg,0310
212a7116ec49467095b73a2612f116fd.jpg,0485
212c62e3458f44b290647e25f9cb3de7.jpg,0156
212e7499ac6e44e1ac1c897d1551ae6c.jpg,0341
2130fab43373434693764e2a89658786.jpg,0386
2133307848df442baee6c87a2bae8354.jpg,0162
213965b0f65240a5988bb91a18c65ed7.jpg,0012
213c0e6115c14a3883e7e687c776bc70.jpg,0020
213f493846bb4cc3bf91880d9812806e.jpg,0464
214304e230404655bae31deb32abed7c.jpg,0010
2143a9b181a444aa804c22e6fed27d22.jpg,0114
2148189adbfa43029834b87bde18916f.jpg,0146
214c3166c7b248bfb65021a5f3b0b474.jpg,0186
21532795de4644ec9268ef4282a00715.jpg,0266
2153d6015ab24704bb4bc563cda6379d.jpg,0168
21547cc893954a8e99d53da6a1100ace.jpg,0260
2156a2de353043af8fbbee6302003a7b.jpg,0297
215b00b5b13940fe87009ce27efa4f70.jpg,0094
215fcaab1aef4d408022555d78a922ed.jpg,0268
216193693cd24caba14087a04f8320d9.jpg,0219
2165c3645a7c446ebb8a1fcc0192134a.jpg,0122
2166730c5f3a4a4298f329b8d3d1c1e5.jpg,0393
2166cc21a5994e34b7c425ae5e493ef0.jpg,0368
216dcd1daff64496b05f322908977b44.jpg,0134
216f6c34e1564504bea68d5112f2165e.jpg,0346
21709325fe434300abee9ad1bf4a6468.jpg,0477
2172948cafaf48c1b2bd1f8ebbed5e77.jpg,0020
2177d21432ce43e2b9cf9e0a6ac0f210.jpg,0301
21793095fba74bc6939d2ab86d29ff94.jpg,0378
217b1abd37ac4cdeb4b528bd37f35eb7.jpg,0180
217b20472d5e4c16953caaec75ac3807.jpg,0346
218011fdd05d4f939c5e2647086f852d.jpg,0087
218129cb1b3d4fd8a56ccf36984375b1.jpg,0222
21863a427de54b16842fb4514d10c424.jpg,0210
218a344109b041e99f495296fa41868e.jpg,0149
218cdf7152bf4a139d20fe6fa05b5e26.jpg,0425
218d03be3f5346c7bf5c62fa5df9e716.jpg,0078
218d48eb092e4ccda7c80ac9f57026c3.jpg,0358
218eae48df5846f4a5e15fd04b48fcb0.jpg,0278
219149750fee445c82dbff9e6fb42c2b.jpg,0199
2191f2ad9ee84d548aa4cc6567904e08.jpg,0029
21921a7e11824ab59acb9d840a6241b4.jpg,0361
2192a99850e74d678ade19ff686e0cb2.jpg,0272
219378b2582f411c9230ecca6ac5ff50.jpg,0307
219497ddc1a24807b98f65f231d831f2.jpg,0158
219a8c932db948beafd095e060285678.jpg,0382
219b5bedf8864617adc2c8100a14716c.jpg,0487
219d7a3d755e496bb911570a5e582ecc.jpg,0099
21a196f44b974894817fab2d05bcb56a.jpg,0078
21a35df94e0f451baebc2344a87e0296.jpg,0270
21a6da8b5b604ed49b0de4a8734f143b.jpg,0483
21a832805e0a43cbba18d90a54e0e8b1.jpg,0104
21aa10bcbf954f1ea9f9621ad4ee841a.jpg,0385
21ad5891f41445da8721659456f8552f.jpg,0019
21af442086c648e186dafe043d5b319a.jpg,0284
21af8d7e7fd54cf5aa8650e82859fe3c.jpg,0040
21b434ad58754435a0c2fd68a5572327.jpg,0335
21b446d33203493f854dab13f429d045.jpg,0040
21b534d6f92d4e14810bb16ed352ce7f.jpg,0419
21b6465b2c6a4e2c9915a98de374b0b1.jpg,0115
21b646bc89c94c94b645098db36292b4.jpg,0312
21b8e68105634f03b1abd4862f778e4c.jpg,0177
21b9540516dd4add9bf6f2bbe7b24664.jpg,0098
21b963bbd21243979e7680295de29d22.jpg,0490
21baca3ed392454baecdd59e888b92cc.jpg,0091
21bc496d68794c51858e6141fa13de9d.jpg,0447
21c1e537d8cf4451b44a3d01e357c717.jpg,0080
21c45c8e75f045f28969ba41af938481.jpg,0217
21c599e221734cfda46dd699c5511cfe.jpg,0162
21c67295a1fd4fcfabe4feb0f88037ff.jpg,0174
21c8ff80a99242caa973e163a5299af8.jpg,0111
21cb4a4a8f484f208113c68a7915484e.jpg,0468
21d877f0fecc43fcaa999cf3911d4440.jpg,0332
21da037870e4455faaca19891ab3c4ed.jpg,0249
21da73ace16848f1ad44b8a831a7e23c.jpg,0122
21debf27047843778434e33356804fc3.jpg,0340
21df0345bc784ba498e98e786327652e.jpg,0256
21e0d915d1b44a53b1d5835fd5311c29.jpg,0367
21e33b9f49e84f86af14218ecda9c0c8.jpg,0085
21e6901aef47440faf701b48b1f0bce3.jpg,0450
21e7ea87f9024405b620c937b991d743.jpg,0014
21eefdfe16ef48aab2c694d1dcadd84e.jpg,0411
21f0f055e7c540db99ebc242add931fa.jpg,0045
21f360777c3f4004ae5b74775f5dcef6.jpg,0018
21f43c961d56445a8b2c58b1f63fc1a3.jpg,0348
21f4c3bfb7254958b1844609ba7a3975.jpg,0152
21f6534cdedc49aab684a254eadc3308.jpg,0209
21faaaced2924c7c93d50d53a7814b9a.jpg,0215
21fb2b097ee4477682462a3e79976f21.jpg,0267
21fc78d8f08f400fa306dbfcba52869a.jpg,0435
21fd2e7f73804b94ac7f66d2b5a459c0.jpg,0133
21fd8c4066cd4162bd786d106c39fe3e.jpg,0285
21fd9e2561c44b3dbc065cbe2e02c6e2.jpg,0108
220297138379402c8e158b52aafbc77c.jpg,0384
22060e7e55b4436d9569485caf5b9c8c.jpg,0059
2208223cdc8543ac928ac2af9b0c4cfd.jpg,0296
220829aaed6e4d238bc6af4eede6c50e.jpg,0285
221005e9c4064322b012526f8e8d4e30.jpg,0467
221161e0256a48fe9f74b1cb58541757.jpg,0425
2217a97e2cc646d1aa11fb1119a52ef1.jpg,0148
2217aa2ef99c41ae8b4c405e97875473.jpg,0224
22191c2035084b99b8e4cef17412ddd3.jpg,0456
221ab3eab4d842778fb1ed594aa25c06.jpg,0214
221afd4b7f254fdabe0587ed57d04c3e.jpg,0371
221e9a62af85499cbf3d161fb53fb417.jpg,0329
221f13871a794a5390f012007ab1d674.jpg,0354
22207f46d4b541c18b2f67b2545119ea.jpg,0332
22212bef19014f82a7be7af33b648a5c.jpg,0104
2225096ab2714d7784453c50a5f207a8.jpg,0126
2232aa76c12c408f9ee37b0bf4c8882e.jpg,0052
2234a2cfa8f444eca184d017667d28af.jpg,0049
2234a511a98d418eb42e46579a0e4b3f.jpg,0183
2236b5e89e76410399b315c120cd0c95.jpg,0313
223961f1a11f42f5b965b70aa0ce7426.jpg,0244
2239c144b1894649ad0b293889ac4df9.jpg,0347
223a06babfb7480390ac922ed07dbf06.jpg,0332
223b518ae66f41d4b725d7053936f90c.jpg,0499
223df1b79d7a42778f2e979f52e027bc.jpg,0438
2243ab8c275d4b5aba5ec08907c8f0f7.jpg,0056
2243d159fdb1412c8f62a9525f0320b2.jpg,0174
2245f3dda1c848acbf3159f9a6330863.jpg,0167
224ce0c54c1d4737832ce4411a716619.jpg,0076
224d4337b2ca45daa0a79c6a452d175d.jpg,0024
22520049850d4f49b7b0f833469701d9.jpg,0003
2259f835fb3049799244afa183990d39.jpg,0174
225ce8278e0d4a8bbb600c969c6a4d82.jpg,0170
225f2807b95b4724988114eb47cbb55e.jpg,0073
2261aae8070041cf87edaece5c3627b0.jpg,0324
2263eaab0e72423ea620cb6f2acc392a.jpg,0391
2265bc8b615b45b2acb7df0109b6b5e9.jpg,0097
226eaaacbabe4e79855fd517aa4e6151.jpg,0404
226ecaca62bd4e9abdd35db0a3f7698c.jpg,0296
2279f8729d014632bb192cd2081d250d.jpg,0097
227d6b59c3914181890cc15da1e3c673.jpg,0209
227fb62c6b564a0ab0c77329c5af95b1.jpg,0313
228c7d4b75594b77bba9dadb659c0672.jpg,0307
228dd9e30ca049da96b4f02d7025ba9e.jpg,0464
228e6a8550ae4ca78f3be811737494b0.jpg,0483
229345c582434974873d95ae5238cc2b.jpg,0293
2296e5a872074013b98b9cb40fa9e1df.jpg,0457
22971c753d4d4856ab928323c8aaccf3.jpg,0209
2297590cf9e14d9f8a648c86a7511362.jpg,0429
229941a455374774a000b64243f7494c.jpg,0211
229e5c31db764fbf8fc3f9b6a651e606.jpg,0075
229f5dcb706946d79dfb7aed679d6018.jpg,0228
22a0e18cc8c643f5a5e041eb9d4d11de.jpg,0103
22a7f180a52d4b72a77455c657cd3d6d.jpg,0197
22b3888421af481f9628940fca7ef156.jpg,0493
22b491e00dae46ec81c57c97f9175705.jpg,0470
22b4c4e23444440298f1e0b3507cd414.jpg,0196
22b53ebb76d5499d86d7e3539341155b.jpg,0043
22b7cc31b9494c15b55b67fae715d2fe.jpg,0274
22bc6892d81348b49bcfe008eac87a1d.jpg,0067
22bcabbb6d984316b7592783b514d4b8.jpg,0309
22bdf59db391491d896bd0ac63f81531.jpg,0128
22bee963248540429d8f9cab8c075c8f.jpg,0412
22c0969298b546bc8f2d2eec862a3156.jpg,0475
22c4f0eee3a34fbda661b7df50c34f3d.jpg,0215
22ca894c7d73408286b405327c115d25.jpg,0265
22cb1e41c64b4627ae491564562d4bbe.jpg,0001
22cc7cf87206457cbed3c0726f5c570b.jpg,0309
22d070c6399546ab81b7366115170860.jpg,0225
22d1c2ee59694589b0fa9b17af69a512.jpg,0222
22de5e7582c4419a8887432d0b02493a.jpg,0063
22e197b6ba074e77856a2e9096fdd5a7.jpg,0096
22e7501a9aa24e8f898f84041dda1a24.jpg,0105
22e7a7a76f9f42f9a394c31124c97fe2.jpg,0240
22eb267b3d3042159de51d9419f33525.jpg,0165
22ef8e30aee346b68b3e0ebe4b7603df.jpg,0009
22f88d54f78c4be79e0b9f6369c35196.jpg,0160
22f8f5dccaa34303b0b4a48ad947d645.jpg,0385
22ff7a61b0e64c468e00302cd2fb0432.jpg,0231
2300c1b51be945cd804e3f13d298e4a1.jpg,0172
2302067593e0486eb963c28b7c5348de.jpg,0308
23021c707a694d479f82f9f14f00eed4.jpg,0229
23022eab37c44e4b98f166144e061de4.jpg,0406
230ab4d257c2477fac1cc9ee3b11c36b.jpg,0424
230b082f4c62492d8b07f1c6b516040f.jpg,0137
230eb53c54374196b5e387f0b63ece47.jpg,0273
23110e43f35247e78cf21cd54388df70.jpg,0148
2313225a47e448ca96ec0448b3f5191d.jpg,0215
2313ab176a5449169017fd3cc876ccaa.jpg,0495
2314ac5637ba4fe6ad8508bb5114bc44.jpg,0438
231511dc332c45c89b84cb22a63d979d.jpg,0448
231529f347ef417e81298f450ef0ad41.jpg,0489
231e20d567e5465bbec940cd89d2ee47.jpg,0101
231f303f64a540699a5d9e6f9bac3f19.jpg,0350
2327f91c200941a687fee265f6a7c65f.jpg,0297
232c9dd40f8a46bd8628bf4fbeb67301.jpg,0343
232e13c36ccf41f8a8b60069d3988a27.jpg,0337
232f82c3d0d144c78cfb81e987e7c646.jpg,0452
233108d9e34b4ac7899a1fb17fb7b32a.jpg,0055
233183df3e33432c81f89a54a45bb832.jpg,0239
23357199fee84e709b7f3bfa453dc74d.jpg,0106
23361836b9184c34bfe70cee0f8ed413.jpg,0080
2337042bee1d42ca8c7fcd5e5e670f71.jpg,0482
233eaefd69b84f4a9c9d23d29cd96df0.jpg,0322
2343a5ee144c41ffa839d1d1e3243a47.jpg,0334
2343b7e33b334853a3be5f15e391f7f6.jpg,0337
23478373ea8b4921bf8eaf6c0ce92c2b.jpg,0105
2347f91ea6674ece9b464f976aae3c2b.jpg,0243
2348ccc1bef546b187303127e6bf756d.jpg,0071
234a15f700fa49c4bffa8e453df8228d.jpg,0361
234cbaa33eba417086a9cbf7949f0897.jpg,0103
23505012cb374fd49f54523b133b58ac.jpg,0363
2354bd6a1cac4faab873d06b7b354422.jpg,0352
2354c5098e4e448fbf8ea9277d801799.jpg,0279
2355163c33f2493cae30b881ce7b8a62.jpg,0128
23552b0033114ddea4df233a20df45b9.jpg,0208
2356401e53d042469796b2bae85c6612.jpg,0267
23564dd273fd4971a65394a58e7b1909.jpg,0497
235876a271964185a12305f185f65358.jpg,0356
235df76db00a4f35a191d4c3c3d79e0c.jpg,0016
235f1dbd478f4d868c7e7d5c93863e25.jpg,0237
2360308e19b4456bbd1b93301fca776b.jpg,0208
236048a62abc44d2a7e9f624cc3b107f.jpg,0233
23606d2ff24744cb9ce576e0b0964a4d.jpg,0354
236474b3641e4da98c9817bdab5009c2.jpg,0326
23652ebd68b84205800eb8baae7f4c37.jpg,0485
23672dd15e80432d95cc0ba95abe68da.jpg,0054
236975746b95476eab304209f62397a5.jpg,0138
236be23aee42481cb79537e504514470.jpg,0370
236edaf195914a57b59ef2db7c10f6ca.jpg,0246
236f76216226434ca184653ce0bbdbc3.jpg,0033
237289bbaa054703a800ddb24a2a9fad.jpg,0234
2372d2bd2e09431ab31f8da1072f0e91.jpg,0229
23738ca44c25425b8608f994fa26a0f8.jpg,0089
23782adc17194b189f75eda15dfbb9b5.jpg,0181
237c65e649974dac99726a8accb91cd1.jpg,0022
238075ed46184b51b3de8e62836549b6.jpg,0212
2381e7545c8244ea942ab2ee808f8b98.jpg,0475
238298b69b494f049fc2bdcbd28a7fd9.jpg,0380
238299f81ba841458b2d2502c472a016.jpg,0190
23831da34a05452aa4c6dd85c12067dd.jpg,0013
238dcad106f047838b456d932ce7e8fc.jpg,0271
238e7e9152c144928dd12272618fc3fd.jpg,0304
238fa29e9a874dd9b0168ab832d6e885.jpg,0384
2393156f1f624ea49f6a8af41941433e.jpg,0034
2398e918d0884877ad71ae8f72a69340.jpg,0302
239ccfcd7e934d98861d521e553deee6.jpg,0245
239e1427224741ad9311fbb13cd02f8b.jpg,0063
23a135daa5204633a12a6d92af079b4f.jpg,0185
23a3bf1c15cc44829beafdb5ecfab91b.jpg,0143
23a53f7f38b04ca0939c8dee3eedd56c.jpg,0408
23a99d1e79fa469b92d18c99aa823e5f.jpg,0482
23b98d00b9324981891765298f0ce554.jpg,0425
23bccaf795ea48a6bd6c4a1617c777e9.jpg,0228
23bef9b7d2884b27800b21441aed868e.jpg,0014
23bfa93d121e4fe8bf16ce4ec8415adb.jpg,0443
23c56923227b440a9305efb51b0f1ec5.jpg,0314
23caa677d965460484ee7f5513f7bdf7.jpg,0247
23cd83fd1f1e4c7694c70ea12ab2a0dc.jpg,0364
23d424cb992b4599ab4dc1cf071cefc4.jpg,0203
23d928cef6fc4ca0b843d1e32189d349.jpg,0426
23ddceb2adca404881a2358aea0e51df.jpg,0286
23df85040d944fb2897b859779bb93ed.jpg,0222
23e0c73e63af461bbee0b6d38979ec03.jpg,0057
23e67a85881242bbbc5b1abcbeb74939.jpg,0429
23edfaaf702240f892fe4556b71f66a7.jpg,0220
23ee08423ce041e09c1f3f6f9bbd62dd.jpg,0020
23ee328a4dbd4ab2bc79d9c505499c99.jpg,0079
23f1c1fee3ff4ba690115615c8fddd1d.jpg,0376
23f7d535fa5849bf81cd824cb23e13e0.jpg,0089
23f88d72c21c4dcb9d3954e8f75e33b8.jpg,0159
23f96fa7b525433c90eebed616982dfc.jpg,0213
23fc1ee697554dfda467fd0f9ca44836.jpg,0009
23ffe6143c114270ba508a0aaab6c5d2.jpg,0228
24005cd9cb164eaaa2d84d6e7af468da.jpg,0463
24018a5fd755415dab6486100b2cc56e.jpg,0355
2402f70e4ae04787b4607d3788f2440d.jpg,0189
2405004556d347f8900d6fd3217819c6.jpg,0444
2409237c10f64ceb8cb6d71b74d739fb.jpg,0172
240be0b480914936bfd5ca62b75adbc0.jpg,0306
240e28744b8a445b9947d1e3eea47b6d.jpg,0412
240eb7260fe94e788156998d2877f381.jpg,0154
240eca3376f643069f1ada64036576b8.jpg,0342
240f20d54cb04918a2c170a0f1566b72.jpg,0387
24119ebc0ac14a3eb9844d8b3e9b99e9.jpg,0463
24146cb47a6442dd8deeb6fd46ea954a.jpg,0132
2414e7803f0f48cda59ea16c3e868eaf.jpg,0057
2415319e6c434670b27cc8ec06fc8091.jpg,0227
24207fde864941dc9990e28b82a6f8ea.jpg,0009
2421e7b53cd84bcb835d6de70966e337.jpg,0270
24244d3dee1c4f299dc839aebcf6725e.jpg,0110
24299566cefa4c9bb02362ecd87513d7.jpg,0372
2429fdffafdf4bd3a438bfe83fc40ada.jpg,0404
242a3acee9c54831b0d5dbd8032e5939.jpg,0054
24342cc96abd4ed88a4b1196d8dbd72b.jpg,0125
2435a28695a7452996909c535b8915e2.jpg,0382
2435cb8247134a07b36a6c687883f03f.jpg,0387
243665d49afb48e4b1b1089284c8dadc.jpg,0056
243891ac5e644712a9c82f0ee7fa7ec0.jpg,0149
2438991fba3c45a48ca83325e4cae7a1.jpg,0403
243cb9b875604bf7ab92b9f84e3ba6bc.jpg,0260
243e9b7ac09b45c1b600a3050f9b867f.jpg,0223
244052e76a2b4f2ca8d9d8185a2a3910.jpg,0055
2444487a18c7496b817819878083b16f.jpg,0267
2447b2956af34308afaebac6f8ea0c3a.jpg,0408
24534eff4ff14e17b34809b2b2828418.jpg,0093
24560b6a96ee49c59f00744c9f198b7a.jpg,0369
2459796774ec4521abed7c2389944364.jpg,0135
245a7f08cd17403ba04f10001bc8776e.jpg,0236
245dd05b01ed4e14bcc461b181d649f4.jpg,0196
2461a67e29224aa68d3d0e1d18f411e2.jpg,0372
24626b33c0e5497592ad1cffcdc73b9b.jpg,0182
2467fba28d034d0d90ec6d962c52b3a1.jpg,0082
24686bb654284042be48af4075a11c68.jpg,0187
246c8ccc69634ea39301b2e9a9b74340.jpg,0343
246dced901ff47f9bf97e9b5543339d0.jpg,0363
246e34e77ea64b298dbd6b383024a6f6.jpg,0423
246e3651b48b426a9f6eff66321b1c20.jpg,0195
246ec629c8e1426bb0b391e1d1ae1b9c.jpg,0485
246ed930dd2b4a6b9ecd1ba6651a7326.jpg,0310
246f12dd4d9548099b2948ffda0a2d91.jpg,0473
246fc2e46060488eabb56aa30014971b.jpg,0486
247697b2ea074f31b6f0c236de49d379.jpg,0191
247a4fedee0947778af0a15c55d063f9.jpg,0450
247cef4f707242e7baae24c70125fd3d.jpg,0428
247d9f78a8f04a858eb941e7f3c19801.jpg,0034
24809db0f70c4735b109c0c964fc97cd.jpg,0017
24825e17401544809f0e4ad719b2cb45.jpg,0462
2484a92c27644d5cb4cec25ff9886f67.jpg,0216
2488a84af6a84e96b7806e64e9dca108.jpg,0352
2489d84ed7054448a74bfb70527b99e2.jpg,0026
248c1609e2544c4281868e19bdd497ab.jpg,0189
248f579a9a1245fc84618507429cdc0f.jpg,0499
24928c8fcff04f57aaadab044716b392.jpg,0386
249353ae97c94150aba87bda999c85be.jpg,0282
249391a1c52340cf815034d79a954c67.jpg,0319
2499eb852d6243d486ec2aef2c86afc1.jpg,0297
249a84b2b56645aca5e46c340d8a3689.jpg,0223
249aaf69e0a44d1cb6cc7bc4e5022198.jpg,0107
249ba106b0204817afb4294bf8d8bf28.jpg,0175
249d58be90444766a27030ece110f1c0.jpg,0490
249d940c46c042159977e3874686fa88.jpg,0049
249ed27a78bc42aa97543340bf7661b7.jpg,0327
24a0f10deb834c9b957ed750cffed345.jpg,0018
24a3cfe451de4c7faddd10b379f5b25c.jpg,0083
24ab0bb25fff4351bb89c20d018645a3.jpg,0011
24acf11fd28d4686b470c0e9d8cbbd3e.jpg,0097
24add0699da94c1ea78aa871ca2caa5e.jpg,0050
24afaf06c3304641b90c6831ad9d1274.jpg,0033
24b0930574e9456abdb6a4361785e604.jpg,0269
24b11c00fbf84b2290cfc00d5e53cc2b.jpg,0225
24b173f28b124a838f2edf128ea247ec.jpg,0161
24b5059bfa4c4b9f96f3f2bad4146979.jpg,0450
24b50b540124414bb0ce0a4922248284.jpg,0307
24ba86d6fd834c3cbb44a02bb5cb1d9c.jpg,0201
24bfeb37bab749e9bae8d7b93ad826ee.jpg,0002
24c0592029424d12b080ff66775f8bf0.jpg,0157
24c3f935df5442d682d12781bb19a0f2.jpg,0136
24c4b2691eba429ba5da2e7024cd3c28.jpg,0463
24caa64c64b847a0a60c874bc3de5853.jpg,0283
24cafac045774a9783b3b270ab5f4935.jpg,0146
24ce2367b866466b9363866aa2665536.jpg,0300
24cefdc72d10423cab616460cbea85f1.jpg,0207
24d1600aa705476c998d5318fcc27703.jpg,0131
24d37eb4b9b646beab7f2662ca6cb60e.jpg,0321
24d686c3421c40f3958df3af01444f29.jpg,0079
24d6fc8f745948feba6118c50f9e94f1.jpg,0430
24ddccbbac5d4842ac81e81c9e5477f0.jpg,0098
24e20b3883034cf1880faaa63a9af08b.jpg,0057
24e3aa032a784f1793ed7d29c1466901.jpg,0471
24e3f9bc2d364b619b5e366b22d08d87.jpg,0418
24e5ca6c1b9a4b17b1f8d5e2a3c469bc.jpg,0295
24e6318f519046538f3bbe7c79439cbb.jpg,0025
24e776c5ef3e4e2fa552e6b6ef137842.jpg,0200
24ee718048394dc18285f084d42ac975.jpg,0054
24ef75299ec34a15942b0e3ce6e763f2.jpg,0226
24f438a6c850400296e9888113d7a1a3.jpg,0202
24f58946b23340168024c2f2fac113ff.jpg,0304
24f7eee5ee7e46f2a74a821734a5e065.jpg,0036
24fb67b81b274f739fc53c3bd13f8339.jpg,0435
24fd6abf1b4f4759acb6ea9e4344fd0b.jpg,0023
24fef70f4df742349320b867c8be0f20.jpg,0490
250af5a3c7414d86b68423390d76e6cc.jpg,0180
250e900c73eb4c8991f35bd5099880d2.jpg,0446
2511e08dbe174b7582b2125e7625ec2f.jpg,0451
2513e6d5e08444138deee9b032f253c1.jpg,0383
251405ffaabd40db849ea724824fdaa7.jpg,0048
25147d66af6947d8b278e79f1e5c6f77.jpg,0192
25194b22ed3d4256a93587ae1ce12ae7.jpg,0205
251ad8058b3d40a0a05612051dfe1965.jpg,0214
251b2691025b43d59c6821bcf4a9beda.jpg,0049
2522d027ac49451cbc18ca2c7cbad94e.jpg,0449
25234a371f5b412c8cbe7384e71c8884.jpg,0305
252510348f654f4daeca8abc2f249500.jpg,0467
25260057dcfa4bc0bcc6a6643fef9edc.jpg,0121
252729078eaf4fb4921aea73558d1417.jpg,0252
252ac5c6fcbe4fbdb0537a9d2ca6bbf2.jpg,0160
252d7209b3c44925991e3b224b5aced0.jpg,0349
252f09b77a6547eeaeb62148a68a8057.jpg,0173
25311ffe36254896bd15942d6348078b.jpg,0174
2533bc992b6c44eab7351bd6ce852c45.jpg,0371
25344708467c4e919ab3b305be2dcb4d.jpg,0175
2536f5bf285b4caa8c42bcd10c9916f0.jpg,0295
25376127727d46eeb000730903034e3d.jpg,0183
2537ba6fcc9b48ca9195c28b009ea370.jpg,0128
253c1df0908348228596c945e23f81cc.jpg,0138
253c216dbb5b4fbd92d66190dca37076.jpg,0005
253f906822ae4435889b77565aaca803.jpg,0354
2543033a006b4c16937142adf1bed60e.jpg,0005
254750b4d117489e82a46a2c17ad23d4.jpg,0209
2547ab737dbc44ef8e3edc3cfc861bb6.jpg,0235
2548846738ab42e7bce50ee89d374947.jpg,0132
254b1bfae4074662ad2701c6d50e96f6.jpg,0407
25524448eafa4bb1b4f7abdf27510a6f.jpg,0099
255643e1ac544689896f755252496e0b.jpg,0148
25598fbe291b46bcb8ef490436165634.jpg,0333
255d88de457840d48f303e070f95839b.jpg,0384
255de1560dd64b1bab9f3b3852c8b38a.jpg,0427
255f4065f0ec4a3e84d01d2081ac01a9.jpg,0277
2560fae66a384dc2818120f3ec747f67.jpg,0224
25675ebd137f46e8bde77fc9234a213b.jpg,0477
256c3da433fd4538919a128ee716f6a9.jpg,0275
256d6b2da3f04d90b4e1f96dceab3e01.jpg,0038
256f61cef24e47cfaea0bc8ab5886459.jpg,0441
256f6d4bc0d642feabf84cfd22ef22de.jpg,0144
2572026637fa429495c5daf62d444782.jpg,0469
257225317ca044ef957ea322eea30c2b.jpg,0378
2573b27094c64eecb38a5313b3de5e35.jpg,0429
2574c44ad94f48d6b327e86e692b2909.jpg,0172
257644a9da1b421c9a18160196dc27a4.jpg,0484
2577437fe7dc4a3b826261dd2290ec08.jpg,0181
2577bdc3563940f0a9d74b1bdb64a497.jpg,0132
257b28eb3d90492f8ebf2c260d95889f.jpg,0159
257c39d749074996bfc69fdd5d354907.jpg,0352
257e9bf99a5c4df88a03f760275d3a8e.jpg,0148
2581cb015baa4a3baab80fa80745de67.jpg,0138
2582f6fc774a4a4a81f289c51f0bbe05.jpg,0199
2585fa37275a4486853a495afc45970b.jpg,0202
25864fcc239f4fc3b3e4ef34c46f0c74.jpg,0025
25880c78db564741b8a8335e7f618bb4.jpg,0078
2589ba0365a6447289216ce35154372b.jpg,0324
258d5b81cbea4e76861728a0da1e7d7f.jpg,0069
258de4f6d0624e2fb09cd65280638495.jpg,0064
258fa4f19c9d4a309050e12e15a47387.jpg,0107
25909a9400a243f181c6c663d98c9072.jpg,0463
25924bd78e16445e8f76515f2216bb0b.jpg,0242
259289d8d06c49c2a42449d813dbba3a.jpg,0335
2592b3a9b7f8459e9079b8a17bc4f9bf.jpg,0266
2593e429e0f9426aadfec4a14c96eaf1.jpg,0453
2593fbd84a7e435c9d68d0e28b663849.jpg,0146
25959736210b414588329a420e68be64.jpg,0217
2595e82a6c034837a1d26f3d52665a3c.jpg,0388
2599342be4f0443796537187a9f777bd.jpg,0334
259d241831bd4a0bae3cdf9bb9412c77.jpg,0484
259d3b06a28f49fc84a5cd300784d792.jpg,0151
259e938e43d64b0fb870c3c14bc961cc.jpg,0480
259f1f28069f4262b88e4b3d59549141.jpg,0349
259f363410d546fbb2360a3e6b33c3e3.jpg,0153
25a00167d69f4c2bae1f0c037f48f2e4.jpg,0332
25a6504fa51e4364b2849a3de88d25ba.jpg,0291
25a6b48fb8f3444db5ce15e86ab33a9c.jpg,0150
25a81fe3cb8944b6b59d755fdf1ac603.jpg,0415
25aa24f2588843b7ad7a65072d5c6b3e.jpg,0422
25ab70ec25c840c7950e0d9b9b598a9c.jpg,0034
25ad79a3454b460e801706daea50821d.jpg,0221
25b2f6c68fec41d8b3b57dde00ddb78d.jpg,0136
25b8c2cb16ff4e19b13ea3257bcebbd4.jpg,0112
25ba3fd532664e0fbfa6e9b65c44abad.jpg,0157
25bcbe5b84fb4f6e943fdb6b2cd534d9.jpg,0296
25bf2fa752ee4b7aace9c249c0aae990.jpg,0081
25c2d828ab49438e8b433827f9cc9837.jpg,0471
25c8b834b163450a8e59d44155185a52.jpg,0256
25cf7b41b0084f099f1102735e5b778d.jpg,0471
25d0368deaf74875bded4161d7c07a7c.jpg,0177
25d15e6864ea4e74ba9745958edf643e.jpg,0294
25d3cf90477f4ea7b0fdb9b4ff9581fd.jpg,0110
25d47ccea4aa409f8033f6416d26ff64.jpg,0085
25d77d1a18b64086865153d82b1729c9.jpg,0166
25d8414e50db4aeea3d4a6f18a292c26.jpg,0467
25db0e34d51c44dfa3c3ea4a2e74da48.jpg,0479
25db3b8fdfe04732aabdb4d823552cc3.jpg,0110
25dc56e422744e2a9ffb70d9728731a8.jpg,0404
25dd4b7a78824bb9aeebbd70d644987a.jpg,0144
25e146085a9442da8f97a2e78ec9b2d9.jpg,0189
25e43d9c855b450494ccf31be2b58130.jpg,0477
25ed2bc685d946fdae9ffac304dcf607.jpg,0116
25eea924d1c94c6493c2f900786630a6.jpg,0267
25f14d07cd4e403da34910c678640d55.jpg,0305
25f93e13debd4ea78240724a3bdf45fa.jpg,0069
25f9f56c5c534319961cb6445b6c1119.jpg,0217
2600a9d05f464f85b665e9008d5881fc.jpg,0086
2603da6859584c358ae7126f32e1c52d.jpg,0178
2603ffd7af4c4b9f8d28469b9e384cfb.jpg,0190
2608ad129c214dc489449f1dacc0110b.jpg,0410
260a78a0ae944e0aab3ad09381f6fe1f.jpg,0325
260daa769109461fac66d6c12598bc79.jpg,0155
260ded12b45a476fb861b1d24742784d.jpg,0450
26108da6c8c748e1b015e2df0949c590.jpg,0360
261381c88b6e4eafa2d60bdaa2bdc283.jpg,0334
261dbe8d0d984bf3beb4bdf8221b1238.jpg,0477
261ef0e4cc0449b8b847cf467d858479.jpg,0328
2620d4fa869e4efaa8e6466d36dbba5f.jpg,0197
2621f5a6be674caf9be551d16790703b.jpg,0279
2624c0c014fd4074884d2db8b861f207.jpg,0154
26261bf8b291440d9745692624988d01.jpg,0064
262a820c0c834193b3a3fd587d7f702a.jpg,0445
262d5152fe8f438c80ae30b2c83f1ba9.jpg,0001
2633f0edca8743efb2d08e365846a798.jpg,0327
26441ae60de94fc78507ed6e82e72c5d.jpg,0452
2644d1a93eaf47be933682fe004141b6.jpg,0316
2646bcbf68124f798f490fb55f6790e6.jpg,0274
26484a41a3514444b0c549c186970e4e.jpg,0181
2648546203a94ac68e969de42a0593b4.jpg,0477
264ca69493b14002aa35d476dbea9b9e.jpg,0201
264fd7e8a3764dbcbc1aaa097e01871e.jpg,0433
2655fa07ae8d4e45b0e2c3b63950999e.jpg,0020
265998c4b9d9412ea5d71a64f49504a8.jpg,0364
265a77b94e7f4eb5a48daf73699d6064.jpg,0006
265ceb5060c14495829a6096d25161f8.jpg,0484
265decfee31a4526bf1c6ce27eb0ffd5.jpg,0470
265fd614435447c0bafa8b1ea75d5ba6.jpg,0263
26617c3870fb4b4db7a166ed1d3119f2.jpg,0068
26651234f759479591a9706cb6697860.jpg,0204
266540ec65054aa98bf3bb68a7f3ce72.jpg,0176
2669d02b16814714b564cf3001d96268.jpg,0311
266c743dee8749929b2794ecb20759eb.jpg,0024
266f28bb6917496980f321fbd8c8bdf7.jpg,0285
266fbe161c4442319b9c28f0ce54caf4.jpg,0474
266ffc398ccb4130be99ed841b1c7edd.jpg,0365
2672417e6c1f469a8161c1527f6146ea.jpg,0448
2673776d96474a7cb26f81089a719ee6.jpg,0235
2673c840f1f44ff8a58c1f019c41323f.jpg,0258
267599ba0c954cb2a8e809204c2aa070.jpg,0434
26768a6ecf6c464db60575a3b5a1f9a7.jpg,0196
26789a1da14648ffbb190ff5c2aa6a43.jpg,0053
267cad88db8943b69d3db64d1888e4e9.jpg,0103
26823f96e5c84e5594379f89b1962dab.jpg,0495
268377ae287e43cfa86fa5c493a89d24.jpg,0008
26855f6dd65241ee954a4c4fd84d0394.jpg,0431
268640c7cd36419ba0246bfb0811af81.jpg,0196
2694771d238f4cb0a1d383df1fadec12.jpg,0206
2695f23716db49b79e9b84dd8991e40d.jpg,0070
2696f004588449a7b2841c33e3d6f922.jpg,0125
269901cf358c470589fe759415d806a4.jpg,0146
269a5d912a05460bbce874d45f6669dc.jpg,0033
269c731da4be4b5985b9f717e45dca91.jpg,0195
269cf6dcf6fe4f9883d49496afa6388c.jpg,0327
269ffcd95bc64c9294335b9b980174b3.jpg,0313
26a001d0cdb44caa8489367817744c71.jpg,0070
26a4d45e62b44a73a75881a8f5b0fb2a.jpg,0183
26aa83b092914ac89e0ed368ee764c8f.jpg,0398
26ad838b6635419fa391c2de83fef086.jpg,0134
26af5a15d18d4040a36391989f36ee38.jpg,0145
26af85a51277402b9b73de4a5c48be57.jpg,0470
26b5ba1f9fcc42ff854af206aa8e52d4.jpg,0052
26b87cfc44fa42b79f9123a3222337d9.jpg,0398
26bc53cc353642cda9db975ce541cbfe.jpg,0246
26c3ecfc22404fc9aac3015f4eeb754d.jpg,0148
26c584baf5b6404882e4ce277e0dd86f.jpg,0330
26c8bee95d75432d95c3ec9e6782ea3c.jpg,0373
26c9e3bbdbde4bf4af8bbbad16f22c2c.jpg,0310
26ca6dbaff3e4995a7c35d74fe9c5e6d.jpg,0151
26caf4b84a4442dfa6919b980ce6eef3.jpg,0096
26cc0ef69de64fcdb78493db7a691aa0.jpg,0188
26d4b08d54b940ab8ce70581614f24d0.jpg,0258
26d820fa8e0e4865a9ae47dac95fb3e2.jpg,0020
26d8ad407ff24db08400a99ecb7723c7.jpg,0341
26da5857f38f4fac936c187160ca60b4.jpg,0213
26da593c85974f888275cdcaec829756.jpg,0372
26da6c0b2f06441cac3f94fb5aa1d44e.jpg,0070
26daf71dd4a34545ae8a4acec14dec04.jpg,0372
26db8aa093c14cedbc30e6a7a168fe91.jpg,0243
26e0e5dd0f614230a6156e46075ec513.jpg,0152
26e3a393df8947f3aec27742b04c12bf.jpg,0473
26e722f7e88443d695eff7f2765410be.jpg,0071
26e7f8b07f6445bf8b56b907c6d648dc.jpg,0350
26e8ec557099451b8f86d212bb472fc1.jpg,0431
26ed7c0bc9b64b5381a0aed86226ed53.jpg,0205
26eda4d6d1714db1bdad429f9b8c8dc2.jpg,0127
26f0c9f484504d29a0a60c07086b195f.jpg,0210
26f1525363a648779bda411d7d01f7f8.jpg,0173
26f25b188fad4a8695413f3e512f6afc.jpg,0073
26f59e18ebe64567a2afa0e8938ba959.jpg,0278
26f9fcf98bdf492580cf3cf029b2f95d.jpg,0182
26fb3cce2ed84d17ad4933c0cae06f97.jpg,0097
26fe6863a98f441f954df4b3066273c0.jpg,0381
26ffe77211a440738f4745db1d7f3dae.jpg,0329
270224f21f52457fb553ac9af5eb0384.jpg,0039
27046bfb73ff422e80e0ef3dbc38a764.jpg,0394
270a85f1187149dbafa53aefc051cbd6.jpg,0328
270bd2bd14d8434faef6e62cf0c8703f.jpg,0340
270d68a48e184d91a26684f1b1355ed5.jpg,0039
2711dc9127eb4046a3cb80b26ed90bf0.jpg,0362
2711fd4ed084478699eca0c59554a9ee.jpg,0207
27127df97ebd4f1a8560cf13e96cbd73.jpg,0138
2713307780ae4d8c90103ac373e44add.jpg,0053
2716d5aa404643e6beddb37def5d6702.jpg,0215
27193b10aaf94709a90958a0fd6f596c.jpg,0031
271dbf9e46de4520a9906195a3cc4fe9.jpg,0313
2720e5102ed146daa3efdbda36c9f056.jpg,0318
27218658fd7f4278960d698e8b54e27c.jpg,0009
2721a9223e564d138b6fded72f2bf10b.jpg,0149
2722cd3af8e34bf883d1e7c11fe0226e.jpg,0056
2724d71913374f92ac9664313fc9b65a.jpg,0249
2727f297d26f468b88543082d8f19a9f.jpg,0044
272f3628c49c4327b7c09fd9447b8c39.jpg,0288
2732cb19c10547e2ba7149b149e52817.jpg,0287
2737a7f200044c4297ceb0a2b5be5fd6.jpg,0403
27386e29997343cfaa0faaa293f94055.jpg,0426
2738f24533f44ef18dd16d816ee5a275.jpg,0122
2739036ce184488085c23ae76bb293a8.jpg,0276
273c278ad7b248eb83587650cc7a9073.jpg,0059
273ed8cedb7542c6b5649aecc3a2fc12.jpg,0064
27408330cde646c1bd892111d5d3db90.jpg,0476
2743f39cae9b4d1a81d7083d45184114.jpg,0214
27461e37636842d09e65d7a0a5817636.jpg,0420
27467377ce77432dbe850eced4efc143.jpg,0226
274dc962714248e4bc700467d2d5e911.jpg,0192
274e191ec4244759a918bcc113995085.jpg,0242
274e8ba80239486ba76cf3d6aa9ad281.jpg,0496
274fc62ccb7b48cc97b7432b1786b1a8.jpg,0447
2750bb6f81264c329cbc945d58e38b32.jpg,0198
27510d28ceb5497fbb7b9f53ff6cef8d.jpg,0263
2754305f60b143c2a810f1547074902c.jpg,0463
27570afcf1d84c16b5d9f5d641eae5ab.jpg,0375
2758c0d74c0d4e0f940c929100d6ff21.jpg,0075
275a8967c3fb447d8afb28ef6792b11a.jpg,0491
275b8d9a12224bbc8bc247ca9a9a0d83.jpg,0270
275cdf415c804165bed00b1bae4fe725.jpg,0309
275eb0eaaedf4ff1b5e4ef1e3bceed9f.jpg,0427
276149ed042d427bbf27fa56227d0b7e.jpg,0392
2763d5c86e0c430392201e84df6894b1.jpg,0400
27649889e93b42f0b9694da49495a954.jpg,0424
276a4b5c4b374d67a54c407b39732e40.jpg,0367
276ba6f66574442aa10171e667ac41d4.jpg,0325
276f803d8b0d4501afbecf9e5f8f254f.jpg,0171
277495ea423448f688b955cf19f6f87b.jpg,0433
2776c6741c49411ebb963191e1cc5557.jpg,0162
277b9f7c77154b658d256e88d2478b1b.jpg,0149
277c5e62cdb44a0295d9a17866040931.jpg,0370
2780681519374e9e9e97b79b0ffd1cf0.jpg,0092
2786362652844c6cb3722d37b5619ca4.jpg,0263
27875bf3f07e4818962da00df811f6a4.jpg,0447
2789c1db0ed94ec187639d6576c4977c.jpg,0402
278aa3482e7f48b79b50a7cdae7d4de1.jpg,0021
278c7f308abe4f28a871a8a928abe706.jpg,0201
278f84a29d4b4c4dbbc1c714c70fa724.jpg,0271
27930e14222b4f9789bc79279892759c.jpg,0437
279368b9dcb14b56b3620c71908d4636.jpg,0420
27938cc0a9a943ef850825de5ec1fbce.jpg,0138
279445a274e24983999ab7be010e3b74.jpg,0052
27988d90772445b2889fe475d05f4609.jpg,0483
279c9e66723747e89717f9c7615696f0.jpg,0352
279d245e9be44bd98b8126a820445157.jpg,0242
279fa04635614719bd6d5724a26ced98.jpg,0128
279fef50418a44c5b06e4e356690819f.jpg,0039
27a0279440ec402595eafa22fc3b49e5.jpg,0018
27a084c4dd1c42659701dde018df398c.jpg,0066
27a1caedef7346ba85b349b8d91098c7.jpg,0205
27a37cf1389548fb94d650b96228d1e8.jpg,0462
27a3f1b15840400691002c1e063b6913.jpg,0076
27a5d83da42d47e9b8c6ca9dec619a4e.jpg,0104
27a8b381999847deab849aba021bd5d0.jpg,0377
27ad98c536264e9686654fdbc45e740f.jpg,0097
27ae828b8f424a999f44fb70d2c771a2.jpg,0092
27b10e89ef38487da1cd8e66ceed9e91.jpg,0239
27b19943141649dc8c90d8d94aacb157.jpg,0043
27b20241811f4a92a6ec3bb61caf1d44.jpg,0207
27b4e051f9f14118a47fb70d825dff42.jpg,0213
27b4e3e6c0844d82ab12f4b7b3aa35e9.jpg,0466
27b8cb0165314196b88cd93e8b958b6a.jpg,0202
27ba3b2d3a5046448628406a026d4421.jpg,0298
27be5a03e60b41e0ae056fad62835204.jpg,0413
27c43f3f511a409391383ba3ec972830.jpg,0466
27c9385dd87b4da58e7759927a1ef622.jpg,0263
27c9b0b8a1f04c9d94b5b122b0f6df57.jpg,0466
27cc0489918a429abf188137175c39a5.jpg,0208
27cf9e11ef634cae8d43aedc343cabb2.jpg,0442
27d040fe338a49db82b836a98909ddcb.jpg,0024
27d5ead66b89432795822e58cf7fe623.jpg,0415
27d9bef0099e4da48d0898eaac552ca0.jpg,0440
27df8c9113924205b69661de10025e56.jpg,0159
27e6223a9a5f4403badfdde333f63209.jpg,0115
27e67b6f0eca4625adb4055de90ac616.jpg,0316
27e769779d9942b29d93778c45069d3e.jpg,0428
27e7ca70dcc843c6a8f54122d96ca9a9.jpg,0188
27eac5d61d184f31bc65395507069f3f.jpg,0038
27eb2de27a404565ae39ba10352cf90e.jpg,0460
27ed41a8acaf4636aab0aaf8d532554c.jpg,0342
27edc9c6896e41578ba99645f4368eaf.jpg,0374
27f1646530914d05bb4402549f9a1044.jpg,0368
27f1b73794a7425e9f35fa3f53d3875e.jpg,0275
27f1eeb1385a4a7da385d5af624a053c.jpg,0259
27f66908b1084e9db06f2d19567c4310.jpg,0047
27f7f366a16c401b957bd9d4915ba362.jpg,0462
27f81ebb47824b1382559dc3cbfabbcc.jpg,0160
27f82b7fad7e4cf9b3bb2d7ac1c6be86.jpg,0496
27f8409eb7314a55b0abf5a39db17400.jpg,0241
27faf59412be433298af5befb8e82a8b.jpg,0190
27fe22e973224bdbacc0d7faa33ba934.jpg,0306
27ffa7d66b2246fdacc9638efdcf8e37.jpg,0302
28044b28d740492baeb6447428b48b83.jpg,0277
2804a579b180492598c85426cc16175d.jpg,0048
28068d52d41c4568af7e7da45d732053.jpg,0409
28088b8a47974e169bab94760e57ddd0.jpg,0063
28097cd9c7ee444da510d938d90038d1.jpg,0128
280a08d6fc1a4cd084a8cdc0a5b27e34.jpg,0359
280a335705cb4ea89e8603101fe784da.jpg,0482
281af1989da947aa9aeaa2daca9123c0.jpg,0420
281b98c8365d474b884084e9a5b8e90c.jpg,0257
281ca11d017b41e6a060bcc127849944.jpg,0464
281d5a8776874663ae3fb155e1f03ee6.jpg,0155
281eda4559134095a78eee3948b04e4c.jpg,0371
28209ce9608c4b7f8bfd45ee84da2a5e.jpg,0012
28242b11d96448469560919714080055.jpg,0454
2831596802b54fe4a9363c818e6884a3.jpg,0166
2833d9f63d5149c88bd7183241d1aff2.jpg,0400
2836e18817d34c6bafb632d94a0f928b.jpg,0299
2839bf4b874f425d9d50158c58dab27a.jpg,0481
283c289edcc84c4789e5b1dd2cf90e9a.jpg,0110
28414d7d515a41c29016010ee5260412.jpg,0068
284942d76f994ea79908d911bab90038.jpg,0470
284946b2e59b45ee9aa9f62f3ecd6caa.jpg,0282
28497d28ed2643f08512da4329273299.jpg,0352
284a74d86f5847afae87ac4a6e1a58ad.jpg,0390
284df34477654e25baa6aafb4bcb546f.jpg,0386
28527b17296f409088a279c1025a4814.jpg,0014
28531af7a9e949dc80fa1b0d4f8b87e7.jpg,0041
28548b7eb6e441afa7911a28c892c9dc.jpg,0120
285a8328b9244ceeb0c68aa64f95b8e6.jpg,0042
285f2e6b0b9d4c22b92f1049c5e7773b.jpg,0347
286129bfb8ee4fa9abcda1d3e7774053.jpg,0077
2866e5c71ef14d8eb767d1ef44baab02.jpg,0050
2869999ce7894a119bc2c2541f19bb22.jpg,0141
286e712be4934e948a8b53452e06f5af.jpg,0039
28709289e2c04126ab30d6cae7fdc459.jpg,0009
2871fd4371c3479ea6197f76ebf103d1.jpg,0008
2879430c188f49bc850ab6fd6dbbb2d9.jpg,0456
287ceefb3c58417dbeb36d3b8f6030f1.jpg,0336
287e9018b628448cbe0605bcc79c5a35.jpg,0428
287ef5d3d31643e2998729921af08bb5.jpg,0275
2880045666f24860b88a45fa2ef746bb.jpg,0216
2880ce30474049acb0c5311fadf53505.jpg,0247
2882ac65fecc4a52938812affc5ee169.jpg,0092
2884b1a95d394331b6c14b3c9dd39aca.jpg,0174
288846916b4a4eedafe40413683c6653.jpg,0089
288894ca52d84d209c420d0bdfc43f2a.jpg,0025
288965fabc1043248aac5b45ef4aa434.jpg,0447
288bc97dafd0446aa3dde1fa9cb8b728.jpg,0099
288d1ddfb8f74dcdb9764fb5f34622d8.jpg,0403
28991837c5384c01a18e176794769cdc.jpg,0048
289a5a94917342bb82a474d33db242b6.jpg,0118
289ab6bb6e694ad68b0b818b6ae24c71.jpg,0450
289bb4c45c8e4c7a8ed9d2497b904a42.jpg,0022
289ce9668c144cfb9200b70f4353e406.jpg,0182
28a10f64188641ad80a01a23c39d7b24.jpg,0458
28a3716f129d48c182c13ba264837d33.jpg,0462
28a903f5444e4ecc800a6a23b15f0627.jpg,0201
28a9983c678641219bb7814dabc74cf6.jpg,0263
28ad386a5cc3433db412e7bffab3cee7.jpg,0107
28afee1a82e4414c8bb7373b9087a831.jpg,0042
28b2b91412834f428a838ff0e2e65ed2.jpg,0217
28b8b2b2d13143fd9ab11febef5983fe.jpg,0244
28b93df632cc4226bb6ea30edb0bdc61.jpg,0245
28bb9565514b4cf3ba69ec58e4bdf58c.jpg,0022
28bba26e4920411581f9b8fa163b7048.jpg,0186
28bf92a62a154e26ac6effcad1a0bb31.jpg,0109
28bfd8b35c22490d93e656bed9f0211d.jpg,0359
28c8b700a9cc4fc0b9d55eb58022d053.jpg,0150
28c9b40cafd34342a3a99defcae189cc.jpg,0245
28cb685265bd4a68af77f2e6ed027898.jpg,0178
28cdd99a19ae437e9bb8e9ec62834c9c.jpg,0194
28d225b56ba5402588d93585d677a94c.jpg,0450
28d27b81e4bb487b83c012c271f83112.jpg,0122
28d3584bd8e144749b5c73924aa58c32.jpg,0003
28d51e3a7eb04dec92bca507d86519bf.jpg,0256
28d677bb079b464d9b26eddb3e31d5c2.jpg,0160
28da5b2aa8e141e599ca419ffdc887ee.jpg,0341
28db17b1c40b4b89a9073e522c5709d8.jpg,0494
28dd3889b6954be6ac82cf7a6c07163f.jpg,0283
28dfb040ffaf4d1abb0da8f4686540d5.jpg,0100
28dfc990b4b64e46843ebe0e4b39e625.jpg,0425
28e1fcb47ab145f0a7b8d964f8af231b.jpg,0387
28e87ab8705f49f0b2c414051e3091e1.jpg,0417
28e8ae8d6a5c44e2a4c1f2fd5b0092ed.jpg,0377
28f043c174b84b09b46f949f6b681663.jpg,0075
28f8ea32e6d848d58a6bebe0576111f9.jpg,0337
28fab03146c34a3e9593e68035d64ee8.jpg,0116
28fcb98fde4b42ceb2719762c2abe2c1.jpg,0353
2902b72441fa498e9be0973791f49f38.jpg,0336
29037c7b9e2c4827ba99951b8d48406c.jpg,0452
29082105acf54db8a32d31b46b475876.jpg,0094
290bb7ada8c04b0cbb9aa24eb9bcfe61.jpg,0440
290d3b4f2f5a415e881b16fbd3f1d97c.jpg,0164
290e8f49ec9a4346996a340f5fd54b1f.jpg,0498
2910031fb7294d83b4fc10155686bb99.jpg,0116
2911afbb1fff4735b535c30f98b4d768.jpg,0437
2916695b2e0240b19b1eb7d8c7ddc928.jpg,0327
29176742b77149a89d27c030e97efb9e.jpg,0384
2918ba7588a541af9a5d11c21d318c8b.jpg,0297
291c1f81198c4eadbb898a4d5c87f5b9.jpg,0439
2921236716184c8fa1f4174629a3822e.jpg,0303
2921e7b5e2ee4c288223d9fb3f89091e.jpg,0392
292355248e5945f9af2a808b1664bfd6.jpg,0374
2927f8d40ce34b5b8cf5df34c4fb8054.jpg,0226
292e56fab09c4001a054408f46b93bff.jpg,0085
292ef69a3d824c78aa68ac8002a0ddf6.jpg,0219
29324b92c7dd41e0ad0cb111dcdae121.jpg,0325
2933240d16af4e8f9f22745ce3719703.jpg,0185
2933911d4b814b0ca766a354b56bcfc2.jpg,0392
2935a60d85d143a79ad1ad973c72b217.jpg,0277
2936c0f4ab5048cebae4c081173d5550.jpg,0018
29392779124647d0b736a1bf99277e39.jpg,0482
293a7250e8454dcbafb5f658897682de.jpg,0269
293cb1cb39bf48b88d03598501af2daa.jpg,0021
293d945d0cf54c88a94ed15c84d9f630.jpg,0339
293e3fbbd8df4c63ae016642b6be550c.jpg,0147
294081cc8ad5412380054c7e39a94e7b.jpg,0131
2940f6c9a37d4cfab920e82aa73b2a96.jpg,0393
2941004185624834a0b3d57219a03592.jpg,0033
29427bd4b9cf4868bfc22ac37af0f98e.jpg,0381
29439fbbf818412b937bdfda0ac18bad.jpg,0485
2945afeed6564f56af0bf133727db3e7.jpg,0192
29487cc5f5a84c0bb4cf4b8ef5a41360.jpg,0450
29492b7db08643f98180be0fd701ecf3.jpg,0345
294951c58e3d4f458557ddda42a6a9d6.jpg,0035
29496f9bb85140c7886c035eabfef092.jpg,0221
294cf3d368e446e68728d066a5410379.jpg,0002
294ef6765eff43b5877e81ecc9095b49.jpg,0214
295469031fd74609a40138ae58dcea7b.jpg,0447
2955fcc8174d439cbd39b34f1342c42b.jpg,0384
2959ce03ccab49bca781c155d1920937.jpg,0453
2959cfd4500a4f81bd0ba76fcb3c1fbe.jpg,0173
295f4769db084cc1b46519077335142c.jpg,0113
2963687cc4b040fd9a6b56be6ae9c487.jpg,0485
29648f34e16f465aa64fa3350fea164e.jpg,0277
2968a1a291ec451c9c4966db67763524.jpg,0217
296999d08cd04d1cb84f2481d9e91635.jpg,0004
296ddd953d944d18a642a6afa2ac065e.jpg,0383
29744f02ac354ef79ea150a569dfa6df.jpg,0152
2974e579cd4448908e476d4f8c09314c.jpg,0271
29772472f4174067ad673e927dd9e8cd.jpg,0431
2978104f5f4545dabf13ce515b01b778.jpg,0305
29784674da4b47278b6dea128c55eeb0.jpg,0069
297b06d96e7b403bbb9e613b16bc685e.jpg,0166
297f43e0d0764103834c6eab0036d40a.jpg,0435
2980c31de5a34a348c0ee3e99f82cda3.jpg,0176
29853dde12504618b7cfdb14be94752b.jpg,0453
298b2fd2459e4976b16ac0a4f98d084a.jpg,0393
298ec67ce95347ff9a919179724ddc7b.jpg,0405
298fdd4abc1d45a8a0203034fff60672.jpg,0106
29900fd46c7b4a699c6f13e377881575.jpg,0037
299240ee7a9e48d981badb6c1b9776d6.jpg,0248
2994120cdae744c59d8ee99899fbff87.jpg,0134
29961438c9f1455db2196ee20f4dfa90.jpg,0006
299624a2b8954ec5bd4c8f4eb2f36aa5.jpg,0169
2998bb412ab84256bb0cc77ee3abb7a4.jpg,0138
299f7b96436345db898c3b801ae14d38.jpg,0446
299fd055a92642a5b61c27f49b7e944f.jpg,0272
29a46bb0f4664b72a425e99385ee28fb.jpg,0174
29ab2facd8b8489ba2cc35c591a4a926.jpg,0405
29b0658585bb4c6fa16ef53c7765ba13.jpg,0479
29b522a33ac64e5a932ff6a0d0daa7f4.jpg,0291
29b86e435c3f4a5b804761b02e372848.jpg,0368
29ba9d9d00924052a716a261cd987ee6.jpg,0212
29c0aa02e37f404293a35dfa658e2ac2.jpg,0236
29c0c54d8b4b41feb76fceee34f9bb75.jpg,0061
29c1279211294f8c959d76c05c79678d.jpg,0205
29c13d50d99d457aa104fd7bbcaafc91.jpg,0331
29c2b40f24404192ac0d5f7e2ee763c7.jpg,0047
29c9bb02a9f34786a5f58255d1cfb67d.jpg,0234
29ca781ef3ee4a7e802e6ed1ad63edce.jpg,0390
29cae05a3772437dbe1563ffdf7d82c6.jpg,0239
29cb8db5f14d49cf90e320fb71d53ed4.jpg,0243
29d27235b4ba49f6adcdcbde894438a7.jpg,0310
29d39ab17ed74162b7ddfa262d8c3904.jpg,0295
29d492d767f4463ab7f5b7069dfc531c.jpg,0118
29d7f3ea3aa34d36b7bf1afa6ba0a4e2.jpg,0121
29d92b0289b34d5ca4ff9ef9f817f5ea.jpg,0354
29dc959fdc8c4dd7831cfc2f25e0f019.jpg,0058
29e20b8b003a473a82b22205dbd04a35.jpg,0045
29e3a0a0e22f454488ae1a57f7fa2475.jpg,0305
29ea243a53ad4c81a4ef5a9b27b67221.jpg,0105
29eded48624347a5aced1ec0621f1a9a.jpg,0340
29f0a4c24e16458cb5830f07a40a38d6.jpg,0342
29f11277f1124121b443c3259d8725b3.jpg,0374
29f2c4bf302446f6827f51381ab24f6f.jpg,0068
29f6e55f00d14be3847848c2504e08ee.jpg,0351
29f8ff8644554e328c5997dc79e62e70.jpg,0467
29fa2c36513e4e038e965c82c312e2c8.jpg,0193
29fc279cb0f9473b849ee81bb55863b2.jpg,0482
29fda0b8c2424c32b2db90fbeeb710f2.jpg,0042
29fff1044a734a5883860b803efb0490.jpg,0209
2a08bb21dc6e40bbbcfe236da594f189.jpg,0088
2a100ef13dde46f3ac7748c17f81ef98.jpg,0231
2a12a148ddc348fcabaed582e827050a.jpg,0085
2a17edf0c8af4a1d9eedbe3b75309b84.jpg,0134
2a17f885cb7344d4bfff8bc73abc8992.jpg,0204
2a190e1181bd41a68c8dde645bf9cf0f.jpg,0329
2a1b045630dd46688c35b760733e778b.jpg,0143
2a1b6b7d24934420906eb2f526402ea1.jpg,0099
2a1d412134dc424e9b5ff7875a381433.jpg,0051
2a1d4c6ccb8b4d00b486ebe6f9b78a3d.jpg,0066
2a1db78491cf42948c662dea975e84fa.jpg,0495
2a21f069c2024f6ba98c29efba466764.jpg,0121
2a2351ef309040258eaa8de3b8ed6fed.jpg,0268
2a263dc0f7a94fdcbafd212e929bde4c.jpg,0350
2a2685e0b7c946ab8af27d25a31b394f.jpg,0470
2a26d32d748e4a8db4ab1584dcce88da.jpg,0300
2a28daac19e44e9fb8dda969a49dcf0c.jpg,0176
2a2af9c767b7428f9a8ef379e9f7b46c.jpg,0205
2a2b2af8b85948df9fe42f31c1c848be.jpg,0115
2a2e0d24c5414dbab524ab857378fcdf.jpg,0320
2a31745cba4b4c67887b4e3fbd536d37.jpg,0400
2a337a29ce8240f19beeed40f441aeef.jpg,0234
2a3be863920d43ba89893f726198f96b.jpg,0178
2a40083ce7cd4cb2b6abe71f4b4835e2.jpg,0100
2a4124e103e64759971431f0e03c2165.jpg,0356
2a413d65f71a420cb73c85c8d7cef870.jpg,0006
2a4824c9ce0c4f3284485b012e44a4a1.jpg,0134
2a50bdfa29e3491499918c214afc9ea8.jpg,0370
2a52e0e171ad41678a139bf99d4a4a40.jpg,0306
2a52e2c5603e4ee29cc12a363f16b968.jpg,0034
2a5546be5af0463abae81c0e4a6fdd82.jpg,0417
2a561581fc1040b2893035e5b3d4d666.jpg,0003
2a5bfa2108524d34855e527e0ced9012.jpg,0107
2a5c37ddf349401eb486656667374875.jpg,0318
2a5d5f540f4142cd9a77544174e2b703.jpg,0078
2a64d0b27f8845c6acd396a1f6a5bbd2.jpg,0067
2a65ef9d1cca4d2d97eb842f76b6c5d1.jpg,0446
2a6660d54ff743458ba23ebf0e9e1fd5.jpg,0130
2a6675d70aa94773ae6d12504a34bb3f.jpg,0219
2a6a059c591a45588c16195805ad8483.jpg,0178
2a7579dc412b4ade8d255c944acf8bc2.jpg,0256
2a7c6ae962614e41a2399535704a5b55.jpg,0038
2a822239584c40a29d4db8adf2d15131.jpg,0242
2a83fd3afec74311a977fbb062879715.jpg,0002
2a84d5c3000249bd9d1b9d99c2b6480b.jpg,0312
2a8575425b0a49348daa41208d5a14c3.jpg,0085
2a87bcdb116c4ff2bfc0e47595e88722.jpg,0263
2a88c141072642f28b9b5369c888eafe.jpg,0189
2a8b2414819e4815a689c865a2aec2f9.jpg,0252
2a8d308dd2d048f3bc3e3405c91e7cb2.jpg,0312
2a8d60728b7c428e9fc3bc54e5e79898.jpg,0386
2a8d9cacf6a1426996dd8ca05e1979b2.jpg,0407
2a9456e7b3464d3693447bb709691473.jpg,0195
2a94df0ba7ba44f4ad1639ed0f375c4d.jpg,0019
2a9654e1fb8f472182db0aa99d1b11da.jpg,0404
2a96642b97294ceb8290a35fe903adec.jpg,0437
2a96c46ba2a141ddb41c9941ef06620c.jpg,0442
2a98adf7183145efacb87b21310417e0.jpg,0084
2a98b1f88e7946b192f8bdde8908ef97.jpg,0343
2a9ec667a0f34b318253c141f23b8380.jpg,0322
2a9ef9728d024fbbbf577c65cba7eaa0.jpg,0481
2aa4d377c6544bc78ba6eece5128a79f.jpg,0247
2aa70e20fc0f47b39593c85d2fbb738a.jpg,0205
2aa778ba83704356994350fb8dafd237.jpg,0480
2aa8b451a7c94745b777d4abe9a35c55.jpg,0332
2aa92b941f9148f49d7602984077892a.jpg,0321
2aab8d86346f4c4194d00154f255cf22.jpg,0233
2aaf7d869bff4530bad1e3a574b5453e.jpg,0163
2ab0865ce52640c2a5e29cc76990b0a6.jpg,0342
2ab218a902c24f77b71edcce0730a68b.jpg,0278
2ab6b9fb6d7e49ccb19533eda1226ddb.jpg,0245
2ab866c2beb34c0c8572ced812cee8c6.jpg,0331
2abe087693554e21a150cdb48d89091b.jpg,0351
2ac1c0c809a54a79bcac82f7cb109878.jpg,0111
2ac32a470cb747d2b84107df5d174fd8.jpg,0424
2ac5aeda79394f2c9c598b1adfc532a8.jpg,0235
2ac6edef6b934f8eb588225080ed98fd.jpg,0061
2ac7e4631c844e38bbd2377ba6d18c43.jpg,0023
2ac985d553094527bd6d8001f20b12eb.jpg,0176
2aca1b389cc240e093c6cba3c312ed82.jpg,0438
2acb1854764c42d8b2f4b7c247c79c11.jpg,0222
2acf025f4a1145398af306c8f1ee305f.jpg,0060
2ad62533567241a39292cd562d170428.jpg,0366
2ad75a46245c4861a91e0160344f9acb.jpg,0329
2adbcd2c501b4fb09431469303822533.jpg,0210
2adbfc94a4b745669e36e65ec4f64894.jpg,0196
2adcf26637964ab096471b316c7f2f8f.jpg,0009
2adea34cf6dc493ba9e90cb85feca75b.jpg,0219
2adfcb163f944a0c9591edad1baa49f4.jpg,0092
2ae073b344ca4a22a45453799d989b47.jpg,0043
2ae144eff8744d7ca4d0be202813d5b0.jpg,0264
2ae2a55e6f77476988cf74b84b8c454a.jpg,0447
2ae56a7879e9417ea9e39eede044a58f.jpg,0047
2ae5dffd4a134726b741bcf829bc8355.jpg,0263
2ae66eb9cd424561a1cb19d6f6f132d4.jpg,0060
2ae6e1d351e64f63aab3e2bed80189cb.jpg,0110
2ae89fe4dde742a29dfd4bd4cff6226f.jpg,0070
2aedbcb492334ea88325eb4cd073e592.jpg,0099
2aee191d606445bab4beda683c8b2654.jpg,0433
2aee2bbfac3748aa99b13c036d9c2882.jpg,0026
2aeeef8eb47946aead0ec150ed294451.jpg,0058
2af6169a8d0540dc990ce75d04e2943a.jpg,0218
2af6802f1b714fd48800ac30693a9ed8.jpg,0461
2afb904b1593401daca16011314c3ef8.jpg,0257
2b027234d26941c1bb81157c449ead4a.jpg,0238
2b02ad4fd6b5492892ee86f7b5cd16d8.jpg,0112
2b0550ff0cd54450a479ddfd19eef447.jpg,0047
2b0e97e79f944a25ac080b0bf41164f1.jpg,0391
2b102573f6a2406687edcdd7065840e7.jpg,0466
2b119ba57e774c929c7685e3b9ce966e.jpg,0424
2b120ae4008a4caca42e9e168ef90011.jpg,0211
2b13af29f9244e229822426ed05e9781.jpg,0373
2b16cbe646034133afdf690cf4f6d6b8.jpg,0164
2b19521f35634155b80b96d7f0d4a798.jpg,0208
2b1f5d11c00d4d79adda663285d65a72.jpg,0465
2b2184d0fecf4423950ffff38a628160.jpg,0268
2b2b0dc1a98c43bba7ecc4b26cfbc666.jpg,0009
2b2bd19dbb454736ac05abe198400f26.jpg,0030
2b327abcc4004b70a340066d7f4eabfc.jpg,0096
2b328572ae924d22b0e0af06ec1d9044.jpg,0026
2b35e246146949e9b997bf756cf25bba.jpg,0353
2b37480b05c341428f71d3dbb282495a.jpg,0121
2b3944d83f5f404aab5718cb7f9ac3bf.jpg,0226
2b39606c72584e9281b0eb7001cc1f68.jpg,0295
2b3bb5384a504e8cb0b35206e9df66a1.jpg,0421
2b3d684f884b4f3196b2cc20c7ee07c8.jpg,0046
2b3d7d25798d42c383701413cfc75c07.jpg,0068
2b3de05239074d7abaf19603bec94c0a.jpg,0198
2b3f2c47e20b4a3ea3dda77eaf8971c9.jpg,0352
2b41c5a8ad924bbfa3ad864edcda4edc.jpg,0102
2b4406098c6343cfa3ff5c651b4ef6fa.jpg,0467
2b4858f3dc8f471abe6c7180be38dde3.jpg,0136
2b4d6b8763204f3586f03192a0087ca9.jpg,0225
2b4f69b63263468c9a9dab9486968e45.jpg,0187
2b4fe67ab5034d9c8c7a100d76c97ce8.jpg,0066
2b5006abd0534048ae0715c6d9e9f147.jpg,0454
2b51034c42204aff84ae617a451b8b4c.jpg,0367
2b534bdfe31040de8c6dd101f70f0a7e.jpg,0115
2b55ae23857f4a779b9ba9fb272532df.jpg,0403
2b5883c179904957b52477931084f0d0.jpg,0343
2b609f80dd3443058f4759d1f35426aa.jpg,0019
2b67397443ac43459a32632ce1415e05.jpg,0167
2b67c9fdb3604c93b6f1c79b0ca43413.jpg,0280
2b6c8318953948ff9953de653f164060.jpg,0107
2b715ad651364ae4a0748d1da8fae975.jpg,0010
2b74a53fd8884660806283a502466349.jpg,0266
2b78ced82650483e9f5514b24e174994.jpg,0145
2b7fea75e1d444d19406f68b7af3dd66.jpg,0280
2b8058af098f41c98a8a67f232e892a3.jpg,0124
2b816a5e670547008bcee3e65602f43d.jpg,0211
2b8c18bdd56445658e70609ec8738620.jpg,0137
2b8d66ce62d9419db29f3ea11f67577e.jpg,0090
2b8d8d49111640e6977b3890df07c70c.jpg,0371
2b90031ca7bf479cba695acf33c0f004.jpg,0031
2b965267344d40f18351e64ed1f1f935.jpg,0026
2b9675fceb75422a9858d49cde36ac72.jpg,0485
2b9d2d1f9a744f64b725eed4f537386c.jpg,0164
2b9d497c162644e6b2b2ed3bae18c1cb.jpg,0308
2b9e6c338cac4924addb358526717b98.jpg,0049
2ba38ea2606846988e0b4e3329c39828.jpg,0294
2ba40509364f406496d1a27e1dcd2491.jpg,0206
2ba8e395c44d42a8908041053a325d9c.jpg,0350
2babe23ad27249adbf67184195d87438.jpg,0346
2bad053fe8fe4a538015a71f1c208c1f.jpg,0303
2bb266deb8e54065821b5c4dc80e1d93.jpg,0248
2bb3d416375b47a3ab6654194e0d38b0.jpg,0128
2bb61c24fc3c4b038810996170ed58b8.jpg,0411
2bb6c206194947da84367b2cfa60e90e.jpg,0174
2bb97b60e55644bdac91cc12dfa26922.jpg,0181
2bbaa31fdb8e4ec4ae7993e8498d2dbb.jpg,0193
2bbc351e2fa243afb23b57ec98dbb93b.jpg,0309
2bbf1989544f41d49497b29b889a57ac.jpg,0373
2bc135d544d54ce588cf94b8b2f6f3b9.jpg,0467
2bc734aeb73949de8fb4a82516bdd261.jpg,0223
2bc8be078fc74ce4a9f49645cd076f2f.jpg,0129
2bca9a3115904df3b0cc2002d8030257.jpg,0070
2bccb57e436b4678ab3a2968b2b311da.jpg,0485
2bcedbcbd2484d35a7f0b5d159dd326a.jpg,0057
2bd2265bfacf48b290fa9a40177afd1a.jpg,0356
2bd474e76adb4545b5bc06e564032423.jpg,0179
2bd5e9cb0979417381f99f369d71b2cf.jpg,0050
2bd7217d727b4f9d984ddad579df20ea.jpg,0266
2bd9dd6535eb49b7b71034a1c1ee8663.jpg,0388
2be07d035bfe4a29a718f4ca16b7ebe3.jpg,0084
2be0f4410cff47efaeb290f967c41681.jpg,0282
2be5de331eed444ab317470a81335c76.jpg,0294
2be6b5257f5a4de68506f9cbe641616c.jpg,0246
2beee5e7817d434f8d95933e2643fd06.jpg,0490
2befdcb5225549298e80649387055758.jpg,0041
2bf24cba981c4b53998b8371fb4e6174.jpg,0436
2bfb15181fe84029a84cf2884b3069a7.jpg,0133
2bfbd9c8920448b7b667de977f54b9be.jpg,0462
2bfcba168f6b45dead2f32720999f056.jpg,0455
2bfd20cce86c46019fec997f234e8756.jpg,0100
2c0103c39cc44668ac785c97a40c3cf2.jpg,0427
2c01ee34a4eb4aa7a954ef3669841b4e.jpg,0262
2c0254288c15473e94ea2eadc0424f64.jpg,0429
2c03638661ec457cbf553c5ef273b800.jpg,0309
2c03932214d0467699866e10a9eb9cf7.jpg,0400
2c051124ca8641b79f17e4cdbbfe5d6a.jpg,0277
2c0b04e62984418c80d61c753b953e67.jpg,0015
2c0cd368696d442db77729907db266ea.jpg,0405
2c0ddb517b5b41c8af8d301078eccb17.jpg,0323
2c0fa71200d34d9bb5c2df6258dae36c.jpg,0429
2c1077e60b614141a18b9d76c1a7232b.jpg,0002
2c14e5653a3d4b44bee71587dcc77188.jpg,0151
2c1c99a2737048ee8167f42e7911c084.jpg,0416
2c1fc9d80ade4eba9756b2af246ab122.jpg,0406
2c20e5db112f40819a034ca367a346d3.jpg,0198
2c24ef88b8db43eb9d1b583e047f85c5.jpg,0265
2c29f40ffdfa4a3bbb832072b72590cc.jpg,0363
2c2c30375cbd4ec6adb1095ab23085ba.jpg,0171
2c2d49bf76d7428a85e7d37b28d8ee9c.jpg,0476
2c2f00a9678d409495a61c32e705c878.jpg,0015
2c2fbe70f1964c7e9821d2165e9ffa0f.jpg,0024
2c36783136e24bd598f4a09346e95c27.jpg,0258
2c38c5d6011940c5ac3ab5d4d764d16e.jpg,0080
2c399541c02d4e739c13089fec906a21.jpg,0354
2c3a1a9bc5bd4cf18d8d1daba78ad05a.jpg,0272
2c3adc59e2d249c49f565e6142c7dc34.jpg,0478
2c3e207d0cf2420b8f509a8f67da1844.jpg,0226
2c4298e43f434c04b6def36b7a1ab2b6.jpg,0022
2c4a16658e314a66ac059d3f6cf40d7e.jpg,0315
2c4a90e747764cabac6e100d974cfadf.jpg,0397
2c51d96daf9a4667b36e51be008c0353.jpg,0366
2c53062cca634cb88b21d1180ebb7695.jpg,0169
2c540d7b55e44ed8ad41ab1c65843112.jpg,0109
2c55ddee143144e684e39a0897bead50.jpg,0483
2c55fb4df1494c3cbef0cd34019a9e9e.jpg,0447
2c568f13eb1a4a0293b27cedf50ad040.jpg,0002
2c5b345b8b074eefb72c4fc069e72b16.jpg,0210
2c614c75c90446cd8a143a071780d1e3.jpg,0368
2c6e1bb2872542e0b1f7e6d4d9877844.jpg,0221
2c7270c3a3734c06b7d92f811b3fd33c.jpg,0479
2c72faf9f1a643aca25c67a5104a7876.jpg,0488
2c74c1eb17b149d697ba8254947291e7.jpg,0340
2c74c9682d9044d48d5121fec7d8d66a.jpg,0412
2c7b670fb00a4af6b330b5be8f0f878b.jpg,0062
2c7c30d3ed4644e9a3340302e58a35c0.jpg,0452
2c7e3974c3244a739a6003c332f2344d.jpg,0036
2c8254daf36045f59613cb278ac286f7.jpg,0136
2c8541094c5140f68d0197bf361f0aad.jpg,0292
2c85980057cf4c588b3985a7c71582a1.jpg,0010
2c876781efa04d1eb1aa046f6ba856a0.jpg,0035
2c8c5f65573d4cfdb2e29b4afbaa790f.jpg,0145
2c8eceea7f7d4a2ab93984faa1357c94.jpg,0332
2c8f6be0e144454bb97da699d1eb7b73.jpg,0069
2c90793b73bc4845ad9c119042ce764f.jpg,0477
2c94fe29655043d880f352d126ab4161.jpg,0077
2c952fd359a14ce0957000c1d390b5ac.jpg,0158
2c98d242eadc49e0ac7e83b04ec08cad.jpg,0378
2ca032b7177d47a3a15861921693251a.jpg,0405
2ca07e5650584222bef343c06ca43a1b.jpg,0064
2ca29fdf55a440a385593730ce5a2a54.jpg,0485
2ca3984caf7844f899d63728274efc56.jpg,0387
2ca3e8bfe3d442fb86c0e4891c921fe1.jpg,0130
2ca43c7fc4084a9c93e4bd19b7bf1002.jpg,0419
2ca4f8dd08ed426c98338d05996beee0.jpg,0483
2cad8a5ac5e64c0bb1bb5b6f417aeff0.jpg,0020
2cadc5a060224ebf97c9bb60b9748244.jpg,0185
2cadf378d8ce451a8a2933e92a17eacc.jpg,0146
2cb5d238c6f344a7b4627a1e3f808158.jpg,0031
2cbf1b1dc10d455a974f39f0a4b98956.jpg,0279
2cc08c017a6144a782462b51db8bc155.jpg,0377
2cc1935f766e4cd6ab7cfdd5f533cfa1.jpg,0268
2cc1c949bae54bdabb8d5c7d68b4b681.jpg,0231
2cc24c99162348f7828ea88afe4c58ca.jpg,0316
2cc27ca00b5944d09d1f3db24c3e9788.jpg,0411
2cc6b8f72f81410e9adce1fbfbd51dbf.jpg,0405
2cca2af8f7a847deaec0ca9a86b03b1b.jpg,0106
2ccff1cc32db40f7836111377af82f67.jpg,0194
2cd0bca725d24cba93e5833b18d49a81.jpg,0248
2cd171f7cad84aeb81383db1a782bcc7.jpg,0488
2cd18dd9f00746e9892483cd62aaca42.jpg,0003
2cd1a41edd934ee8a54cc7788246fddf.jpg,0267
2cd219bbd3e54c84922438845a2cbec1.jpg,0040
2cd4a175397b42bda22262a52646768b.jpg,0335
2cd5d4c5dacc4c2490f833655824b309.jpg,0330
2cdf15f7bf3542468f17ff13f855f293.jpg,0377
2ce0607f32424d57ab9e28ed50ec633e.jpg,0235
2ce5c8a1409340f2bcf3089eb9c176e6.jpg,0132
2cea2eb8775846c78ac54e3616bcd508.jpg,0455
2cec01f19db54aa6aa07581a67729e7d.jpg,0040
2cf05fbd11b44015b8e4a4749b8473ac.jpg,0455
2cf476d2a1154dc7bafe26ef13d13221.jpg,0117
2cf7894e4b28475895c9d9e50b17eaad.jpg,0157
2cf7be3991b1493bb2c2d9900e6a2501.jpg,0288
2cfc8d4c3394495b8d766bb6d841be8d.jpg,0444
2cfe7b9c7d004782b3c3f09a62d7afb2.jpg,0267
2d02958ee462494a9bc6f441d1cf87bd.jpg,0298
2d04e30075484623951deb3e9425b776.jpg,0425
2d079b283b584e93ab1838a29dd96e47.jpg,0205
2d08dfa2f6714f8eaf054d16cd359af2.jpg,0085
2d0a397121934022a8497a0960abaa24.jpg,0298
2d11f1347540442984b49f48f80969d1.jpg,0161
2d1368e0286d41e1b9c587fc56265f89.jpg,0140
2d16d7053ab94dfe9868a7e395267d5b.jpg,0439
2d170fa847014e8e84d1729648506b4e.jpg,0244
2d1a42bfa3384f76b9f7c37f82ef1c07.jpg,0095
2d1d3c8a158b46258d566b420e700dfc.jpg,0249
2d1d9bfc976249479f2c3bcf99644636.jpg,0106
2d1fc34f71dc4d369a28718cce0e9afe.jpg,0311
2d2309fea5ee4e6a8fbefa9921891171.jpg,0389
2d234fd3cb43424c9f7e87bb128a09d6.jpg,0448
2d2388f1ee5a44308ba1eded85789c74.jpg,0235
2d2a555ac1364eae8b30446b05bd4be1.jpg,0005
2d2f4a8be1244b16bc8e49f4bdb1e453.jpg,0163
2d31ebfaab744abd91e3c3ee026b4af3.jpg,0123
2d3f79b0559d44d48abee61dc1d7381c.jpg,0213
2d46066716474f47bb1eb0de592b3f78.jpg,0302
2d49b7f23c1847cc989f1feaea4ac2bb.jpg,0443
2d4dd7e74337498eb52dd4e35ba8ca21.jpg,0156
2d4e90b4b0ca44929c3e1baed92821de.jpg,0363
2d4f6427af8c4a00870ce4f59b6e50fa.jpg,0311
2d5db8a6d2ef4086932f7d4ca9d42a67.jpg,0446
2d624131fb7e43a8b8db876ccbbbd63f.jpg,0019
2d62a814e89f4ad19647859c1a3e4338.jpg,0341
2d64e51e40204a2fa2ca0d13e3f53b77.jpg,0194
2d68629fad47472cae8b15c984e4fe03.jpg,0462
2d68c690cbb24657beed7755d452341c.jpg,0273
2d6ad55160bc49bba7e3d82acf92748e.jpg,0199
2d6e2a70fa3045aab890732bba0b2668.jpg,0360
2d6edce3873840a685a10c3e1fa52948.jpg,0041
2d7226f7825d4e52a1f4ef72b8c1dc6d.jpg,0005
2d73a2adbcc347f9bc23af0146530821.jpg,0093
2d74188eb6a3430da6384aa8d5ab305e.jpg,0491
2d7552b1192b40e691bb9a333efd5fc9.jpg,0337
2d7652b7ce1f4f3ca31dc77ed285ca85.jpg,0043
2d77f2e3827e48d0b5645fe3b06a532d.jpg,0367
2d79428f0ced4451aff3ecbc34f2d570.jpg,0430
2d7b778cc38149bbac128945186c73b5.jpg,0077
2d7c647b9a9941e98d907f1da05d7d24.jpg,0265
2d7e291bf3de48aa9b20debc19e43be0.jpg,0325
2d7fc4e297e246cc88bb4fa4c14f1a42.jpg,0158
2d80513b39424ed88adcfc929b8c644a.jpg,0461
2d8069d4cf4e407bad6bab1cbfdd23db.jpg,0043
2d81d80518cf4cd0885f1e84b1ddd5dc.jpg,0325
2d82e9876e76424c8260a8f90ac978dc.jpg,0347
2d871ba5dbaf45ada6aa20be544267c9.jpg,0044
2d9651c730b14e689d5289573ec257e5.jpg,0044
2d98c19c2c9f47f588d88f3ef955ba50.jpg,0298
2d9d2ef7014c4c9e8d808b06a6b1b1c1.jpg,0193
2d9db88d590949d4bc1f0e2cb8eb240f.jpg,0049
2d9e1728633f4082835cfe99ba3a7a57.jpg,0115
2d9e53e9dff2471f8fea9274fb360b86.jpg,0182
2da0c0420ec94d559a4e32c6be081771.jpg,0303
2dacc54e169f44758087b32724023558.jpg,0263
2daf04fe1c7d4258adb1cbe2701a2d0e.jpg,0335
2daf713f0fd44ca4bc16285be0274583.jpg,0181
2daf73b892e54f47bb5bcb389ee566bb.jpg,0046
2dafea83262643cf86becc617eaec53f.jpg,0468
2db5ac6899fa4ed5811a651cd0bef3f0.jpg,0134
2db60191a2a74d58b61b290c43eb407c.jpg,0461
2db7a9d04f20466bbf9a2ba08c778e95.jpg,0196
2dba09be2ba441248dffe4dde4379d22.jpg,0262
2dbd9084ff5842fa980e1f606bd3e765.jpg,0391
2dc3b5d9b2b84628b17cfb1cf042e822.jpg,0419
2dc5a03e29444cb4b1da8c8a84012131.jpg,0480
2dc8d315f6544162b7e5c61eadc06d4d.jpg,0220
2dc945abc7654b52abb71755d7ae6b0f.jpg,0119
2dc967c7d29b478ba424e9143f98f72c.jpg,0041
2dcbf7c9e12d4bc9a14d3dc994a78ad9.jpg,0160
2dcc215504e34e6b988f1389b8919cb8.jpg,0367
2dd0e99c3c274d8f806e168d4e55e6cc.jpg,0371
2dd136a00ae54f5ea720b9bcac86e959.jpg,0490
2dd27f9592d74560bcb439b71f3ffc9a.jpg,0414
2ddb81ba3add401aa3cf6f3e691a2761.jpg,0442
2dddb19b979e416c999b88f3fb8cfa89.jpg,0117
2de07a3bf20b4372afa81fde4cf1809a.jpg,0434
2de4571c873c4589bdf4663d303854ec.jpg,0282
2de6c1cd0bd6410881903a06d1448336.jpg,0178
2de821e0f87641b3b21333fafd25092f.jpg,0190
2dee6ffd8dd94de3ba466c081e26f33a.jpg,0007
2df18f05b54a4930b2fb0f5da293a63f.jpg,0052
2df835e7c19549dd8c586ef374001ba1.jpg,0204
2df9f0d0aa7a48a4a666814d31baa551.jpg,0365
2dfac99b6beb4d829a2c9af471db9459.jpg,0320
2dfb7e398a994789a92c95e6fd673585.jpg,0091
2dfe79cf214e4b049e7ff292ce925c5e.jpg,0387
2dfed5b1c2a04c1495d4aef955d9ea9a.jpg,0170
2e06abb9e36143719fd710eefdc6f5fe.jpg,0459
2e075e4ddc9a4a3a9e7408312dded43a.jpg,0445
2e077f5c453b4d8786fb637b26c56fad.jpg,0452
2e0943ed319342e9a1db81a0ca44995d.jpg,0257
2e0ff3c3a66d40b984d52596c72cbbbe.jpg,0047
2e13343e8feb466180b2e95f7d300eb9.jpg,0265
2e13a97b04b3435291cbb31026f22696.jpg,0353
2e15b15897104674a7536fe4b1c7b2ee.jpg,0265
2e19a50b8f634d4b9f120189a20a9f5c.jpg,0221
2e19af9cdbe94332bd7133ded3a62a1a.jpg,0384
2e1a241926444aa396d9377b7953b4d6.jpg,0175
2e1ae9f0331249938018e83806a3719e.jpg,0439
2e1c0698dd6f45f0bd485f0a384369bc.jpg,0247
2e1c4d98100e43af8b67dc29725234b4.jpg,0238
2e1d5159547c4bdc9fb564f65ad88493.jpg,0454
2e1f6c43843c48fba3793150b118072f.jpg,0106
2e208af93d434e9d8e6f9d17b37fea2d.jpg,0089
2e2189278c1c412494c7fa3b1649dee7.jpg,0152
2e24e0956263422cba9a4a9710d7ed67.jpg,0001
2e2611f8e2cc46c7b94505257be19c4f.jpg,0183
2e26d83d333f45cba8570c81a7231535.jpg,0430
2e279376551a4dbb925d8198e74c4db6.jpg,0350
2e2eb4ed83d7423ea6a9f970133ab540.jpg,0371
2e2fd893cefc4f55a7d5b48acf906fa2.jpg,0378
2e3146ac0fc148419fd34b937e869497.jpg,0042
2e3a5e670cd842089ddefc2dc993b54e.jpg,0442
2e3ea6c381fa49e890ecee3b9b5e0aee.jpg,0308
2e42b8d27f1244fc9852d3cf979124d0.jpg,0460
2e432edfc81a40de8a2ba48de3fcd9c0.jpg,0054
2e433e58345f4ad79303cc8f3534c4ce.jpg,0374
2e457929181348408ab0c69694a05a6a.jpg,0146
2e45d73397ec4c37b836bb99ecbebdf9.jpg,0346
2e460481aa12427ebc892ca23de79bb3.jpg,0303
2e4618dea35a4138b2d6ac39b8cc0c1a.jpg,0150
2e467487ff484ca4aa0d12a0413d390a.jpg,0042
2e4b96efede842b5b0cc95957ce9ddd4.jpg,0475
2e532487e9c2467abf051b5db3aca4fd.jpg,0392
2e539cec18b145298b0342cd10b186e8.jpg,0010
2e57a4ca1b1a46afb4910518a4a6d605.jpg,0245
2e58ad2148a74035ac527fc8cde27857.jpg,0028
2e5c5e3f00294271802c6d89191f6a44.jpg,0125
2e5c71986cae4eacb996e1725dd77b28.jpg,0312
2e5d51a00d394b769fb441af2a1e7ad1.jpg,0482
2e5e2b1f1fd440f98a68395e1e492904.jpg,0496
2e626b8fbef146f39f61a102079a8499.jpg,0203
2e65aaeed7d84430a6a370f6a350b215.jpg,0388
2e675087a36e4569a78dc69d835315cf.jpg,0035
2e67d300307c45c4b58c91292231ad9a.jpg,0065
2e67dd2256d74e108932b436de4162d8.jpg,0423
2e6bfc71cb3346f1b3ba6a34faa27bca.jpg,0051
2e6d87aaf32942c0936b4a6b259a7a59.jpg,0268
2e6ff8832dc547b2a3cf3ed9db376017.jpg,0107
2e71aea660204bcea59306bee5e91a44.jpg,0134
2e76ed913305404291fbf2459c5a8f0f.jpg,0327
2e7713f6015c40dd84f4d48b34d5c739.jpg,0422
2e7eeddb718640df813c126ae645cf57.jpg,0250
2e8404596e2042249b44ead1de47a270.jpg,0461
2e853607a101424d9585471a613d9c54.jpg,0417
2e87a9dafc4e4d57be836a244808fca8.jpg,0051
2e886815c69440bd962e195a6d13cd7c.jpg,0313
2e89cff088d942d192a6fb5a37df3d29.jpg,0225
2e8b677ff4264a61a177718b5c8cf689.jpg,0321
2e908947baad477ab6fee91a5b8d4dcb.jpg,0149
2e946dd6f20d40c4a7b9c0414a8215c5.jpg,0464
2ea53baf40ee446383f084aefc6664f2.jpg,0292
2ea56f513ef24fb3808a527380d25d42.jpg,0349
2ea6816687524e0bad03db338c5e05f6.jpg,0470
2ea7054b2afd49ce90a8f9a837abe574.jpg,0419
2eb0c5ab139f47208f0b4326027452f7.jpg,0431
2eb111b8542149a4ba22eb644cfafb94.jpg,0101
2eb27ad28cc04dda87da82ba17a6957b.jpg,0441
2eb3cfce9f734e718798b7cbbce49ffb.jpg,0266
2eb6c3d419d845d19d421dc2ea855ff2.jpg,0125
2eb76e06ab9d4717bf5a4979bfe55289.jpg,0056
2eb9143b843b49d88d046e4839ca3001.jpg,0353
2eba9e9699234a71bd51d384f32911d5.jpg,0202
2ebc888d938341bc96e69552ccc5bf27.jpg,0157
2ec167ac67474960880412baaf62ae32.jpg,0468
2ec2ead8811748fcb281528990885241.jpg,0384
2ec44a87166b4a9895d695d73bbc93d1.jpg,0401
2ec524be23c2495a8838738089c8afd9.jpg,0246
2ec5fadc2e8745e8b5388576a0a41d93.jpg,0287
2ec64ae29f7b4cdf8c9bfe43dcb03231.jpg,0198
2ec816e1574045f79bff6945b496ffc8.jpg,0448
2ece936b9290424e915342a19bfc9177.jpg,0445
2ed20d821be946d9a673098d7ce6583e.jpg,0297
2ed23c953eca4f4885d68920a68790b3.jpg,0093
2ed2bde4d41a425dae4b94e7ba0cd3cf.jpg,0485
2ed927f1c4df45c7bf891080583de81f.jpg,0190
2edaebe132974e80adbc25875f8a6e46.jpg,0205
2edc2b4424be4f5fa7a48ec0a19adc73.jpg,0151
2ede57fa042a4b8fae50b0cc4c97acdd.jpg,0346
2ede62a0fcd54de7ad14758ea639d381.jpg,0076
2edf4a4e39624f0ab1851a8b55ca73ef.jpg,0310
2ee118c9305a4c0580ee93f59ed3cd39.jpg,0464
2ee16e07c9fd4668a9046b4692c1cd30.jpg,0281
2ee66704cd0141b6b5a5a0f4868dad35.jpg,0311
2ee8214e31294fc986d9d2f8c43d73af.jpg,0001
2ee8fd1f9b9845c3a11bca375de02cc3.jpg,0250
2eebdc4f12334ee19aa4ebb56831d941.jpg,0475
2eee70b933f64641b5bcc90ca3bba5f5.jpg,0474
2ef47b91137d4cab97868287315f53e6.jpg,0214
2ef51c5fb9954d9a99f99071a3c77b0e.jpg,0294
2ef6f38ff587410ba166eff882583754.jpg,0068
2ef7f0f794d04c0dbf94bb9c2dc15d61.jpg,0058
2efbd1bfb1494bc499bb2968a86ca785.jpg,0454
2f02d773c68244d797ddbbe89e56c45b.jpg,0220
2f0391c68a78424fb1225d41e8c53be3.jpg,0333
2f04b207cc1646969685614fd42e3ca7.jpg,0080
2f05ea16544e4ca292983ba8302bc456.jpg,0408
2f09adaee50d4fbd8a0a6394d1bc016c.jpg,0088
2f0b3e76e6e04948a835328679646507.jpg,0488
2f0ebb4c4eeb48a1b15810a54a7b2b31.jpg,0150
2f131949888c4f3b9e1588c240f8eaca.jpg,0161
2f166ef776fd4794a2001c109f9484cc.jpg,0388
2f17fa56b8e94e8a9d14e357a08696dd.jpg,0116
2f1a8792f5554787983fb4a0d8d13f27.jpg,0288
2f25f6fa771b4419a215a0d8ed951b94.jpg,0486
2f265892c7b14a988c8921b68fcd170e.jpg,0011
2f276c9ad74e4d2dbb07db715a6536f6.jpg,0079
2f28bb3d9ea74d54909a50b5259fd9e1.jpg,0268
2f3104e3ca82463b9a775b6186d3fd47.jpg,0349
2f335f0e2c47449c84f431a4d7c1479c.jpg,0246
2f33b112615f4841a9c1b058713e041d.jpg,0492
2f33f07f31fd443e88e8dd568a9e4a2e.jpg,0348
2f33f9ceee0241a2948546497f831c61.jpg,0348
2f347e43b08f4a40969867d566fa3f44.jpg,0371
2f39fc9aa5664bff8d3ea5e21f100c64.jpg,0422
2f3e2141e3a640c48d3ca190c4c5f7aa.jpg,0120
2f4595ec52594c4e9d4d141e57387f93.jpg,0012
2f45f6f011d643d0834c9d2fc148b5a2.jpg,0060
2f48d3cab22f40ac8f459bd833aaef5b.jpg,0446
2f4a8d3567794f10bbe163a8e8cb37ce.jpg,0311
2f4b06576fd0456faec5035af2f1a906.jpg,0086
2f4c63dc1047402ebb5cb5a979d0e52d.jpg,0182
2f4e20efdffe40d8b57aa828adafb5a6.jpg,0481
2f51f4a2cf5149eea20121b632f8fcb9.jpg,0068
2f52029e595347aa845d41b2dea2f158.jpg,0186
2f578709421449feb1443eed61969a1d.jpg,0077
2f5d1c2fcf094fc78a4c8208c36388ac.jpg,0145
2f5e4cda4671484c9aaed5c7c8303e15.jpg,0353
2f62cee453ef40498f872b80134a72e4.jpg,0104
2f652f1456c94f668395c23d88524c7d.jpg,0491
2f6883905ae241769e4386e9e36ca374.jpg,0375
2f6c440359e64668bac692b059f631e3.jpg,0380
2f7029caeeac45c790bbd1a7b4f7aa69.jpg,0133
2f740d497c88458abbb5ec858ae07feb.jpg,0325
2f76aa6e4b2d40ceb24e5b9692d41a31.jpg,0078
2f784f08c7a74bcab85e135cd6e3e0c8.jpg,0368
2f7e28b337a148f0b388fd7b3d42431f.jpg,0258
2f7e60fd24fc4edfb9acdd708bee2b53.jpg,0060
2f7e75df82ce4f22aba22897246cacee.jpg,0200
2f7fb86542134752b7096f1a1eecb56f.jpg,0210
2f872cd5f53245d9ad6d771fe637a034.jpg,0341
2f89a343762e4d8fb02d86613670ac87.jpg,0427
2f8ac2ecb36d4999ba783ad92ba674eb.jpg,0490
2f8b131f13ee46d9a46ca6da452630ac.jpg,0075
2f8c2d594a5e4107a27f78286474b072.jpg,0394
2f9848831fe2414583f418ba66db74b0.jpg,0323
2f9af4e081ce40558d6956ae75b5d674.jpg,0475
2f9c059e19674ee5993db6d00ce54a11.jpg,0068
2f9dbb45a6e84836bdc814b8612630c6.jpg,0475
2fa07f23df884a71964e204c6036f3df.jpg,0029
2fa5fb3235794aeda7c316771bc165a4.jpg,0439
2fae1154a93046c2a219a2d9b286369b.jpg,0138
2fae75e267eb4076ac2528311b1cf343.jpg,0427
2faeda5fbaa34f5fa00e4a33bba6eb0b.jpg,0436
2faf6d1efe1f4138b229ef9dffb716f7.jpg,0319
2fb1e85a95d6475fb0b4647bf9da658a.jpg,0323
2fb24be5cb9c480bb9049158c88552a3.jpg,0361
2fb5a2a125714eb9baa88e7743b4f388.jpg,0200
2fb669933297486695948b7b30449d19.jpg,0073
2fb8d66a8bbd488db43cdbf0a36a8c30.jpg,0335
2fbd552035f549dd8183ba0a287082d9.jpg,0268
2fc05f98101b45979b62dfa680c31090.jpg,0286
2fc70224042246b2aa0c53fa6bc46cc2.jpg,0213
2fc7b21fdf654036827856877d2e384f.jpg,0224
2fce10c59e12465c9f6516319db12f8b.jpg,0098
2fce5e2062a3487a9a502702694b1cdd.jpg,0152
2fce7bd9cfa6462bb4bdc4feb6c34111.jpg,0150
2fce7e9e03c84dee87af00e54ba0e46f.jpg,0496
2fcfe0ba533f4d3bb98fa481a003f5fd.jpg,0490
2fd1ef4a277f4c28a78da4f619ce6ecc.jpg,0433
2fd50fd44d7d443fae55f3b64a856461.jpg,0283
2fd823e1089741608f47ad54c6e2d114.jpg,0313
2fd8920f59b94e5c9cf0a4d288ccde3d.jpg,0348
2fd95a136be846c3a068788fe0385744.jpg,0259
2fdfd44e6adc4a78b609ebf859260d19.jpg,0065
2fe2e876d142450ab2b948685839c12e.jpg,0289
2fe35093b3954c69adcd3db1817ea1f8.jpg,0146
2fe84b5fbdb74c0c83376a3943c5c952.jpg,0405
2feabd0e6e0c40099246056e6307048f.jpg,0464
2fec08dbf46a472b8787ca9f8fd73888.jpg,0164
2fedd7f6434143ca819076a3f3000480.jpg,0063
2fefb7d00bf14146951640c2b41a59cf.jpg,0421
2ff0fec4c8fa4720b136a3d50a0c435d.jpg,0412
2ff3c0622ab74ed6849b00d3c63e4403.jpg,0493
2ff564f61bec43baa262e4b8a5c5acd6.jpg,0348
2ff5999b80644e18b70b76807d6af029.jpg,0148
2ffc0aee9ffd42e0b6fcd8e4c34f51ee.jpg,0031
2ffd3172188f4498bfffeb0b6492edb7.jpg,0206
2ffd9dd3f1ef49b3bade7190ab00d305.jpg,0371
2ffe400edb6a4da59a5384e7759a5905.jpg,0289
3000b2ad0b18497f9c0da47576b16655.jpg,0317
300107e666d64ddc96159725fdd579ab.jpg,0117
300531df530b45e2b8a8e3593f6d753c.jpg,0453
3005a93a2fa0440f930f779c055204a5.jpg,0328
30069b8ea52447d99e4f0b80a126310b.jpg,0067
3006b4421c614d54aa2e5e533f93f0e3.jpg,0124
3008f580097c49f99af41ca876a9a914.jpg,0072
30098e6738ed4389865bcfa9142f1fb2.jpg,0147
3011a9ead86f4d23a523af8d014f6e9b.jpg,0190
3013ed605eaf4874ad57c8fea5bfe06f.jpg,0351
3014f47521704b5a9fa13bcc00137ad7.jpg,0212
301959a773b449a5b98add400a8c03fc.jpg,0055
3026b4ea92b04a35865b28d068a12c3e.jpg,0273
30274c8ea0a84c458045ea549d7a6163.jpg,0453
3029bc13014d45b180faf42db3e4bea6.jpg,0129
302abcb550064627b30a287fdb754f4b.jpg,0488
302b79f288214b39b1be0513feff9908.jpg,0233
302f5b40b95c4f71b2dffeb6bfc133d8.jpg,0189
303213c73ab3452bbebcaaec59e236f7.jpg,0062
3033800804d34e488ea5aefcdb5331be.jpg,0241
303e7d683ff74441999d49cd52e40379.jpg,0307
3042c7b2c711426f825143c5a3b1f3f3.jpg,0353
304331c509df4e439a9f537fee624745.jpg,0008
3044c9356977460eb58d921c254c6bdb.jpg,0417
3045ddfba66e439e9c91395e3ae6f7ff.jpg,0499
3046febafa1f41e983ed618058912b21.jpg,0020
304802915f834f81b3082006f0a6675c.jpg,0095
30486edc36b34769bf2cf9b11a1a8282.jpg,0273
304bdd9f037945cb9ef808e1da47db43.jpg,0275
30505d35cc254ad1974b108aacef4049.jpg,0362
305219d5d6f0479aa5c92bf432dc1ddf.jpg,0173
3053220474d14551868c533e5c1f46ef.jpg,0429
305574c8889349a1af48b1bdeb1eb02f.jpg,0290
30574ab2a83b483cb1596271f6f76524.jpg,0210
305795684c52487087b864f560826062.jpg,0055
305acee9234642fbaf2c89a4906e7433.jpg,0361
305d96ef248b49afacfa4e0cfa104a5d.jpg,0437
305e6324d3024a8dae3e31bce4c736f9.jpg,0186
305e6590218e4701bc76b29cde34c1bc.jpg,0033
30661534f2d04c6dab37c650bded90a2.jpg,0387
306c0c88d541457a91a669a1709c639d.jpg,0444
306d12f99b094d06b66c8d6b38b9a993.jpg,0450
3071077399fc485b86cd3ec8b473b753.jpg,0287
3071fe7857854dca87d967b3acdb6116.jpg,0223
3076517a21794ed487a224e37ed1d4d0.jpg,0152
3078f6bed1e24d6fa4ceb034a4171339.jpg,0342
307b31ea569c488287787f66c2ba3628.jpg,0352
307bdbb6de8a4e8a88e95f43e63cbf0d.jpg,0021
307d99b51a3741a89677839761b99a05.jpg,0347
307e2bfd69b64e3bbe959f4b9b25e8a7.jpg,0164
307eb0dfeb114ab3a53413074474e227.jpg,0467
307fed61e5fd46efa100dd39f1633bd3.jpg,0421
3080b8aa70a84c7eae7af7dfd57bbd06.jpg,0084
30836cb4dbea45af83d04bf9866808cf.jpg,0148
3085f3f16677429ba1342e16a6ea8281.jpg,0463
3089240e73d14b8da1663d9244557eff.jpg,0456
308cf5ff2cd0459babc9e5f006805b01.jpg,0451
30909fc13d7c43289c46827a43cb74fb.jpg,0352
30940faf612d4c1daecf914eb6cf473f.jpg,0199
309453f69cde4e0094bcd77f09cffc46.jpg,0481
30945f8fe9504569aa9df1bb64814617.jpg,0082
3094bc394d5d4658981c7ffb9d8373a8.jpg,0223
3097637e9618488a8bc43dfacdb935ab.jpg,0089
3097b04fa1654baea4a6db9433059ff1.jpg,0426
309d2a59625f49db9367724eedd2b579.jpg,0425
309d671e05194ee8ba646ea207519715.jpg,0121
30a12f5a02464fd480bf8fb845253f44.jpg,0071
30a3ad4b78be4363a9ae474f7ccfb598.jpg,0239
30a4b950d9a54fda8dbe5bf6072bcdb4.jpg,0386
30a5325a73d54761ab9f2078c497047b.jpg,0435
30a9f53481b042cd982935d0cc7ca600.jpg,0215
30affcfb7d4d4db383e8c5277af77081.jpg,0285
30b020d729e2441db62a7bfeaf47081d.jpg,0416
30b0dd8e7be6407c81249a217cfff80d.jpg,0410
30b23726147b4daca4d348b331a27da6.jpg,0492
30b27db926cf4c5a9ede2a1deecd2845.jpg,0214
30b2b34baa2c47c7bde38f7426e04421.jpg,0447
30b6fda2b14e4983850a9cf2bb451d29.jpg,0481
30bb6b0acfde426eba66a744129d690c.jpg,0243
30bee0e27cd7405984ddf527fb96c20e.jpg,0254
30c2553503084b82ad41814592a49ffb.jpg,0194
30c33ad91f044281a0cd44dac07a6220.jpg,0279
30c3ad1130684219808bc98b58db7dba.jpg,0349
30c6d4a3707840648f0805907d2f27d3.jpg,0364
30c73779e91f465b82117f2b4d90d34d.jpg,0073
30cc1373176144c88c4f6dc2a95e96b9.jpg,0082
30d4c1355e304097962b5728b5c2b38e.jpg,0080
30da413595eb4d1e90d36bc916f5404f.jpg,0150
30da4d3b001146deb8b0aa2447853e66.jpg,0080
30db331b8f554daab6f3f61adeaee2e7.jpg,0291
30dc5f9449a24d68ad8376c717f90747.jpg,0168
30ddc19856e240f590e87898d2792334.jpg,0050
30e2c9cae01044888f3668ddc59d37bb.jpg,0287
30eee3ed04ce4d54853a908e4247deaa.jpg,0433
30f32b68c2e54c2ba9984a77cd41d0d4.jpg,0347
30f3b74e7ab343c58c49e7738ff8a7bc.jpg,0228
30f4316f73014c12b279112db6394cac.jpg,0495
30f4b319965946a8bb3869af0275cd46.jpg,0036
30fe0646476e4b1d86781fa2e02d15dd.jpg,0307
30feeff7c4a6465ea80ec9af185cccde.jpg,0176
310770e405cf47489f082a47bc174e2d.jpg,0197
310875b7078c4dca831cdd24c3fc9ca5.jpg,0009
31089d1051c04be19d6c3afde2055127.jpg,0357
310afc1b17ca4ed88f56f860bad08087.jpg,0417
31159003ea0f436cbac01bd06086a41b.jpg,0345
31171f32f50e42f19381ef0f8b326777.jpg,0011
3117d4fb87c04767979a4aab935b38f3.jpg,0077
3119b769cb43493a9fb7f657f7116636.jpg,0437
311a786283bf4790b095a1a6ff52fad9.jpg,0132
311a7cebda9847e2bc12c546147d54e6.jpg,0318
311dad83dacc4c9d8ba23313d11c84c1.jpg,0146
31233ed31d48471a9adf06e35253c4bc.jpg,0062
31251abd1c324a7a981b5b1f9951ad82.jpg,0238
312690b7e1214605bc9c853c15678a89.jpg,0256
31276cd6add04bc28322479478e76256.jpg,0439
31288aecd1054b808671579615519b79.jpg,0032
31297152d0764f2b9d42984fe6047287.jpg,0450
3129e110059647328ad44f8b608dce8f.jpg,0332
3129f5ed16e84fd9b1e994c558b4be6a.jpg,0382
312a18db3a6747ef903585faf7e06ffd.jpg,0151
312ab792dade4100869e2c10ae5d93c4.jpg,0404
312c8f1ab05b40828086f453c7dfede0.jpg,0101
312d0941346a4b2191c0ca3f4d9e2c87.jpg,0131
312d26ea24f24035ba18d87668b96069.jpg,0410
3131310ee55f4c098ed4bd31ec0e0acd.jpg,0065
3131addff52544cb8b6a9417ced24742.jpg,0272
313356d95ad74f41b9a182331c7bd21a.jpg,0010
313557895985448f9ac195d293dac629.jpg,0130
313876f3647e44b7a98fd461c0e47d2d.jpg,0186
313b8fe0791540c4b5ca031dadce977c.jpg,0087
313d77e3641648ff8c63fc1a655f1739.jpg,0244
313e4c7983704b8a818b5a6e6a77e01f.jpg,0448
31412c422f7045799f4a9799a0a40737.jpg,0261
3145ff7719aa4c7a977dbb38a4cd1ea8.jpg,0171
3147d543307f4843b94df77a013887ab.jpg,0436
314ecb221c534faf9fb6d46d6a558b30.jpg,0495
31511dc654a14cc68a8b97685baba273.jpg,0292
3154ce23666746eda1754cc141c9799a.jpg,0449
31586be1b56f4d2982f3da5fad2b71e1.jpg,0022
3158dd527b6442ed9c7254bf9b780d2a.jpg,0387
3158e4f297b94cec91ed38f0854f01ad.jpg,0247
31604f6655454ddab9edee3f3607b471.jpg,0461
316133eb86d84695aae34e4274bb7901.jpg,0183
3162741958fb494588e55767ee99e9ab.jpg,0193
3163bc26c11f4376a2e1d2f649a41f6d.jpg,0059
316819c15944460786963b20f09b6165.jpg,0022
316c1e1d2e3d49feb3c2c4c74243473c.jpg,0367
316d7a8396524388831ca2a62810ffc2.jpg,0266
3171036f5fb146f3b9385344da9e52d9.jpg,0074
3172af3615cd4419aa3886c5d30add2a.jpg,0099
317300ad1dfb4ef19ea4f8e2c0d3f468.jpg,0097
3175598be5c54fada100f7228cf59938.jpg,0121
317662fab06f4ec2a5012c4198011cb2.jpg,0498
31767f1896d046ada2381e6135788e8e.jpg,0374
3176cf0f828e42ec81c7a004460e39b5.jpg,0286
31781534752042219f3281871432e394.jpg,0262
317945801f0d4738a9452f1112cfa1b0.jpg,0049
317b2c1a2a6141ef944fe7dd9ef44b89.jpg,0324
317b7e11eb794871a76865ee736a327f.jpg,0052
317b951c4ae24f38a0266ffbe1ae6674.jpg,0267
317fb479dc7a4c1c82414977cec8ca41.jpg,0122
31842e97d59146f1ae883055f5b27afd.jpg,0243
31859fbf5dd1443bb76cdbc7138d12e1.jpg,0382
31874733fdba4a959228aa68aca5d416.jpg,0227
318a41141550437fbbaf747f4965b7de.jpg,0460
319121807af04fe486ac39d4d55c6aa0.jpg,0026
3191cd8b994e4aceb1111d6d077a0d37.jpg,0283
31932da37c1149b798ffa81d750e0864.jpg,0361
319e024aa39f489cb7ea5a58463e0ef6.jpg,0497
319e7f7c1e244bb5a5ffaff1954f8d4e.jpg,0020
31a04778836440d7989cb8195b352f9e.jpg,0387
31a880ad7df14bc19dca0415de41d660.jpg,0466
31af146d7d8d4c019b64d6e68096c326.jpg,0413
31b41df112414cf5b6f5672763e9d832.jpg,0183
31b42c8706954b179578418da8831a93.jpg,0396
31b6aa54cd254fd99d75c28f9c9bea69.jpg,0256
31b6b6613c9b4fd490aa7bc645404029.jpg,0452
31b9f64a9d5f478bbd80566642fde6be.jpg,0312
31bdd12bcb6849dea67a0c6412a199fc.jpg,0457
31c02eeef274415aa743022a5f2e54a2.jpg,0091
31c03705d2e54837920da760f7b46f7d.jpg,0272
31c39a91dcc041db9ea3f5e0544df7ac.jpg,0472
31ca5beaee624eadbe7898cc745e818c.jpg,0265
31cadb9c67c44f54bbe00d74179a1c91.jpg,0445
31ccc8a64978417681bde5299cdf4417.jpg,0299
31cd83e0c4d44794a68e72645cabe5ca.jpg,0055
31d403f62061454da23f72eaa5b03756.jpg,0074
31d520d1dd764e7d97f1c6a826847ee0.jpg,0287
31d61b7e22534888b8b4bdd426e87ff3.jpg,0287
31d6530edc664b8697e868b5df5a25fb.jpg,0495
31d66a29867d406c8194bc413e98a85c.jpg,0465
31d7d5abc5e34617b92c2f3686a332c1.jpg,0224
31d9ebc020fc4c388c3ec777d3410c72.jpg,0471
31da408f5ce84dcf972c512934f1cc52.jpg,0378
31dd93fde47b4458b19d77c4eeb7734b.jpg,0355
31e22ce6feae4050af471b5cb2382b3d.jpg,0041
31e5e0c7e88e432ca9eb8c1b67e4e434.jpg,0461
31e7222b425d43669a78438dcd5a1157.jpg,0250
31e74390960347a491a1d0041d72ae80.jpg,0404
31e79071b72d450491ff70faadd9c743.jpg,0226
31e7d1213d4842f7b59a4316999a79b9.jpg,0366
31e839d4ac0f4862b3e1d69badc56b49.jpg,0410
31e8c9812f1e46b4b16ef5be89efcce6.jpg,0480
31eac4e78d6248aa8635736732a23aed.jpg,0243
31eb0cffeacb4eafb47ba95bb35f88db.jpg,0402
31edf414719b478a902467ba593260cb.jpg,0246
31f00606eae047ae9145c4bb8cb4fe9d.jpg,0322
31f150663c17440bb4df2b8aa0cd529f.jpg,0496
31f16382a44c49e3a57438d7047f9394.jpg,0195
31f3ab24769a4e4494d52e37ce471bf5.jpg,0276
31fa821ae2094639924b32075d588109.jpg,0224
31fae6f73902481f8b343156a5ee120a.jpg,0447
31fc408ccd374cb3b41f3f9099057c0c.jpg,0154
32014ce51d0748ce8600ef2ec0ef5103.jpg,0353
320a22f5d5714cea8761082b5de707e2.jpg,0441
320ab904a74645a485f2c7e181780785.jpg,0450
320c620342cd4028bd6c947abdb1ef7f.jpg,0246
3212ba06eecc4873aaeec91513813f5f.jpg,0125
3214c3addc224588842965b3e5c7cbf3.jpg,0029
32169191fa1849929eed9149f6e02273.jpg,0188
321725f3622b43a6881a936baee3f82c.jpg,0131
321cc82c48d946f09a42e847bbbbe067.jpg,0301
321ce1e0027d4bffa75cf1b81ec19c2d.jpg,0300
321fd2cc0dd5442c93f857455116685b.jpg,0055
322042661db445428b9313006a4ef5a8.jpg,0024
3221e071073a4b6085089dec95a0e538.jpg,0147
32241deaaa1f44b8b1da8b56eb7b42e0.jpg,0203
322ad0c93ec0412aaaa9882e5c7cda30.jpg,0316
322d5728cf0945c7b15f7d657e1a8124.jpg,0242
323613c8fd2549889c4f3f8e9c9f962a.jpg,0226
323a434d1d5e42b1b1e06117698411db.jpg,0357
323ce4015c804ec69adc95b2dcdb1392.jpg,0172
323d2d8988cd4bf4ae903a0349f22fa6.jpg,0370
323e0387babb4b02899f5b50cf4d4701.jpg,0487
323e6e78a90848a3b8e248cc84f422ed.jpg,0171
324229b47e3f48b9aee71a97bd044419.jpg,0332
3243b007772a424c87089c55c64f64aa.jpg,0159
324835e5ff7947e9ad9a09c75c5248fd.jpg,0452
32485cd998994c21a4ab8be422c51580.jpg,0319
3248b489ceae4bd89da957b56a4b13c9.jpg,0190
324ceb01225b4a88890740e75425c4fb.jpg,0002
324dcac985e1433aa928acc8459b9609.jpg,0465
3252aad7849e43e48fd7b601ef5cb6cd.jpg,0048
3254d7640cfd4cdc93d73eb6f4c9ffa0.jpg,0047
3254fe05dc4d4ea5824c26bf727101ed.jpg,0162
32560348ab5442e6b6049d8461ba90c8.jpg,0271
32570592eaea40ca9c359b209f11eeae.jpg,0136
325cde6ddfef4c18bb5bbd7de5a6f738.jpg,0012
32623d39521e48ec937c382fea3c9966.jpg,0232
32646af37cfc4a75bea937d817321309.jpg,0004
3266751df8fc484b8a6f6c9974006abf.jpg,0000
32683701b2614091a71cb344ef9d267e.jpg,0268
326dd7d98a3a44a983c48d7051fa5bc5.jpg,0253
326f3faa1b154fc28c1985a18693ac25.jpg,0086
327047c273324178b37be132ffad59a4.jpg,0131
32721ccfe6e74e6b88e02dc8ee9d1a7d.jpg,0245
3273c97032514991824f71a3bb5eeda5.jpg,0269
3277f8c2e06b4bfd9368512ee942c83a.jpg,0196
3278490ce4664054a3064071f78e0363.jpg,0203
327e6cdb615c484c984751305f578041.jpg,0257
327f9ccee9214725a0733c78d4bbb6a9.jpg,0327
3286e3863c934124b9b42bb814de65d5.jpg,0313
328894fe8925482394cc2478c3a9c58b.jpg,0033
3289f751b1af489a8cc024a605ea0587.jpg,0031
329079eacdd34f1c82ee38160c402e5d.jpg,0196
329119e827d14282a6ff301a38a816de.jpg,0235
32918c93702d4617aca480f88b2e4872.jpg,0005
32970eb338de4dd996ddb7647c3c930f.jpg,0293
32976ec4548746c5884b079c5ccc8772.jpg,0454
329d14a1036541bc8fca39732607801a.jpg,0008
32a0a88c1d8f4855bf235d76af3b370b.jpg,0377
32a2f11b59934264bc0e62116106c338.jpg,0193
32a44fa388cc476296f8770264dff09d.jpg,0415
32a4eb40f0ab4d749b522f1505f9cfba.jpg,0237
32a64e4faa39467194620046c91db77f.jpg,0191
32ab14a9cd21422484159d4e761eade5.jpg,0319
32aea0bf0b904504b0ff514a9b20b990.jpg,0367
32af59a146ae48d38ed19b72e84e5bd9.jpg,0449
32afa7e9d6e44f858b53467fb2dc385c.jpg,0228
32b0bc14e3fb4e23973d1567403f3196.jpg,0153
32b1497dec83415881bf93815bca6121.jpg,0092
32b39eb1831a47a2852c74bc61ff3635.jpg,0452
32b77d1969cc46a9bef6fdbe57905b89.jpg,0032
32be24964bb940e489ba9eaaeeb5c8ea.jpg,0418
32c0546c3c12488f913d68b83f134933.jpg,0052
32c280e57b4442179cb6af4473156bae.jpg,0044
32c48f5a3f7c4cf699437310a1208fca.jpg,0332
32c60df4c89b4073a196bab92251cf7e.jpg,0427
32c71e752b674d818104a4eab9551af3.jpg,0123
32c9d87794da4ce5b9cc41bad5d6feff.jpg,0108
32cab3ce3eaa4926bbbbba3b8f229fd8.jpg,0120
32ceb5958df94525ad47c32c4cc634f0.jpg,0475
32d0b927aa90447bbb002944c1901408.jpg,0090
32d1bca96c474dab8d39924b6d9ee191.jpg,0091
32d4c66e195e49c4982059dd0bd05890.jpg,0154
32d4d55c888c46aeaa7b721e0b834b7d.jpg,0239
32d60e1bdd2f4e71a462f120978b6e66.jpg,0389
32d71cc5a337401ea9276ae9e175027c.jpg,0274
32d93e7a7ae243ce8e4d7fe700ef4235.jpg,0466
32df8205ac0049e699482ff9b8c95038.jpg,0157
32e35b0ebc0c4b1e9e0ea944f4d4b34a.jpg,0192
32e5c598b99e4f82a9ede1bbed51eba7.jpg,0154
32eae0c892424189b9e90f09c7832196.jpg,0278
32ef06d0d66b41a39ac9aa3e29fc926b.jpg,0069
32f1f47c070b490db90fdc7b4b8303fe.jpg,0272
32f3dd77485741deb90f5740f1bad92d.jpg,0026
32fd40fec3254bda97df2370356e1f3f.jpg,0347
32fd60db531d4425bfc6b41176b9efed.jpg,0495
32ff77a7e7134c59a8230b78d1f887d5.jpg,0129
3305b92294204040add7b66cdea3ebf5.jpg,0215
3309d3aa014346208749f978ee5c0b58.jpg,0307
330d05a99f9b49349c648c443d0fa785.jpg,0391
330f40f5caa745e09892d0efac956b86.jpg,0182
330f9071888e492f9dddc57b142c3b35.jpg,0144
3312e506c44845c796574950a1043835.jpg,0335
33142514a1974abd8533a509a7a6b233.jpg,0003
331796b7a7bd4276860fe0b144e84ab7.jpg,0340
331b726244be4755a01faee03a5f393c.jpg,0386
3322cc87b5674418920120d9b3a8b593.jpg,0211
33231b5b47b1425593198c47e9e17b2a.jpg,0227
33267c0567084f708741234920a78da9.jpg,0065
332c9fd7efab450b882a0a3ba6ccdc96.jpg,0028
33304f1010e346a28f14599bd78c4d76.jpg,0186
3336e64168564d84acca86aeca287fdb.jpg,0436
333805b6b34a4bc78519236605d29ebb.jpg,0092
333b2362706c46ba996a7c82d2c4733f.jpg,0078
333b413bfde9443a91c1c25e1b4211ac.jpg,0306
333f91fa26a645de91e38192cdc5805a.jpg,0417
3341be523a9b41ef9c27646115155577.jpg,0214
3342e7d80d5040ecb3899c2c12e9de3c.jpg,0470
3342eb8a9b774f599a3da1d11e0ef6c5.jpg,0475
3344c5a62da14c4fab767b9371a20d09.jpg,0043
3344e7e210114035ab918facdfb9f122.jpg,0451
334decd4e4584b95ac7de257f4008fea.jpg,0205
334e48a328984e7a9c97a908670b9c71.jpg,0356
3350f8c8c3ba467ba9d84c4793199646.jpg,0387
3352afa312e148ce8321731ea2e143ab.jpg,0000
33534c342bab4a8cb4bd8ff04f29b121.jpg,0303
3356698bb872411ab3054b93671dd5f5.jpg,0287
33575bbff1a44a669ef39c1279967033.jpg,0102
335928ad5ef1477cab6be4f182356415.jpg,0002
335b01ce7be7429aa4fd127847150c53.jpg,0444
335e5031d76d48f9994ee65edbadbb0a.jpg,0208
336387bcfb0d430ab9726b455e4f913e.jpg,0169
3364ac00add546f1a2de3d2140b2fea1.jpg,0236
3367311056f741cfb0ba49f6f8d58a0d.jpg,0263
33673a000520447e95866627f1dc447e.jpg,0121
3374de25af4940139dce7beb6b41b0aa.jpg,0438
3376d2558a7d42b2ba065db76dd738e5.jpg,0403
33781f78732d477aa1409585f07ec75f.jpg,0044
337bbcec4aae4ffb80b1e00a72ad1c9f.jpg,0414
337ea50f416d4310b3d38d8fabd222f2.jpg,0408
338025142618454e8ad28d4b9ce681da.jpg,0264
3380508b974441e2bc6be82b322a0dea.jpg,0499
3382774ec2d24b2cbbbdd86470474a6b.jpg,0353
3383aee2a2944a2ba88109709d0b4eac.jpg,0272
3384fde71ea04946bd376c07b7d13ad7.jpg,0183
338575e86d91412a95da652c4e6bb86a.jpg,0167
3385e868f4d248c1894f340d8a3935ad.jpg,0012
338afd54ae9a4d488c88bc5af506044d.jpg,0327
338bc9c82f59469dbea825ec5c47903a.jpg,0443
338bda37a2744c16877c06026ddeeddc.jpg,0465
338df117b8f645f7afddc6754060c89e.jpg,0200
338fc4d444354dbe9f8875e216b26ef8.jpg,0436
339741c329db4202acaf3f20e155f087.jpg,0095
3397b9e2900e49c3833caed44cd983de.jpg,0198
339a68c8912e4257bd35c3274ad9bdab.jpg,0234
339b52b4dbb649a087fe1a4ffe96e5ce.jpg,0386
339e3c501b1049269c8169e61fa85f68.jpg,0111
33a00427b83d47688dee34313194301d.jpg,0307
33a7b9c2d50f4dfd9ab574ca611e5b88.jpg,0209
33a9f9a007af497c85333361f39724e7.jpg,0225
33ac91c73ab34b2ba2a279d11e05a701.jpg,0145
33b028a26a42455080b5375e2d4963db.jpg,0294
33b321550209445eb80a4e680ebdaaf5.jpg,0076
33b601a841da4a958fb72db4659d890c.jpg,0109
33b6a6d0629d4059b7f51370e99d5985.jpg,0328
33b849612c6847448206a7d6663c0ea7.jpg,0178
33bd4231923d490e8e5a2612d43cd454.jpg,0226
33ca37aee0c346a69f4a847ed29f3ca5.jpg,0460
33d16f81cce3497a99498c15d808220f.jpg,0148
33d29c918da3476e99dadfede8e8ad0f.jpg,0073
33d4e6759aee4f779c3399d27ec97a5f.jpg,0232
33d5dc8a56d74e339667032bd2ecdca5.jpg,0047
33dd56456ede455db48b445a51dbb876.jpg,0014
33e155d42cbd497a969176d2212d509f.jpg,0364
33e54525fb494290ab1d4a17799fabdd.jpg,0208
33e568dbffe84e6784b10d8aa7003e84.jpg,0107
33e61157c5e7434e8724629d55ae7c9b.jpg,0122
33e687ab7c9e4e53899e9cc7a73a2577.jpg,0431
33efe86c741a4a46a22ce15123d43811.jpg,0375
33f0fa95e4154a8ab7240a7a816d5b3c.jpg,0197
33f304ce58cb405b9637d3080f84fdd5.jpg,0259
33f73488ca764b45b4294e2dd20df2e8.jpg,0293
33ff6e33ef2c4732aada1b1f2002d806.jpg,0396
33ff7866c4e94dff9f58cc3ad0a7b607.jpg,0050
3406f3fb17f14303abb085b11c454159.jpg,0008
340cfe8de7424c939098b163209abdca.jpg,0051
340ec8a1f67d465da754accb3bd47e85.jpg,0216
3410cbce5da94f569c86c4889e013b74.jpg,0176
34130269e0aa451cbf8a44048122a67f.jpg,0063
3415bfd6296d454183266a370e3d3d08.jpg,0192
341a35aa220948208f1dd692b4a2cf8d.jpg,0467
3422b620ee3f452394586f69ca137ced.jpg,0427
3428be4802db491dbe8fc4ec88cb4594.jpg,0076
3429a34716b24844b9fde4629a29105e.jpg,0460
342d7176e8d94cccac6ffc9636b42c72.jpg,0145
342e145e3f264deaa6231def87fb09ff.jpg,0023
342eb9dd05be44038ce4acc3d0631f54.jpg,0265
342f0925351045f0a32fb397f43218c2.jpg,0429
34316e1496574161b5e4d8e8f09137be.jpg,0332
34321f88b06d47e4b608e6555d101276.jpg,0459
34325e0274b347508d432bb1478716c3.jpg,0380
34330e01a3644459b4a9e35fc1f48b4e.jpg,0284
343414350e4e411094501f956d97d324.jpg,0467
34396bf7260441e8be7be14b2bf506e2.jpg,0327
343ab4b5cb3b4612b05de46a06eb8ce2.jpg,0040
343f3599dd0f45a3bb9d7850b9b67839.jpg,0258
343f5cd571cd47639f6d9c767ed99589.jpg,0225
343f76dc4e0241f78a3548ad58abe2b2.jpg,0462
344031044a914188b7097f8c6a488655.jpg,0347
344054cbd18c43628311169ffd53d570.jpg,0221
34487c6c88fc4298ab920f5de0218014.jpg,0107
3449503da6ea43878a16c7df1dd579a8.jpg,0434
344a4382df2a480c9aa4d9d7b1de3ba3.jpg,0487
344aee8a4b114679940b79284e628e57.jpg,0036
344db11514584380b43c526a437c68aa.jpg,0334
344e421d92214956aa936c3b281f319a.jpg,0227
344ecc4bbecc4ef39e9695a1a2bea3aa.jpg,0123
34530e6fc7344cacb0bbe11370fc885d.jpg,0434
345341a889214ca28740ab65bd71fb72.jpg,0103
3458b36550814e3fa610b72ed468b79e.jpg,0315
3459850621d94dfdacf0daaa6cda73b8.jpg,0215
345fecb7e7fd4d258ad6ad7d64266495.jpg,0008
3460fdf960f34411b05d22a52f402308.jpg,0273
3461b33e2d8d4fecbe17288e8b693333.jpg,0300
34648da19541484cb879726a716b052c.jpg,0377
346843d872d6429090493589263ef2e6.jpg,0074
3468f2f606d146fb8087ea769ef4b477.jpg,0204
346c04a5c0234258a927a8cdb4eda7b3.jpg,0467
346fced5e78543b198a0b87cdc412c5a.jpg,0251
3470d07e9ae0460d9f15b009e16b62f0.jpg,0253
347204a1d70d445299c0ef322c5c0bc2.jpg,0340
347215d3d90d4c08954d5b908df8298c.jpg,0410
3472d4907b4741b7b2d7c5bdb2f71f79.jpg,0210
3473575b3a0947dfb4d0140264260271.jpg,0292
34748dd1654340cebe8c517295165f31.jpg,0457
34751f371ff6440e983efdcad265ac8d.jpg,0309
34780aab49f94874b25c0638e474549f.jpg,0118
34792638bc0a44828dd745c0a65a80bc.jpg,0016
3479d95a5f8745a29efdbe057e3ed288.jpg,0378
347c38a5666e4ac29606d301e0785160.jpg,0499
347d4d227c544501892cc31f8b13204f.jpg,0371
348293d878504f1b8cd4c9fa4a0c303a.jpg,0065
3487ce8a086140b8970b5fb407df1e73.jpg,0348
3488ea1c8b3d4bf9af0f7f54183c4ec7.jpg,0010
348c64d90698477a9aef6219d2d098f9.jpg,0486
348ddc6c86a24a3a8b716d691fd260a8.jpg,0382
348f5a41118c4b6e8e86427f97d5df5e.jpg,0321
348fa0509d99400d9cbce0acef0bafdd.jpg,0245
349087dde0f1433995d57a15aa431c9b.jpg,0444
349194c286694455bf305ffaa109424c.jpg,0282
349295cc5cef4440b781b2faeee5a34f.jpg,0302
3497741a265446e889df1e51db68e3fe.jpg,0245
349c01ec54cf4163a5d5807caa053a9e.jpg,0338
349d5c9dd22d481383fc05fa08706c1a.jpg,0202
349e670c92614df0922fe178a857f097.jpg,0209
34a03361c93c4ef98c60cdf94b3884c4.jpg,0383
34a82ceec933434fb10f8d4ac1767573.jpg,0384
34a9e0fb9885490c83ce7e25895e1558.jpg,0041
34a9e7a56cdd4b9c9c8184eb8cf6789a.jpg,0267
34aa5ac9916a46128ce7584a9afeec6d.jpg,0209
34b299c01506405894ab31420f519945.jpg,0163
34b418106ade46dc9e370105fef32466.jpg,0133
34b5a2d2f28c409195ec575ded9e39f9.jpg,0044
34b75aa876af48ffb85c094432b2e4ad.jpg,0382
34bb86a0db3b497aafc005e9e40679cf.jpg,0143
34be266ade274f4284048daee25c05f9.jpg,0410
34be536dabb94f4faf9f9f0a9d648dbc.jpg,0188
34bea66ea4e04090b5c6278730232e98.jpg,0401
34c482ffe6cb4925a7019bc14b28ee2d.jpg,0313
34c512fd89e54c8eb79c95da053f7e8b.jpg,0412
34c6e44b19834717b64f0cb2c9ee9f08.jpg,0475
34d907ce058c490baf4d34872da15c09.jpg,0095
34d963575ef24fc6b239dd84e9f9e9f5.jpg,0015
34dcb14055fc41bb9fb175e58dd3c27d.jpg,0452
34dd558763ad46cdbd2fb7e01526fa34.jpg,0368
34ea99c0c0014363a79162392a84f042.jpg,0051
34efaf35ae1f40d785e37317178d0a78.jpg,0087
34f01f8cdf824dd8b0d83f6c0a00ccfd.jpg,0056
34f40e4eb6b54b5485b6914bf66bf68c.jpg,0022
34f6cd3799c7485693fd49606c87637f.jpg,0386
34f8cfc7fad84a61b2de535fce47d0a0.jpg,0458
34faf822039844f883f4b479080ac466.jpg,0375
34fb4352cbc44f90bbd5bd1dd87313c1.jpg,0481
35057c0f7cf4402dabfa48aa86b694dd.jpg,0448
350693b989a047b6b5cb04035ed76ffd.jpg,0194
3507541a24cb42a1ae8a1affb62cae0c.jpg,0360
350a3a024eee4d9c948409112af327c1.jpg,0035
350ceab2475c4c459336dc82bbc5846a.jpg,0188
350fb82efcac487694000c0c551f328e.jpg,0343
351711669e274c7c9a41c6eaed5c7211.jpg,0040
35175fd74d914db5ae5173a31e314546.jpg,0037
352276d5f7704eab929220aadf93df98.jpg,0398
3524e2258a0a4592b3fdb9a8b75bf2d3.jpg,0156
352746748f2f4f6fab0825bcb4720044.jpg,0060
3527fa50aee04c66afadd257e46a6254.jpg,0448
352a0246572f428aad8b347b1fb95ee4.jpg,0366
352e6f2add404660bd60e9102389faf4.jpg,0152
3530cea6888c446eb497aca982ae1a7d.jpg,0066
35312eaf8a0e4dab91f844a368e2c1a9.jpg,0327
3533c6768ace4b30ab2393dc8ce78a9f.jpg,0442
3538ac540336493b918cef4a915f71e9.jpg,0415
353943db49af48878f8488033d119883.jpg,0296
3539f23924ff4785911a863132271a99.jpg,0093
353db98f0ceb4f85a9d3216f95be79db.jpg,0066
3544e7fba64c4bffa93aebdc3dd29fe6.jpg,0089
354520f3bf8844dd837441d09d069053.jpg,0260
354b07890e1c4943b3632ec7da1299e4.jpg,0172
354b33e01e4c4e06a7f2fda749623ea9.jpg,0193
354da8e807a343a3a936ce91b631b7cd.jpg,0227
354fcd4d341b4cdbb3be725996a02fb0.jpg,0481
3553f23fd03742629cd832644f62c257.jpg,0285
3554aa54249b42d3b854c046ece6033f.jpg,0495
3555160dfecc43a8ba2344a81c292835.jpg,0098
3556291568ca467cb65b6dd5ee438036.jpg,0195
35565757dba549d2b5ccc01293ec4947.jpg,0221
355ad85d11964dd9bc05dbf83c06a024.jpg,0210
355cd1d2aa8142e29346ad66c1552efd.jpg,0322
3563a1fb93e445b9be17b21d96cbf47b.jpg,0242
356680ddaafc4919900b2edc844c00b4.jpg,0149
3569f51ce2074164a12293950bbc9d9a.jpg,0492
3569f876ce2142b9884aa75dd78f83c9.jpg,0105
356bb777d70343439b4736d875795247.jpg,0084
356c5b2282c64ea0bcb3a592cb7858d7.jpg,0423
356d64b624914d83811c279998e44a33.jpg,0430
35727c0a1959408593b5068e6eaf4e61.jpg,0210
3575a244ac36405b9d5237793d9fb2af.jpg,0404
3575aebd8c0d4b108aa02755b541dd77.jpg,0327
357745002d6447ffaa6d52eea8fd494c.jpg,0379
35792883d79c4e68abe0f8eeb5adecbe.jpg,0047
357c25e52e964a899c84c40e29d59d72.jpg,0287
357e6e86b0c34a0db57a295662fb1182.jpg,0487
357fdcbabd774b3abffbe0f200efbcdb.jpg,0124
358325cbfe0a4e68bb7c1de719cdd66c.jpg,0351
3583779f32a245b2a22e4c56b56d98e9.jpg,0205
3584d59861e547e3a882705bd32a58d7.jpg,0251
3586259209a44fb7aa30a15d23bd340c.jpg,0201
3586697e24b3481f8a10173293fb4e6e.jpg,0059
35893ee6dab94717a6660ece01a707af.jpg,0262
35909718701e41df92f753c6937ad83d.jpg,0279
35952bde85dd43d888ef0a727041344c.jpg,0377
3595bfd2c932475090c4134940c13b05.jpg,0469
359aa87521784fba83ab3e7336fd1249.jpg,0199
35a39c1715844921b1a3676906099fe9.jpg,0072
35a8815c742442aab51f53c2dd611d71.jpg,0204
35a997395cf04400b2d3c5ecf24d00f8.jpg,0261
35aa3fccdfce449c9df04b093ee593ac.jpg,0361
35b24f2ce400445f914d11b7e5230609.jpg,0298
35b4aef9a96b48af96a17efaf2f9f37f.jpg,0433
35b66ba063c1408d9e0882e7b29d08fc.jpg,0073
35b67c250c2242d79d173d3fe90b4287.jpg,0256
35baf92033f54daa88c57abdd3e1398f.jpg,0332
35bcb288a2b845de8dcd4d4dea40e8fd.jpg,0115
35bd3cb76df24b4c81aa90b46564d67b.jpg,0329
35be8b23771044aa86f6b84358450edf.jpg,0006
35beb6d176014bbfb5960b19285992da.jpg,0373
35c054b3a8e246d99d4e2d4b82eb125c.jpg,0382
35c1d325718b4332941ef4935096ea93.jpg,0248
35c651ff4fee4c7087f8e7cb849287e5.jpg,0493
35c7755f1d5d4afab29096bbe6fce5e7.jpg,0096
35c8647cd61e4a5f9895fe44ef435ddf.jpg,0045
35d2acfc5c0d44419092f8623731ff66.jpg,0015
35d71c532f2f424fbd8df69e1bbedfb3.jpg,0001
35d82539980c4e069c97bb1c075e3d5c.jpg,0478
35e171bf7aab46f8b96256f62f5a7e24.jpg,0294
35e918303e224589b22a25061e50dc48.jpg,0258
35edcb8e54ab4a93a9b5b7b280e1cae4.jpg,0021
35ee9b1a63064b9b8dde05d5df1a721f.jpg,0147
35ef49ee0745489d9d3bb28809098209.jpg,0303
35f17e93c9d649fea501ce6fca7f9d78.jpg,0083
35f72bb81f834872bf50b9856988c452.jpg,0443
35fab4a80d014f55a13c9323f7cbbe3a.jpg,0076
35fc1e96d13a4a98afa51adc9ffe2f86.jpg,0433
35fd4e00aa90410eaafe9a1a4457737d.jpg,0233
35ffbd0c422e406d86da7393e2bf8511.jpg,0429
3601ecdd7a9a4494beeff4b71450e275.jpg,0029
360373245afe4a0986ba7df44d55ab1d.jpg,0276
3603e664847a4589a5668fb71ff33072.jpg,0395
3604356a63004a8ab3c082f99b45547b.jpg,0478
360bb0449271461bbd873bbc3d49c423.jpg,0182
360c919e04194d6eb177fc0c8f76259c.jpg,0278
360d34de849a49e69f73eb9e0302e30e.jpg,0438
3617f625655745e5a3dc0e873cf50963.jpg,0446
361b4fe4ebbb4f3cb2c25a8f5ccfb47e.jpg,0052
36220dce749e49519e395270f380d062.jpg,0244
3629e150040d43ceaee5a1cf1a41cdf9.jpg,0123
36302b0c174543fb8b6d78de2710cd32.jpg,0399
36385edd399248aab860415c29be8951.jpg,0323
3641ce8e2fb64f10af7b0fc1961c09b0.jpg,0109
36427cce307a4bdfa1b8c36b789454d6.jpg,0256
36480357cdfb4d39a89f0ee6abc8b672.jpg,0157
36493fcf48924823ba6007e5cdd0dcc4.jpg,0487
364b3133d7674fc6a62b697793798780.jpg,0170
364c77d9eaf94d4da2c571041c826375.jpg,0449
364d8d4ae0734651bef263ce2871e116.jpg,0100
364ead75785f46358dc8577fca9e998a.jpg,0291
364eb50e069047a4b0b1018818ac0548.jpg,0403
364ec8ec4c0942dcb4f8991d8773ef22.jpg,0040
3651b81d552540848fc5ed1fad5ffbd4.jpg,0006
3654f3cb0ba34ea58a17d73372326064.jpg,0307
365e6e4beb694f2893d47d866cf5e254.jpg,0065
3664cba0c28a432ba5893e250af7566e.jpg,0293
36661463eaa949c2ae8e3d1a28f8966a.jpg,0279
366a69275bdc4c458305b55fea0f5ceb.jpg,0466
366b4fb0a80c488cbbdabf0ec85afc28.jpg,0183
366e0ccb994d44498f868c91a6af2406.jpg,0023
3671f1c912e04b0e9e74dc047c1fd5f4.jpg,0078
3674cac993f64d20828239946d92dd12.jpg,0132
367999043a7b494baa5db7c16fee5a4d.jpg,0129
367a84c565a34bf580a0ac377a8ada02.jpg,0414
367b5f439aa44421a19143f4e7d64357.jpg,0451
367f9738154740e9871068255ca867f8.jpg,0205
3681b24f5dbe4d849d766123abc47ef9.jpg,0316
368253c954db44a390bc0c3272328052.jpg,0173
3683a9befe1348e59ff2be4d349cd16f.jpg,0202
3686d2a6f3e64206ad2289eab8ac5270.jpg,0237
368b571ef6b249e9a3b0440abe7026a2.jpg,0221
368c893be3144516af4d6b4040ed7c28.jpg,0173
368e09c73e0e417dbf8129a3fc4d8347.jpg,0398
369384195a71448fb9a403e7aa474631.jpg,0272
36946a0f9fa8473aaa9d8e529eaa763f.jpg,0122
3695b0e97b07409180d32b9147128267.jpg,0383
36999889c5f64013a2c11cd227fe9fbc.jpg,0241
369b62d5c39145e5859f5ce0ddf4d91c.jpg,0298
36a6ab8a66b74f0c8e37eb4850bd78ec.jpg,0242
36ac599363554b208d93d3e4e52ccaf3.jpg,0396
36c7826d71ed41a491a42f936bfd640c.jpg,0259
36c8dc4c8a0d42b587edb89d1db1cd35.jpg,0179
36cb576dacdd408f83363fdbb655ff28.jpg,0214
36cd303c8ca541e397bd61816484ff44.jpg,0160
36cfadbdeda44de3a1580a262e9cba77.jpg,0472
36d0d98ef92f471084d66d022484fba2.jpg,0407
36d2846a01904e19962425ec9c9db393.jpg,0096
36daa31eab0740c49519ef7e4e6952e4.jpg,0318
36dc931d49644d1387b4698f786844dc.jpg,0283
36e04d0da5d44f4b88224cdbd30cef2b.jpg,0453
36ec109bad184753bcf8d8057965f0cf.jpg,0001
36ec989eaf244c3b95024b1bd2aa801c.jpg,0267
36eedd31667545b381cccd60c924214c.jpg,0266
36f12924bcaa4c119c43e2f9a16af389.jpg,0413
36f35163ff8e47c58d99539cc17e2e88.jpg,0060
36f82c49f27c4e72be7779710d016fca.jpg,0414
36fa0f39139d44149af1836969e848b7.jpg,0426
36fac9dbe8c74304a238813bf6b88e43.jpg,0356
36fd3c34607e43118605dacc58775cad.jpg,0480
36fe5d12510445e1ab01013cc1f40421.jpg,0407
36fe7006d767495e9dd28a526c31eb0e.jpg,0074
3700d64047bd4b299993d02e52a04fce.jpg,0044
37080368b5264990b032f4271fc5b6e7.jpg,0079
37107e555eb040ef84f251c115dbc3be.jpg,0133
37110624dfa342708f813596a9badd5b.jpg,0165
37139f10e6f6414aa2ee85dd8a08354c.jpg,0156
371574e80528402c935e16a6324df96b.jpg,0097
3715ad03466a40de9c252053a86dfe40.jpg,0186
37175be70e42444da329256d4c687577.jpg,0342
3722a012f31046cb957736f2147a8c02.jpg,0143
3722b9cc8ccf45aa9efd8073086da601.jpg,0250
3725856c86de4147994b7836baf1d952.jpg,0072
3725a145c9ca478f991b991ea145899c.jpg,0378
3728705768054ae7aaa5ae86c2e58c73.jpg,0032
3729a24cf42e4684823647ed61b61c9f.jpg,0195
3729f98880694beaa601b26af475bdd4.jpg,0071
372a656b40584415a6744b6cc9a1c96e.jpg,0120
37321c09aea34d438194195dd585b1b1.jpg,0007
3733b4626cd24d4e9aed3b5fc45719c7.jpg,0226
3738b02efb4c45709c6d881a3e91949b.jpg,0106
373b858bef684ba1a45e9340dae10396.jpg,0357
373e2946e4f04ab9a40d4c89f074989f.jpg,0000
3741173ba7b54a029793925d88cf1494.jpg,0048
37480f15da1e4ed7ae469710f55b5c4c.jpg,0128
374a610797694598a4760181e0991322.jpg,0488
374addc6bd1541aca5e7c74f0674c5fa.jpg,0246
374c2030109e48f9943e8f9d2a79580b.jpg,0280
374df975f2be482f8b280d67fecf0f72.jpg,0130
374e553522e54027a0dca42591b275b3.jpg,0317
374f803151d64c41b298f5e27d66b379.jpg,0178
37521650599e422482f4a29470ccd260.jpg,0100
375586c929d749c0b0396577701d68a7.jpg,0010
375916b2b4294f73b50d10af542fcfcb.jpg,0062
375a4fef64e44997815cb0d5bf9228f7.jpg,0051
375bcd6aca5446e28a07bf66aac3abbe.jpg,0069
3762270ae75546b6ac9c6335dd27b59f.jpg,0180
37669bc8ce6c43afb509e4b507471a0d.jpg,0446
376b8c9f5b04443789eaecd6c7280a7b.jpg,0207
3775047bd1d4423dbfd40cadb3a6be4b.jpg,0329
3779bb6c0c2c45c48a582589e1d1d140.jpg,0117
377ba6b1d2f5412dbcf8afb8c4c5e60a.jpg,0026
377dfad788b54af6903fa46548730479.jpg,0018
377ebe2ffb884545a697738423591dd0.jpg,0102
378034767ff54a0894604d75eeca0b38.jpg,0470
3780dd40896341e38f07f6e1938bc3f7.jpg,0384
378155c5789345aa81f84c8b167057d0.jpg,0428
378462856e684c2ab6de4e6e0945fdce.jpg,0201
37886319b24148578f6d3efe32ef3dd5.jpg,0082
378d2c9628f9459e94975bb451d3a0da.jpg,0011
378ed424d01e48f78ffc5ce1f1463f2d.jpg,0242
37901be6c94245859aceef7ab28d3f0a.jpg,0402
3790625b3ac44c14875d32e9b8772429.jpg,0472
3790fd2fd1164eb6b55b7b00c5cd7e31.jpg,0133
3791c29f03464478ac0a0ce569c3946c.jpg,0157
379588b4a1594968bdbd0e8fcb6bf8cd.jpg,0216
379c1514a83b40d2932605db93a73deb.jpg,0167
379dba01439e44c9ac005cf47252749c.jpg,0190
37a2cf83b6e24a999db874f0436e3fba.jpg,0465
37aa58420d8f4ae693de5fd46197e613.jpg,0493
37aa861fa2f2441bae9465cba49e192f.jpg,0353
37abcbbc99c045deb0bc875e7b8c4e88.jpg,0061
37afa99dc49442268878f152d8d2789b.jpg,0284
37afce4702b04589b3d620cd387f2824.jpg,0186
37b1d389f7284523bb37cc45d6ac9487.jpg,0237
37b21155b2e34b68990ff43c0c860d85.jpg,0288
37b457459c16417b8ca902efc04c76fe.jpg,0304
37b4ae53c5a04fd08d0eeb07a525823d.jpg,0214
37b5f8edca8746fca42e52a16c594328.jpg,0373
37b9b5709dca4956b3634c83215d2587.jpg,0100
37c64c3b577c4190be8579123143c055.jpg,0128
37c828f1014a4d54a0e98297717ac373.jpg,0117
37cb5b2c91f24128a33a8ad823448c05.jpg,0177
37ce80240f314c7681fe8dfcca985dba.jpg,0206
37cfb169c16b4d899a613c3d1b23c1ac.jpg,0126
37d3a7d3ccd240849f367e549826fb9b.jpg,0032
37d596a5b933470db6c4aa4062769724.jpg,0342
37df935599604361a272426ff99ec0c3.jpg,0048
37e018942e164a7a97b4d77b8b23ef9f.jpg,0004
37e0e08e168948aabbc0aff58f29c207.jpg,0061
37e5a6d4f76e4227ba0b2a143dbe8eac.jpg,0171
37e68cf741f84c71b3d1d77f1b311b81.jpg,0417
37e6c7d041dc40d2a9a107c7667a149e.jpg,0241
37f3fd53c2dd46a78ec35859c8e33a7e.jpg,0418
37f5dc2810794ad98ad99467d0f35614.jpg,0091
37f7cc09cb1348f3a5f733cdff7146a7.jpg,0395
37fa7c0f18c541348f8a4559691fe1bd.jpg,0232
37fb1b8a74104e4e894f1cddd9f2e43b.jpg,0425
380149f9f6cf495cab62449da66ecd98.jpg,0435
380246e894be42c193529962b3a38c68.jpg,0176
380720a2e4974fdba2915c447ae4fd10.jpg,0301
3807d86942214cd890f2ff5390b08fcc.jpg,0400
380a19f84fe24c7cab7eb7b163d3422b.jpg,0096
380abc63ea4a4ddfbb293a3ed4c9852c.jpg,0100
380cef47cb6b4788b9c28bb0d0d28e87.jpg,0339
380e283b49fa48398d04d941110c041f.jpg,0448
38121ac5529645569899034dae67b093.jpg,0294
3816846e6ffc4058b03da8ddc3847db7.jpg,0364
381a98de6643400d811f3d35c3cf966c.jpg,0272
381b59484f404c4d9bec974cf7a16baa.jpg,0311
381ce20886b848268e49d2925ee2c6be.jpg,0428
382294919afb493480a20d9e2748e8d3.jpg,0476
3822f7fa3cc142aa9dfb39e99b35d61d.jpg,0495
382e6e6797a945899037e89c330460c7.jpg,0234
382fac81df0e4252a42f9ac419d41825.jpg,0389
383420c9e1264b96ad3febc1b56585d5.jpg,0052
38342bcd5d7b462d936e13834d4b9353.jpg,0021
38368a783fb34e8db7792db2f012aa4e.jpg,0023
3838dbeb735643d4a218ac4fcb7cae46.jpg,0081
3839b80c97f34f94825afb08bc6ca029.jpg,0274
384129c4d23d4081b54e42c4d241ce39.jpg,0366
38423bfd2b1345b28f71075175507003.jpg,0379
3847bb274c864db28d745da04c7b4199.jpg,0229
384a42e219ee40e786c0c28d32c42f99.jpg,0471
38533d185d0549fbb63cac33b5dc0f11.jpg,0068
3853c2eebe914b9d8e2358f55d2f88c4.jpg,0273
38588ccf02624ef18b4d9072e23a785d.jpg,0332
3859c4a29a7640fdb12511102b56d2b6.jpg,0044
385bb7e311214097bb889246d877e676.jpg,0258
386048aea92f4eeeb019afa0cc18a677.jpg,0379
3860e343aa9844d5af108d0bd0ba60b4.jpg,0471
3861df90d14c44bbb39b2c9ebf8728a9.jpg,0491
3866a567d7674d56b8440f9299bbc169.jpg,0008
386bbe52e0414d3385ae8a9c95543450.jpg,0078
386d4a1a20b9441292c4de1ff233ac45.jpg,0130
386fce0c20104b61a9c2e363f931b28b.jpg,0246
38702591956a4858931870d21f5c27de.jpg,0051
38706cca0f044576a38793b43f930197.jpg,0176
38751e0028334ccabf6879cb549ae2b0.jpg,0232
3875f1abb1de4a08bbc756d2f6e2efa7.jpg,0236
387928db85ac4c398456c4506e59e586.jpg,0042
387952e00db7429d869160f1d1dc7b9a.jpg,0395
387a57d570004c3698afeb4eb63920b9.jpg,0222
38829736b3fe45bb9276a358c846696e.jpg,0085
3882c91125f64379b005d2aede198ddb.jpg,0216
3885ca5c4ead499e824a5b6ea646567e.jpg,0061
3886ade9548e4d47aca65387980e2af1.jpg,0086
388b1481e1f94c56be4d898e53c10dcd.jpg,0279
388b24453e2d4a65a929e7664212e05a.jpg,0010
388bee9ee0704298a28f650a36ce87c5.jpg,0055
388cdfa839614377b7fe6a495d2bb61f.jpg,0002
388da2bb077745059cdc98b0ed4ab827.jpg,0280
388e5edd9d4146f9896fb23a066bf47b.jpg,0186
388e95d1765342668b244f94c426668e.jpg,0025
3891c0adb9ba48df9848c59e657c736c.jpg,0337
389fe438fe5349fbaca37e0cb4514487.jpg,0046
38a2aa315a1c46169ccf110268756fc1.jpg,0182
38a313c1784d4508993b3fc166f8eb5e.jpg,0451
38a3b5e351e448dbb3e635e0ab7f2cef.jpg,0249
38a4ce9652014d499145b03a0170df60.jpg,0054
38ab25b0933848e491a1eb2e811c1735.jpg,0249
38afa4ffdb2d4fc3ae72b5a15e670e8d.jpg,0024
38b17e9f455d4328bbea3881edf85b5b.jpg,0367
38b205fb511241a78baff784a6076240.jpg,0247
38b6317604e3479f8a019487eb55d843.jpg,0471
38b780dcb9da424284a2b6b2a7d13185.jpg,0460
38b9987d99de44409c8e0142e447089f.jpg,0318
38b9bd5eaa7d49ce850a6a5ee5412528.jpg,0235
38bcb11c6c154668b2bb394c48a69c07.jpg,0061
38c201ac92a4452e866850d126d9f3ea.jpg,0330
38c22f80cc754d4f85f98fbd20583dcc.jpg,0259
38c8dbad954a47e4a0e0f00a0d2a3a94.jpg,0430
38cac747ea4e47cfa6c81c8347c89316.jpg,0392
38cb16d2d6f042f0a32b195a850d86ed.jpg,0198
38ccfdbcbb6d47878c52c038bb5e3d09.jpg,0389
38cdd5a3e2434114ab3d7bd0ef67d445.jpg,0089
38cf8ba3c619403abd785a034b224259.jpg,0394
38cfd10b0fa74891b5321d37fe05fb10.jpg,0059
38d10bfdc01148cba3e7f4a8e125d322.jpg,0169
38d135c67bf1402f818c23828abccad4.jpg,0491
38d6559194dd48d9b09e47d59b6b9462.jpg,0122
38d7382e66be4986b61d1f68bfe534db.jpg,0298
38d75812a4394814ba02ba8bd8a85686.jpg,0374
38d96dfe4615461a8c4648fcea69daf1.jpg,0252
38dc7c6c9a4e4b1aacba6c7fe9180ea1.jpg,0406
38de64495fc44f40b24acb82ae1c8fb4.jpg,0291
38e0002e771a40dda7b4fac61e30a924.jpg,0165
38e236ef530746359f986d2f17a99494.jpg,0077
38e8c1dace6e4deeacf9185e6a0fe2ac.jpg,0167
38ed712736df45f595507446b61a532e.jpg,0444
38f291b2ed894db2881cb30fccd42006.jpg,0483
38f308d8c37c4dd1aaff996bda60f6df.jpg,0187
38f40f87009341d68cba19716e318893.jpg,0360
38fb660bf65042cfb0ebec1eec38ac8d.jpg,0245
38fcc6de8cf44bfab102c8eede2f7a3f.jpg,0164
38fdf463da2d4acaa401be227ba4c4b5.jpg,0031
39000766f2f744c3b91e208d3e105318.jpg,0203
3907666803d64f188310bc7f5c797dbe.jpg,0270
39079c0d5c4147a6a8acc943f0f573ac.jpg,0433
3908f85478054f61bb02c0c77fc87dbe.jpg,0152
39091c7dec35410193e53a79f5093eb3.jpg,0378
3909556e0daa47a18024adf340922ce3.jpg,0044
390ac9ae5e2440afbeee516c64e2a396.jpg,0248
390ee397f5bd4e6dbe6c751546f8a5a5.jpg,0302
390ff18be41145baa1b0af5f6ec1879f.jpg,0269
3913678f8b5d4c10a6f7e91a7088b462.jpg,0278
3916e68d1f3c48cca05669ccde52b3ed.jpg,0174
391cc825549b47bba8146e4442a7cc26.jpg,0392
391e38e0a45d4f369d9b75ea867151da.jpg,0094
3921517be68c4735bfcfb00ca966f74a.jpg,0207
3921fd5ee74a4d44b4ecba17ca52d0f8.jpg,0381
39250e3758f34e6c9db3e545eec8425d.jpg,0269
392510ce3dde4f39817436238bb99162.jpg,0001
3925a584ded74c9a9dd1421ef22817bb.jpg,0013
3926cde3d0ec4f73ab9c855d41426f97.jpg,0411
3929f34e5a3a41a087e55532068db569.jpg,0398
392bdee396ca4627ad05dae49f8a4292.jpg,0349
392c9ad706e04b88ad1c22582cb9dc39.jpg,0208
392ea0eb862c4915babb535f5fbf3207.jpg,0172
392ff5eff9194d9fbdfd9b1859f1293e.jpg,0170
39323be57e3c4603a6af4e08b16b46e8.jpg,0361
39350ca3e51e47b789f06798ad8f6638.jpg,0003
39362ddf4edc47819d45a0261595ac4e.jpg,0377
393ccafec36049788f6a2884cf1756ed.jpg,0181
3941f2720078471b82b487211b1d2652.jpg,0116
394618c2e067410d93cf79500d137fd7.jpg,0459
39478237f048482a9c76ef20796340eb.jpg,0020
39491ae2e7bd4f408f83ddd71f65bdd4.jpg,0491
394a764dc79049f78739897b1fc95546.jpg,0016
39525682d3fa4cad8e7e062355f50547.jpg,0496
39539dddbf904f1f88f388f83354ecde.jpg,0293
39570fd484c1429fbb3c0800d58a3a74.jpg,0157
395badb08a5c46fe8e6057c42f671db5.jpg,0448
395d3845e4f44a31a361e2ef78acaa8f.jpg,0498
3960173bc5ee40df8f28538f2c4765f2.jpg,0441
39602eb643c5425ba6fe7df3579ae302.jpg,0392
3966227486c24aa28b577f6e9cd8f210.jpg,0499
3966cafc442c42d7aa1f2eb0ef31b794.jpg,0191
396704f43f814e4b93591a158a205c74.jpg,0435
3968858ae6484d60bee3fa9f0b5a1c5f.jpg,0432
396913603c70457e826e1cf9ae2e651d.jpg,0472
396b456071264c2aacebd15f082dd3f6.jpg,0228
396e6844aecf4f07a55eabf6e4012129.jpg,0289
396f33edb5e54aed99d67d74cca78471.jpg,0480
397271788fe042c1932a0d2f0b266453.jpg,0478
397502e7f93f4e869e88119dc87a091c.jpg,0264
39777b89862e4d93b039fdac0ab86308.jpg,0075
3978c59895cc444b8c02d3ffe07310bc.jpg,0123
397abb0844944781af2fe846da3079dc.jpg,0218
397d49afc3164b00bd13c65e1c6708f2.jpg,0064
397e6cf2e4c94b12a6f890451e2bcc26.jpg,0334
398501d9c59e4f89944bbe745a14a77e.jpg,0012
3986904efd1f4720bc7882695ef15fc9.jpg,0411
398758f001f14b84ba46f8a52e9cb398.jpg,0425
398e9fc2db9a4d33a1f42c10886ceebe.jpg,0134
3995c94973bb48228d232e624c488ce8.jpg,0087
3996c64d5eba40b095ba0ce69e51612e.jpg,0432
3998b86c04ca4a1bb36358cea0992ee3.jpg,0422
399bc147b3c64b179b1a45a22265e5b8.jpg,0091
39a2521a32094443987f387273529042.jpg,0311
39a5cafe8fe349a4900a7c24c8338eb2.jpg,0183
39a8b6688ef4483dba55e723a63cae16.jpg,0029
39ae212a70de41cda075db5187d951ae.jpg,0499
39ae513920a34138a1d15a51c04030c5.jpg,0018
39b0ddb642c340309a6931e93645162a.jpg,0396
39b4fe9616c14c409e96f051a4970461.jpg,0420
39b5b1fc540d4e6691652dab3dcc0d0b.jpg,0216
39b7e7460c1649c08772e75083c65fed.jpg,0272
39ba3338278b476c8aeb9cc82de51083.jpg,0328
39beb6b48d1b4ce2948385e0ce4072fd.jpg,0157
39bffb1627184b6984bf07fb78b785f6.jpg,0474
39c1ed5bf8834853a2a1232936cb9f7e.jpg,0055
39c4f6b573cd44e7beb060ba183897c5.jpg,0404
39c50c2deaa6456b8454ca71be8b116e.jpg,0434
39c517d9d5f645f29831d15d4d2081ff.jpg,0176
39c5dd2ffef744c7abb12d64e6c3543d.jpg,0146
39c71910079a4ac596a6c13c85f97d13.jpg,0462
39c8de41e5c84fbcbbcd1a56f308b715.jpg,0419
39c9d07b08544156bb85392a35ae560d.jpg,0428
39ce8bb6457f4f829fca1da165e5acda.jpg,0187
39cf29b79f134119bb95e6e623370159.jpg,0292
39cf449024c846cfbe3078b09f812c23.jpg,0176
39d08e2570ca4862a89b6c4e751d4be4.jpg,0184
39d168ef82bb48e98a5bb27f99c23dbf.jpg,0133
39d487d0513c42379b746e3b98270fa6.jpg,0149
39d76a87f8804f69bb84d91d26706972.jpg,0185
39dad484c9c449c59f50059acf2c97b7.jpg,0354
39e1f0695a3d40439d0423e5284b4d4b.jpg,0407
39e3874d6aa2495f8ea32f0b95d4b9af.jpg,0363
39e3911c92e541c6ba393ced7880f72d.jpg,0251
39e590dc7faf47ca88b8c30a699f366d.jpg,0372
39e6c3630f584cd89f3f0f776ff37db4.jpg,0032
39e8113538b2458f8d1a1691bf43ea23.jpg,0124
39e92a344e4a4494bdc53b516afde846.jpg,0019
39eb9da11ffb44db896cea2aa521e1f1.jpg,0437
39f026da7fd541ed805163ccaf67fc49.jpg,0153
39f2e7f5522640a593a2ee2eb77c740d.jpg,0090
39f3faeec60f4a869c0f49a9d5692423.jpg,0267
39f90acd86544291857cf194315edc0d.jpg,0102
39fafd3b44894b51b487cf8d526820ec.jpg,0235
39fce1a750b94ab59d67d77127d65a92.jpg,0051
39fdb6c7cc634ed39eebdbd922f39b4b.jpg,0319
39fe6fd2606140d89eb91a03b3e54651.jpg,0069
3a01302be89446a1b8a5b03a98bbae09.jpg,0375
3a02a26826a64bdaa80911ff4399459b.jpg,0241
3a034a3b07a74c648d0e50464d20d1ad.jpg,0465
3a05e1987fb948b38e9de504b979a318.jpg,0493
3a069757b6de4115bacb5d7f84b5080e.jpg,0291
3a09547f4d2444a082f4dd9c93de6f04.jpg,0231
3a0da68fe9d84007a5bd3c900f36a522.jpg,0047
3a0ec09e11aa4440aff346be59323ddc.jpg,0007
3a1380cc747e480c9a2c9ed5b71d9702.jpg,0235
3a145e9bed5440cd90f3e38c195ed5b5.jpg,0235
3a1a9868b4d249a19ebce256d87e8178.jpg,0239
3a1b3509c8314534b2b618f92fa3565c.jpg,0195
3a1bbe4996dd467fabe605d113ba7b1f.jpg,0266
3a1dbed62a044aef85fc270a89e4582e.jpg,0303
3a1fda2241fe4ec78d8a3a5183558cce.jpg,0429
3a200de621c147289ce4b5eed6709579.jpg,0388
3a2035bc0e264eaab22065110879e50a.jpg,0425
3a207c9d6d7f4ddfa25e935fd1010f79.jpg,0180
3a21542209074469886199058af9b0b1.jpg,0083
3a21a76093ea4de0b5d7e6dadcb2cd05.jpg,0315
3a23182b4dd846a08f386cd1caabc880.jpg,0095
3a23cf6dc9804e1991fc02128b66b011.jpg,0023
3a290c1db944429e9f12623a0b4c37d7.jpg,0343
3a2a40c7940841119c239f2d8a2d83e4.jpg,0033
3a2b1c5bf4c140d8b766341c0dc0c8a3.jpg,0013
3a2ca473a3054aca828c5957dc8717ee.jpg,0072
3a2d4735134d4f639af8cb837f674f7e.jpg,0469
3a319d66f6b54412aacf86edaaf649d4.jpg,0421
3a334930da4a4a44aee1cd0c7f3cd08f.jpg,0238
3a37096ee8a54110a9b6642826c617c3.jpg,0279
3a37ab4a8a064ab3af6e41bc088f5596.jpg,0177
3a392ce8066d458c88abd1f7cde2e487.jpg,0064
3a39d4d5c8704e3fb4d2a8cc1e0edfa6.jpg,0358
3a3abd14361042b19c8be8b6746dfc0e.jpg,0267
3a3c6ec6d3a54283a815d361570230ae.jpg,0168
3a3d3d1d203b4d5796afd9e4936720b4.jpg,0308
3a3d4c7a375f45818a1664f5adc45de9.jpg,0093
3a47676c5c864e22a0ede75ff77ff110.jpg,0332
3a49754bfc234e2892d63b6e83a711b5.jpg,0181
3a4a0ad102aa47bfbdda2d4af9e38112.jpg,0496
3a4b416750c5405491862571d51990f1.jpg,0336
3a4da6c016804cb1b653b2527a61cf92.jpg,0092
3a50d8aab0a6472989cc8b3022cc3ea8.jpg,0083
3a52aa6876354b06bacccb7e2ce783a7.jpg,0031
3a54dac124d04dcf8f93112b1209a219.jpg,0130
3a599fbdd72241288a961a2e912e7036.jpg,0356
3a5b0736294f49a08feb4c0f4f13f6a4.jpg,0117
3a5c2191c65f4639a80e4e5bbf92308f.jpg,0043
3a5ef0d1c4bd4b31a4b395b55c851258.jpg,0085
3a6d33fe3c67489597b06dafbadc1527.jpg,0404
3a6d9e99fcee4a9b843f1a239d3792a6.jpg,0474
3a6f3b6cee9540629fe4d60d53e2b36d.jpg,0217
3a704cc77ad24859adeacc9cae60bedb.jpg,0233
3a7705417cd3471d8532492418ae2409.jpg,0299
3a792c510e6f4f1c93ae0053885b1544.jpg,0041
3a7b900f3c234fee8ef693ec042f7752.jpg,0263
3a7f3f877bb845c8a4b316917d92231b.jpg,0276
3a7fa9c0f953457aad6af187c53cab3e.jpg,0090
3a8545049ce64b80879342fafc5f76fb.jpg,0247
3a88ed1aec664820a847d6f3aca95b8b.jpg,0131
3a8c532d2cdc452d966896e28dbf9335.jpg,0335
3a8d173eada0496e96ec866f3c991c9d.jpg,0003
3a916e34b85e4aa787bb0b346d84893f.jpg,0312
3a948ea8b33648318f367744b7947adf.jpg,0358
3a95a59727ce40ec919f9f5305d89f28.jpg,0115
3a9dada4534b416a8b14a541b7d6ea7a.jpg,0402
3aa14226fd324f95a1219f0d68d5a9cb.jpg,0191
3aa4b84404644e21afa41ad7a953d2e3.jpg,0345
3aafcb60032740dda0b6567e9f0b9d40.jpg,0397
3ab071e9d1a34d5b9e1ba2915a9206d8.jpg,0478
3ab12b7e80bf4770b51ef85cde9862d0.jpg,0358
3ab66aab334c413db7a275354ce1d3a1.jpg,0098
3ab76c6cb433454bae4b74c6b4d23d75.jpg,0086
3ab8b7813149423ba4d70457bb6b5cfb.jpg,0179
3abbdd906ad1451392729af23215c4ac.jpg,0338
3abccfbb80354243abb4745045d91b19.jpg,0257
3ac191608b2843b7895b52eb0fff42dc.jpg,0122
3ac1f52a39e04159a30cb808df724aca.jpg,0487
3ac335a9413f45c6b587f7d3085a4ca8.jpg,0335
3ac39d05ce26424dae13e8d53d2e6ec6.jpg,0308
3ac60a4cf5d2482e986feae61e153171.jpg,0330
3ac653e7356c418f86635b042cd9e06b.jpg,0352
3acb7a20c09d4d1f944c97df03fb7edb.jpg,0168
3acc1b24cbf04457b5e559b2f04bcc1b.jpg,0408
3acc2ff55d6c4b2f958bfcfc7b6eb0bd.jpg,0176
3acc7632d7fa4f58a053ae094a238865.jpg,0489
3acfd430b29948df857cbab2bfffee9c.jpg,0466
3ad57be32275421893d057c93b23ae7c.jpg,0188
3ad8b2108102487c94549ab3ac0311c1.jpg,0386
3adc649f14304f97ae338804d6b71f49.jpg,0098
3adfc5f4f8494258a05e6393214f85fd.jpg,0304
3ae0b994229c43e5a8255b8fed715254.jpg,0490
3ae492c0a7794a8d906865f9b08f7671.jpg,0351
3ae71f5e76d74ae99287691e732d0afd.jpg,0032
3aeaf8af8b7f490c9833d37ebeb1fb91.jpg,0339
3af1e65ed7ef42778c1581c96475b07a.jpg,0077
3af4c48b7f7844b69b0ffbe2cb4d3456.jpg,0026
3af84dacd96a40328cfeec5e29b5e605.jpg,0021
3afc7cfd7de44c3e83d3d8ffc4896bc2.jpg,0175
3affc9d1d1ea46a9baec5f994a8c5a54.jpg,0298
3b01a7350f1645c5ab6f60fcd86c3f6c.jpg,0159
3b062e50aab94222b1dc5ce91e64e8c3.jpg,0351
3b094557bef04b6c911520f561538111.jpg,0053
3b0ad684a1b44a29a18b71dae686b4d2.jpg,0272
3b0dfe7df2dd4873a5da66e6f05db2ef.jpg,0355
3b0e710a5dff43729ff8e9236f661b07.jpg,0471
3b0f329ea8c94ea6b6b8ca9402aa0af5.jpg,0237
3b1a7d430549470b8ad3332499db0d7f.jpg,0037
3b214ea7743f4b508e16241b1cf93411.jpg,0106
3b22ae3e75944f7cb267c2de1b6202c1.jpg,0322
3b236b0a26dd4d12ac387f8c8acd3a1d.jpg,0236
3b268065b8fc441188973aeb796743b6.jpg,0111
3b286023710a42eebf828ef0dc253595.jpg,0164
3b2b808c9c564e838c0ad858b81cc247.jpg,0372
3b32545094cd4b289ea85af402633b77.jpg,0000
3b328109dfd84f7892157a02f55b8281.jpg,0439
3b37292269f34bfe900b17bb5b4dc141.jpg,0250
3b37a463ca54424e9a7ceb0e72612d6e.jpg,0350
3b37c78eae2f4fabaa8d70e965827503.jpg,0301
3b38369878444e66a6e4d8f8b92d393f.jpg,0024
3b38bf12df8e41de9e62419d1093440a.jpg,0488
3b391705e75f4ed9aef4b95b92bdf7b9.jpg,0496
3b49aad5ef064e729226a4861fe68199.jpg,0207
3b4ad1a6bbfe453f82715d88a5a704b0.jpg,0382
3b4dbff775674d078282c5357d849d9a.jpg,0377
3b4e4e1eafe847edb9ed80211cbb32af.jpg,0252
3b4edf83c78f4d8db132ef6e0fd17ebe.jpg,0044
3b500a8fdfd84a428416ff3d9f392eec.jpg,0236
3b506ae19ab24faeb7bed736939898a8.jpg,0436
3b508c09890c4e2ea3b504f16a3e9fa1.jpg,0132
3b52cb8ddf434c7faba4b29cf82ca249.jpg,0436
3b56834167824e33b36f99b7122c6fd9.jpg,0378
3b56e73589704b57817e162590b503b4.jpg,0002
3b5751f441014e22b559254bf8e77310.jpg,0072
3b5a21cdd9cd468bb915e65d989853c0.jpg,0419
3b5ba23169d74fa8a585237253db6e1a.jpg,0074
3b5e58e055524e1bbb447b93a9596cf1.jpg,0299
3b69002092b145c59051043edbebed3e.jpg,0471
3b6b72b12b7e4993a839c45db9ddabe4.jpg,0411
3b6c529ec96e43f8845a7b825f29708d.jpg,0394
3b6ed6d0b33946ebbfa761841cb8a0c8.jpg,0089
3b7162916e584aa7910dc136f368be08.jpg,0403
3b72c091a215449ba02c3379064c9ca1.jpg,0230
3b7460d265ce4b0f9f29d242ba2ea864.jpg,0249
3b755186c95a4fc8bd6e61c226b2d788.jpg,0143
3b762feba08b4005934cf00c5df96205.jpg,0259
3b771f891dd945c1b066a975d7c1f270.jpg,0492
3b7b94ffddbd44d698833ebfed22c96f.jpg,0078
3b7ce68e60f9408e8c413edc84f9d37a.jpg,0382
3b7eee772fe84f15a7b93cdc9609eb0b.jpg,0079
3b878db99d30463291a3f48ea38730e6.jpg,0454
3b88bdba07d942f3b1d20d05bc85239b.jpg,0396
3b8909f327794c0e901a5fd7e18b519c.jpg,0131
3b89a2ffcf1d483ba287ca85340d56fa.jpg,0351
3b8dc06f5478464799778c2dac86b561.jpg,0099
3b91e5f703104b1ba528beab05f477ae.jpg,0165
3b95d865505a47a3af64e81fd53dfdf0.jpg,0046
3b9fb1b99afb4f2bbb5380e542c5470c.jpg,0064
3ba27580b13140859a24ff88f7469cc9.jpg,0364
3ba5a0535dbe46b786aabc591e0a22da.jpg,0251
3ba810134e4a4b678889cfb3693dc883.jpg,0223
3babc3da05c84ed781c5f5ba882d539d.jpg,0214
3bac63dd7a094cff81fe8a10820a549b.jpg,0455
3bad5e57647c4c0083d205bd225a3f19.jpg,0024
3badc5c6ab7d4dce9772344d0d7a9bb4.jpg,0378
3bb291b359e1497da7f7c36cb9e66673.jpg,0455
3bb4feb0dc2a4bf48e7d42f67e84b93d.jpg,0301
3bb609ac52cb423586a5b6cab0f845ec.jpg,0190
3bb6e5b7f45c4e4f979083a49658aacb.jpg,0323
3bba67a4e71e426c8370422fae98a414.jpg,0094
3bbeccfb5b6448fda6ddeb2d1afa501a.jpg,0018
3bc32bb6cf024b0d835e9d0d94b2977b.jpg,0397
3bc4a56538794e579197bb43f1b92a04.jpg,0092
3bc8051be55c4e4a948b2bf44a23e2e1.jpg,0212
3bcef24937274d45a89ae1893c199597.jpg,0023
3bcef7c54b9e4b039ca4d3a18f3072fc.jpg,0478
3bd796db91144e78916b00904d73d262.jpg,0087
3bd8cbf62adf4d69b5217ad3650da611.jpg,0166
3bd93e42cf254a0d9b3af14dd3c518b6.jpg,0416
3bdef24cbebf4da29dc6cb2d937d592b.jpg,0328
3be1a0b0b19740e784835163b16d3bfd.jpg,0347
3be3e86eddb74852978b6af503e4508e.jpg,0361
3be4ebf95090495c8741f805cae421d3.jpg,0463
3be82f09d2b845d6b77114332ee04b8f.jpg,0104
3be85a8edb5b4a3ebb3e9535561dbf80.jpg,0181
3bea5c84e4954a5084011429be5b0293.jpg,0375
3bea8a18499b4783bf5f2601f015cfd9.jpg,0406
3bec0f171d93452db6b0e1c839538f42.jpg,0456
3bec32faef5a48cea92c790cfc09b507.jpg,0361
3bed1c48601a45059fde25fdab94daf8.jpg,0177
3bee18982c464c8194c100bc987ccbbb.jpg,0463
3bee191974dc4ef8b8a4341b5ff07f67.jpg,0108
3bee28392b93437cb84b81b360e6da3e.jpg,0382
3bf3a58666b14afead0cda6d50794ef0.jpg,0178
3bf47546646646489e8b3c65bb39575b.jpg,0068
3bf4ed03edc7408c875f27df1678c4f5.jpg,0279
3bf7f16bc63d47feaa0503fd65d60260.jpg,0138
3bf98140eadb4baa880348e40e9d7b01.jpg,0178
3bfe970343454adab3a4e4c6df8f4db5.jpg,0399
3c068ab9b82042d78fa25e34ed66a442.jpg,0048
3c07061bfb77453ebf9c2f8a4687e007.jpg,0454
3c0a7a440b314c5597f9383a58d47bcb.jpg,0380
3c0c278b169744f480754b24b5d7a9c7.jpg,0271
3c10769f6c464e198e86bde38679a11f.jpg,0232
3c12ac22893045d286709850f0a6083c.jpg,0119
3c13aad1449c4a098e5e118611380242.jpg,0329
3c14b18053cf4e41a3dc6c7c51ce5713.jpg,0169
3c15a6821ce648bda01fd51c62b69105.jpg,0148
3c17371ffcbc4438be55b7b000840472.jpg,0397
3c1931e6cb404ea3bfe27e10b25862b4.jpg,0411
3c19e69c198d4c5fa8a9dcb3747e3d35.jpg,0132
3c1ab555b5bf45c08644b4a6abb21819.jpg,0169
3c1ddcd2f25e4889aa52a94801899377.jpg,0090
3c22e3a7f74d4edaa4e0b0cd1cc74659.jpg,0131
3c232cba163b4095a8676eccffc417c0.jpg,0354
3c2b26623da840aea1fa8a8e360f99df.jpg,0384
3c31d9a38a9147a4ac38fcaffe48c7a8.jpg,0082
3c335e88c51747d1b4dda9217e6cde23.jpg,0234
3c395012c7c4429fafa4de1f9c45c350.jpg,0197
3c3acaa023414cfa8d21bc2d91de71ea.jpg,0073
3c3adb8887c9451b87caac11d048a861.jpg,0405
3c3d7367b3034d9c9f1873a2741fad17.jpg,0381
3c453c9e6d00420880779f93d5a6b212.jpg,0228
3c45a7bf57da47ca941ca519bf125356.jpg,0460
3c4e3e9d41794d31840f5b5bd23bc7b2.jpg,0131
3c4e4d6a6cbc4734a9cec69e33868f20.jpg,0127
3c5085585da2486ca4501001bb8d1446.jpg,0227
3c5633f2bf1e463da9e10e904b8484bb.jpg,0005
3c594958ed3b45adaae12453971c9607.jpg,0200
3c5ccb1c283547af80312a737d420eff.jpg,0318
3c5cdd403d0744369630d33871ea040f.jpg,0038
3c5ef2c1607b49b8b109d5f456801e2d.jpg,0007
3c5ff2d8908f4aefb55692d0951d8b3e.jpg,0392
3c61d735eda34ce3a5f9d2ab8deecb8a.jpg,0340
3c63cab2f67143ecbeaf29b54b934723.jpg,0221
3c675fc7ac1a49948435a29cd0a8b49f.jpg,0209
3c67ac3aa9e34674abb6743b5518db50.jpg,0356
3c688e390609412f8b1c8356a44860ef.jpg,0487
3c6c4a2cc5c245308c09cefa20e3dbde.jpg,0188
3c6f399720b74e0bbe4e47525494f9f6.jpg,0348
3c70a039c17d4417a5b058a9ae2d084d.jpg,0053
3c712995a0444452bf826d52a0da3589.jpg,0369
3c73d36abff746bda30b3948ba2a3bb8.jpg,0281
3c756412dc8b4406bfb36b971920b90d.jpg,0231
3c7782ffb3e64ca28a7e575e434a09c5.jpg,0284
3c79cb12af5e4ae787bdb32ffb12938b.jpg,0364
3c7b34fd826f4cd2a36abe8757cd868c.jpg,0106
3c8acf62ff794fa38c6b30e9f0daa4a5.jpg,0427
3c8d5b94492b47e18c6248bbdd5fbedc.jpg,0330
3c8e1f32642c4f4296716fd12402ee19.jpg,0176
3c94710ac7a64f0c90a36f6f600f4ce8.jpg,0027
3c978eab477b484abf255c1ca3beb9b9.jpg,0150
3c996a46d36a43e998dfc7e83352b343.jpg,0460
3c9d6dc84ffe410aba7f6fc568210c95.jpg,0281
3ca0a23bfc384bd9a7860fe81594a42d.jpg,0242
3ca2dbaf95994889b331789740422f24.jpg,0238
3ca31e547f7544dbb5d06af794e2c8df.jpg,0384
3ca4c545498847f8bd4665969cd1a644.jpg,0267
3ca997f20b204a62a4a1784dea64620f.jpg,0177
3caa3552af8343cb96fdd24be6db4811.jpg,0152
3cab431919ab4b7983b5cf04b49fa1d7.jpg,0325
3cabe9a281e4409fa26440dbcc2f54c1.jpg,0320
3cac2277852644739d5ed27158274844.jpg,0353
3cae118737ad497eab9570d093e3aaf8.jpg,0086
3cb219241c334fdb9befadb429ad44f5.jpg,0394
3cb2ba47a7b94b6abe011add38a23189.jpg,0444
3cb6da34a8944443a5e36b53cde8f500.jpg,0320
3cb8b75736a7460992bb10f4d8ec1dc5.jpg,0034
3cbb050f90514426acde9071d01e78da.jpg,0207
3cc2081f7a3b4386b00581adfc5a9674.jpg,0140
3cca9cc05a6d48eeb7c35c08bde8b028.jpg,0285
3ccb92db88504e0eaa636ff95979a7f6.jpg,0275
3ccc31e6b8ff406280b8dc8c1d5a19ff.jpg,0441
3cd2d1e4d28344eb8e4ccf8f23b06f4f.jpg,0213
3cd355e6cb5c4b67a302351ca5a388f1.jpg,0405
3cd7b9f29417413fa24d0e23f62ca5c5.jpg,0289
3cd8620d2ee542ac8a4a59992be03cf4.jpg,0387
3cdb07625f8c4f7abf115e14173d7b81.jpg,0444
3cdcb06033a3404c82a7e2bb3086dd27.jpg,0115
3cdeee733b6a46ba97c20004e5e0bb38.jpg,0238
3ce20d9afb114661b6845248cd51c6b0.jpg,0216
3ceb0180db5b42b7839bd008b4afb130.jpg,0447
3cedfa7aeaeb481486043e013f7a6fab.jpg,0435
3cedff04d76e43d58b9b086a21b4f5e4.jpg,0192
3cf3691853c4437c9ee5d50cbcf24cd2.jpg,0459
3cffef57a6c64f0f9fd1742c83867c2e.jpg,0352
3d0321b0f45a4dcfbf3ce005be591e41.jpg,0331
3d044fe3bdeb4e188b57448fee216ce0.jpg,0495
3d06144be7d24f3099e61d1205ded7ab.jpg,0282
3d082c1761f244ec9cb59754beb1d877.jpg,0227
3d0ef3133fc74b619fd13d7e35cce422.jpg,0337
3d0f54825251466dbc7f5b27a7480050.jpg,0153
3d0feb2d062847af920b7042de39e2fc.jpg,0316
3d10f1ea4e084006abd29385ba3f6086.jpg,0471
3d1127d10488484aa80ad7ede4fdb091.jpg,0084
3d125fb8f04141239e9cdb36b50f01bd.jpg,0267
3d13441e30db4b27964e7f78eee1d5e4.jpg,0466
3d1381af05d442fdb15e5e40539027c0.jpg,0122
3d149c8653934a0c8b82829a2b2dd38d.jpg,0438
3d15e702b4b147048d55949843b89381.jpg,0079
3d1a8154178544ccb929c9937e264912.jpg,0466
3d27ce864636430bb245c8e6c8375f09.jpg,0382
3d286e4ded544e9481bb787ddb58dba7.jpg,0110
3d2aaa57758a4674b65f0aa1025d2abd.jpg,0176
3d2db42ff0194a5aa5c29d7b96b79f0b.jpg,0123
3d2db766bc194eeab18006db6bf5851e.jpg,0101
3d2e522fb16040db876f7bc10168cad3.jpg,0092
3d3098c00d594217b3c87d6aec8775ca.jpg,0182
3d30b5a3886f4909a49cd8ca06dcf298.jpg,0153
3d31cc7293264e71ba8467119faf5a98.jpg,0227
3d32cc26b07a4700a12453a2175cc139.jpg,0124
3d33ef9fad8441b3997b5c313170fa7a.jpg,0378
3d38a2cb419f41f4a0cbb71b7116ecd4.jpg,0097
3d3ae340840841c7ad9ce4c7dbe99a95.jpg,0211
3d3cc08cb9ac4f59a4991717a0d38adf.jpg,0388
3d3d3183c8164d3784afc5125b846ada.jpg,0209
3d3e2fd276554f14b2a785d4c565bf35.jpg,0398
3d402cdb0f0941e2bebe68418be68355.jpg,0304
3d4187838c64417692571a688386f767.jpg,0496
3d43cb7df04e4e04bcc17ba6aff2d25a.jpg,0191
3d47278049e94bf3bd54bba9a9b422d0.jpg,0075
3d4732fe5f3c4561815d8cd5f33531ff.jpg,0050
3d4b3b128e6e45fc99512734916549ac.jpg,0163
3d4ef2e8c88a4a22a13a29e4e547fbcc.jpg,0200
3d4fdd60f1c842e79edb6eab20553488.jpg,0354
3d545efcbb574acebfffed1eeb641fc3.jpg,0069
3d550c7ec9c84751aaf3cac974f2f7f0.jpg,0392
3d5702ebbe5f48c69cb4233dc9fe5b8d.jpg,0303
3d582c329c87420281e44ab7508213af.jpg,0261
3d5e9455cf484575b103c788032d4fae.jpg,0463
3d662f14687446699eefefd24033263d.jpg,0423
3d6addf5aaf741a291a11919b884d095.jpg,0451
3d7699dccb564258818ca53e69bbfdaf.jpg,0404
3d772ef5a688485d96d44d740cfe7839.jpg,0285
3d7aa5dfc3cd424db49649d380213726.jpg,0022
3d8025b6659b43c19aab30bd59edc17a.jpg,0321
3d82c4a7358f4082a7b10050bdd04e1e.jpg,0437
3d883bb803364972b885d3c7fdba1d54.jpg,0002
3d88b0d12e8643188f1a9c773d60cfcd.jpg,0120
3d9241c4b33e4e7288a225b6b3a8bc0e.jpg,0166
3d9a06ca925a41968ca1e92bddef0c4c.jpg,0325
3d9e3fd714f14497b13d550fe58dc99a.jpg,0332
3d9f31d9f24849e887ad7b517c801b6b.jpg,0282
3da2a48f3ed14c8aa46d0d3251e39af9.jpg,0244
3da530d649ff42099b1c4be065de5241.jpg,0209
3da7ace4ab954b0191f3dddbf72d1b08.jpg,0251
3da7bd75cd1d4097bec2f5d60e8b2813.jpg,0216
3da8ad5195fc4405b148895152571d23.jpg,0049
3da9a57acd544cdfb95bcb76bbcdf4d3.jpg,0191
3daa4eb81ba646afb553aa7e81d2f60c.jpg,0425
3dab2bbecc934bdf9ec20b909200e7f2.jpg,0488
3dae6e7275f548b9818bdf0ab64b5bf0.jpg,0401
3dae7a53f00949f89bc8350b65212931.jpg,0380
3daf20108d594bde9f74c90919d848f1.jpg,0271
3daf240a0ba6477fb558d007bd4a6cac.jpg,0410
3daff18295ad46f293b6a07336534e5b.jpg,0030
3db0e7af30094b329301dc925a0bf5b5.jpg,0035
3db56078c84f42488772fc1ab0895554.jpg,0248
3db5c95c7c464e64ab4e258a90225d1c.jpg,0056
3db6251df90348a38dfcb60a702bddc5.jpg,0371
3db91e9136554c43aa41d4bb4cee5eb1.jpg,0198
3dba567a486b492ea13913413dfcfd07.jpg,0214
3dba852ebbb641e0a54c37a7f9b252fc.jpg,0251
3dbcf798e11d464ea5fd5910ac5c9f90.jpg,0340
3dc0e16e754f4376b60abae19f25b46b.jpg,0388
3dc173cd31d94fc38e13a463767e57b6.jpg,0399
3dc206968f8c414f96e5515beeb0416e.jpg,0412
3dc3aabb013744949bef88e8709b4f07.jpg,0283
3dc6a2d2c4914d588a409c8274cdd6ec.jpg,0018
3dc6b252c4494d28b5f891f660ec6ea9.jpg,0213
3dc9a9a6507f48509b7a0b80dbf44124.jpg,0069
3dcb278f3d4f4f709dc7a3fee1115e44.jpg,0093
3dcbc3755c8046a0aaa4d78c486e4b79.jpg,0403
3dcca4ecf111497aba22b75ee58d8f30.jpg,0198
3dd0666e8e104d02aad4dcac1038f3eb.jpg,0189
3dd76e556ae84edeb7f1dd91dbe21553.jpg,0043
3dd820ab00db45e4bf7fb92a30af3c58.jpg,0490
3dd8c217e1a24c9aa3380973586c1559.jpg,0375
3ddc3d7bc29e4fa9a97615be5b427983.jpg,0191
3ddc42d32d4d4fe4aec0e3e3eda7706b.jpg,0426
3ddc8e83e754481ca774b9b3652831b5.jpg,0176
3de2eaf12e184835a01fc1e64fc1a5e1.jpg,0150
3de37f54b13643b5960e2c2580fc7a5b.jpg,0341
3de9cf94daf64c09a9d55beaf580615e.jpg,0183
3df338bfc2744258970e531426654078.jpg,0056
3df538b2028944088898c2833186ed34.jpg,0484
3dfbd47305184dfaa2878e2d1a95faf7.jpg,0119
3e005e51b4594c6582b636c3d1b8b922.jpg,0158
3e047b402b0440fba1a32e7ce6d0ed2e.jpg,0107
3e04fbf085b34096a8c95ea66c43049e.jpg,0255
3e0961bb40b24185b2cef6091936eb13.jpg,0218
3e098195759f4810adcf5af353fef651.jpg,0194
3e0b33f9277a45c185beafaccc815e58.jpg,0354
3e0c655f7c9548b09ca69123bf7bcf9e.jpg,0200
3e0c9795f4534c828f7d954657276188.jpg,0476
3e0f20a3d9e94bb2ab4d044f1ffaa849.jpg,0027
3e0fb6446bf94bd5a77b3de937ef9abb.jpg,0283
3e11b95d62be4dbf8433a1030ab23597.jpg,0075
3e15ece9f8ec4b9c893e505278ab9faf.jpg,0132
3e16aef44cc94addb7d6583b5ec6278c.jpg,0440
3e1764e44ee14027adf2b399110c6edb.jpg,0135
3e207cb45a8341e09e6fd43dbbc039ae.jpg,0364
3e2245ae7fae4ea79e72d1b8eccae3ae.jpg,0045
3e23daa9bdf1455a82a7f95e7c2e67c2.jpg,0246
3e249855bc2d43ee84ed1ce4b3833de9.jpg,0189
3e254b0121394739af7baf97daf55c31.jpg,0321
3e2979d1e16943f9850582a3003b3c89.jpg,0066
3e2d7748bb6a452bb4836223f945b387.jpg,0187
3e352869e5924d2190fab21e247d19a2.jpg,0299
3e378c4762054ae49dae77b2b047fb1a.jpg,0194
3e3ab35552784e0ab6f8936be085ed4e.jpg,0382
3e3b098332d54dc0bdc82e6f170d424d.jpg,0301
3e3c17680fa24f948de5e3bace63815a.jpg,0311
3e455644e60a4dd3865c9f69e149c720.jpg,0350
3e457dbc2cac487bb30749f7953c5456.jpg,0082
3e481f7b4b444e0bb5d614226ff7bffd.jpg,0442
3e497dc7b1a544c1b231a9a7f144fd60.jpg,0237
3e49ecf09632431b9ae7a5f447d69e8f.jpg,0283
3e4a9d39b33b4fa1af7c504b0b675669.jpg,0486
3e532f0449c94c999143d78dd0a48814.jpg,0288
3e5563b0362240bd8556d31a6027c440.jpg,0185
3e590afeb5e141a2b6a7b6574fe2d970.jpg,0417
3e5bb02dfa944e61abf9a32c1b9a32d9.jpg,0429
3e5c8e669c8f45ffb2114996515de4d5.jpg,0074
3e5cfa9df4da4afba72b6be6b18a4cfc.jpg,0153
3e60cea23f5a43e99e7480edf94ba6e9.jpg,0047
3e6429f791424ed8bd661d1c8f86c2f7.jpg,0089
3e6546fb2210412eb2da48c478ce7406.jpg,0011
3e69011e91e6420b8b8b18d64cc3831e.jpg,0214
3e69c178b15f48088f1f86d4256dbc52.jpg,0324
3e6f9874a2eb42f087b9bbfd009a5831.jpg,0460
3e7075b51c7c4f24b0a9e39a6b500f47.jpg,0010
3e73c94f8de747658af12d0c580b88c4.jpg,0266
3e74dfcf669240aea92bd1bee9187b33.jpg,0060
3e78e1d257c34ebea4681e79e75eb79e.jpg,0022
3e7a3270026e460bb22d7a3d5efc6111.jpg,0419
3e7a380fa21e41009a851cb3bd36d662.jpg,0389
3e7cb43518134164b326df634d88a47f.jpg,0423
3e7e155ca7284b9bbb436b1d90dc6bfe.jpg,0153
3e7f8d2620c644bc8c758bb6cfcbe03b.jpg,0232
3e8080f5df2848aaa6c33ddf71b903cf.jpg,0422
3e8593c35a3445b49895865e06be8a8b.jpg,0275
3e8c4758ccd34be49310ec5d00cf2561.jpg,0091
3e8f6a285735478a84fe4984d53edc1b.jpg,0053
3e94e58b70a94e059a8bc095f7d827c5.jpg,0240
3e980959fbce485ca6a9dde2bc994140.jpg,0348
3e99397a6b854b4cb2a0e5eeb6ef7324.jpg,0196
3e9a0d575b1b4c7ea391a420288e385f.jpg,0023
3e9a97c2b7d94778b5f7a13c5d474aef.jpg,0002
3e9bdfee6f524703a3cfa5970c363d7c.jpg,0381
3e9cfb8a74524dda89e6c71659b87653.jpg,0102
3e9ddc4209d4462bb8f5a21625bb0f90.jpg,0062
3e9ed614810043e1a8db8a64f6a23022.jpg,0068
3e9f6f27afd54b6dab26a907d7f73a33.jpg,0425
3ea431f39ae0491a92f150706cd948b7.jpg,0483
3ea5ee84705845dda8ad587d0c30cffe.jpg,0185
3ea5f9aff00d4216a4fe91eb51353e38.jpg,0468
3ea72da9eb1a42fd813ca697f00a0be1.jpg,0357
3ea74e2556cf4ca498b4df7aa3c06762.jpg,0477
3ea82fa4a73a437d8bd668ac4eb773cc.jpg,0204
3ea8ae472b664a86bc885d53387d0974.jpg,0003
3eac893983cf415ab5a88a3ffdbcfc19.jpg,0072
3eb53333bf7f45e7af12189d9bc7cf78.jpg,0199
3ec33b16757a4dc5a8392be2ddb315e5.jpg,0347
3ecb3ae9b00544de944df39999e5bf0e.jpg,0288
3ecc50b770ac419a892ff1e3f1cebb90.jpg,0133
3ecd8aea2049478ab87bbfcd5774d754.jpg,0284
3ed1a126060745eb9bb5629f7763720d.jpg,0443
3ed4d5f69a3443c598b2de89e2e19bdc.jpg,0279
3edc1a3e073e4bb3b626837af3f241da.jpg,0168
3edc5b4013d74ad2aa551cd1b49d8fb1.jpg,0059
3edde37810164850bff4c24d64b05ddf.jpg,0308
3ee5b7f3358c45b2a2a115f6f107d5ea.jpg,0099
3eead7534ab34648bd02af1cb6fec7c7.jpg,0492
3eeb17766fba4dbb8887b27c8e223c7b.jpg,0202
3eef277eac81499e95f31342e1fade6e.jpg,0416
3eef735b2e414e5880575644a5d98fb7.jpg,0228
3ef02d3f32754d2985f27a2690184396.jpg,0377
3ef02d4af36e420793f567c36ce5f506.jpg,0016
3ef732cbd41d4a8fa64741da907c68b3.jpg,0130
3ef8117516d04a36875fbc8dd85bac2d.jpg,0242
3ef83e026b244035ac6ffc63281db369.jpg,0249
3ef962cb2dfd4c39981d5a9f9537482c.jpg,0091
3ef9bbbfc09f49a08f8045b31957bde4.jpg,0453
3efa91df6eec42f6921d1f111ad6900c.jpg,0387
3efcdd3994374d9c98b97244803b2bea.jpg,0422
3efe5f7d0aeb40389bc1e9a0d45ecb2f.jpg,0412
3f00bf9a152e4c8bb6858cd3080e9f1f.jpg,0267
3f024309ef9d49ce88d1f62ec29a1e56.jpg,0290
3f02adacf57a4b02b94fe47a0d5e7f2c.jpg,0145
3f02e38925be474688c7003068ff477d.jpg,0143
3f04882891334659a96a41f51952c920.jpg,0249
3f054330390f4db8b86287fbfb698e7b.jpg,0222
3f05f62563214dd69778659f0b2f722c.jpg,0425
3f0665a12bd94185bd6b22ea652235fb.jpg,0251
3f082b6c847a41b89d51133eb2cefdc3.jpg,0021
3f0b97740e0f4762bb3298fd7b30c401.jpg,0243
3f0cd5af4158473c82f73bb59d07f346.jpg,0348
3f100a9fa8f14cee8dbea7750171fcf4.jpg,0173
3f1356315ac04bdf8d2ee6c43f5f82b5.jpg,0214
3f1496c8f44442f190f3958fa28db9e6.jpg,0180
3f15084e49ed405da60b36deaf5b2264.jpg,0437
3f169d22214346eab4e73d6c3b448b85.jpg,0200
3f18c09055e14bb5b8fdc0898042fc65.jpg,0340
3f1f19240d694a37bc988c27709e0f7d.jpg,0474
3f2227a864a647c6a04dd64d2e59c0d0.jpg,0233
3f2839acea6c4d66914909c057c2db00.jpg,0142
3f31d92b11f548da90a7b81c273745b5.jpg,0068
3f3300decd1a4f2686821e13acff2efb.jpg,0429
3f33fbb0876e4a01a3f0a42abccbe1e3.jpg,0305
3f3404ca64864940a3603616830c91e2.jpg,0059
3f3490baa9124e49823f6d3dcb8a3152.jpg,0001
3f352254a46243038dc0759a8f76e221.jpg,0105
3f39d35595ee4195bb50e0849c88f5b2.jpg,0458
3f41eca61686449e8446be385ad6751f.jpg,0054
3f47d8be348b4a44ab86f2326c626ea2.jpg,0052
3f494ac1cc7245d4853329cd4ffc2ee9.jpg,0168
3f4bfc3cd25e4c83bbdfcd0ea84bb5b0.jpg,0282
3f4c797b06004129beebabfcd3da92e3.jpg,0361
3f4e8d052e344eb0a38760a10cb9b7c3.jpg,0269
3f50e06e76a04d0580a17f7bf5232d0f.jpg,0306
3f5137230a58405b8cb1ba59fe46ca2c.jpg,0236
3f5299e817384698bac6d329cc8e631b.jpg,0322
3f56600c480944b180a1876341844f4e.jpg,0469
3f57c5d72b8e45ce86da5cd83e62919e.jpg,0290
3f58ff9215b945e1adac074811557c86.jpg,0223
3f59d9fc076a41be885ecc1c4d1e9754.jpg,0323
3f5ec0ca6e6b41bc9b2757bd01ebe281.jpg,0463
3f5f65dd27f14e3196ef721be5d628ca.jpg,0022
3f61de920e904e0fa13383e529de78eb.jpg,0079
3f63d53993da4a1195c88f32d0882cdb.jpg,0065
3f6595a55ea848499114a2cda545209d.jpg,0486
3f6b03b95cd44c45bee676dee1e8da83.jpg,0450
3f73127b77474a6f8d4b09eafa640ae7.jpg,0409
3f7817bcb6db41f38193ff36798dfc8d.jpg,0434
3f7af5cf15a642cc91ea7693117c7f4b.jpg,0087
3f7c518896ff474eb951d8befc64cb41.jpg,0114
3f7e46798c1e4722960ed487793e5e8a.jpg,0114
3f7f813695554492bfc0fb4967e22838.jpg,0182
3f833e33a1794ee4a50b24ee8e954cb4.jpg,0166
3f858a68b24e4b5995f7f5c11b10e2fa.jpg,0368
3f898e11285b43168a8d77aac28d16ff.jpg,0410
3f8c1f84526d43ceb2291b78d1524793.jpg,0282
3f8fca6f7a4a47f9bdec66ab889e7289.jpg,0093
3f92475a815747109f442a65280f4936.jpg,0158
3f942a7de683494db04484d72be6da0b.jpg,0145
3f9ab99c5b5c4043b8d64eb75d07eaf5.jpg,0364
3f9afa1ef788423489cf863e35d46ffc.jpg,0287
3fa31d1485f04e48a0a4de35c3a9af73.jpg,0002
3fa58acdb0ba47a5879ba73c4a2c9384.jpg,0053
3fa736a89be149d585d4c232fabac06e.jpg,0210
3fa80907b2254e9da2fd5a79e6def60e.jpg,0178
3fb571e4889640e4bbb4b74c27796f9b.jpg,0080
3fb646f5ac724f088061ca9e4c95a267.jpg,0133
3fb71bd039514076a81b3ad99792d741.jpg,0442
3fbed0cecbd1407d99e55475b5afae52.jpg,0009
3fc22338bd4a46dd86c0f52e6057c0e8.jpg,0235
3fc2249881e8420cbba1a520e4dc810b.jpg,0012
3fc4fb04d4c149848723743645c44b1b.jpg,0080
3fc9bd0093d54eccbc9c937aa291dbbf.jpg,0197
3fc9cd74127e43aba219e03d1c1747b1.jpg,0465
3fcc9623d5c242ac812bd0f146c66155.jpg,0467
3fd440a57b534dbd95d2debea5e89028.jpg,0065
3fd644fb8e3d4aaab40f24ff1b6d4820.jpg,0253
3fd72bea245a44c0a48835395fa4f831.jpg,0092
3fd81c3da5f14ff3b8f656f37010d6a9.jpg,0069
3fdab2c060c44b1ba37c72f47b8fb6da.jpg,0479
3fdb2f7e26284a97b2467ea6f65bfcae.jpg,0141
3feb9f850c324aacb8f2ec7ca3e2c718.jpg,0199
3fed09aaa3864501b577e895de72beaa.jpg,0408
3ff0de4b57054a93880f8f6e4b520321.jpg,0004
3ff1196149df4cd9aff3b81b2bfae118.jpg,0251
3ff6d78c6c884f9289e372a620b52db5.jpg,0346
3ff9e4c5e0b14400abf8e7d53bea381d.jpg,0224
3ffd38a5807c42258348ae51a87b97df.jpg,0469
3ffd974992ca4fda8308049227a068cf.jpg,0202
3fffd2280e4f403bbc46cfc3f8f06ec0.jpg,0217
40023f505d8144caaf0d7b02378db43c.jpg,0047
40057054bbeb4df8a9d5bc5316966d1c.jpg,0406
400f67f6ee8348b39c01b6563cb4055d.jpg,0096
401243971f934f94804e858958854d6c.jpg,0084
4018376f7dc940bc89e915a177902226.jpg,0186
4019a739d34b44fbac338fda7ce88cd7.jpg,0004
4019b0b3537d4cc195112cce35f485ef.jpg,0217
401b5aa31ff047ec938d3dc1118eb883.jpg,0210
401f6b0522f44f95bd812b3d0635fa2b.jpg,0111
401fdb7d1b0c41d593d9268981285d35.jpg,0125
4020d88baaed403097cd750fba7d2d0b.jpg,0020
4024513d310e4280ad0e5db5672252db.jpg,0447
402543609fa54682878836001ff3b053.jpg,0333
4026c0b9f828489087f09193b738683c.jpg,0248
4026fa317098480793603454907e2987.jpg,0070
402982c4dac643c58f700cf3c6f4cf4c.jpg,0462
402ef0a5e1b844a09e9556b4b66e581f.jpg,0477
402fa5f239334985b73f1e158350ca89.jpg,0322
403290139c8c4cd48284453453f03e52.jpg,0433
40367f09c3e541c4805e82b926dec653.jpg,0454
40377e9c518d42ccab01c267daae0f89.jpg,0234
404169827e234a49a03dbe1f035436f7.jpg,0421
40418366be4e498c805e293f3534c7b1.jpg,0353
4041856726154c3aa62ef6f92af244a5.jpg,0271
40423296959141d799aba3ab62c5225b.jpg,0163
4042dbc5ec9e4e7fb6bf19052da13dd7.jpg,0419
404b93fd99d34e8cac6abbcc7a3d66f5.jpg,0322
404e388e61f04507921e050471e6327a.jpg,0013
404e9420959e4681b0850fdae2b68b90.jpg,0289
404f2e10f6914b50a392e36d61c0dfe4.jpg,0447
40511471a76a4e9c83c894cf3a5c131a.jpg,0034
40597c22ae274ed5949d63e9f930fe43.jpg,0140
405b0eca9505458991f7fa7f790c8439.jpg,0488
4062b1affabe48b0b7de4505a7cb0d5d.jpg,0497
4066ec60a88b42a9a94c114845350a60.jpg,0136
4067238d44a14276b50e3678fa5e6433.jpg,0004
40687ff485714309aeb07efc1abb0a06.jpg,0398
406bf4f85e284099bff73ca664127ab9.jpg,0454
406de4d436284a4087508d6faae2bbc3.jpg,0188
407d3b4fc0f344198183ad9f73f612a0.jpg,0117
40861e9671354cba970ec67bfc4b0db0.jpg,0400
4087223465244250a3e7179f6a6881ca.jpg,0443
408a6aa7dc8e4e38be8e37c9f77dc4b0.jpg,0120
408f9913dedc42e896d77ac4cfe117d0.jpg,0187
40909189b99c4aa8aa56d4c85e68ced1.jpg,0391
4094226e7a464dec8daa2c379629d25e.jpg,0430
40954cb19e91447fb5fbb32a156580fd.jpg,0484
40958da99d5d4bc99207ee0d06527f5d.jpg,0313
40983e0982904b9c93b0a52ca30c9403.jpg,0454
409d9531555742709f042b76b30a136c.jpg,0450
409f01ae65e744419b5b20e1b6798c44.jpg,0071
409fd59158584c10a16385916b77c3a0.jpg,0244
40a00d732ac3447dac20109a40a41bc9.jpg,0101
40a263630c114c2390945a7d80669bed.jpg,0170
40a272217e5b4391b3aae62ef23c8a45.jpg,0427
40a78e8de57f474e86b0987254c9411c.jpg,0375
40ac18f36e7f4eaabb01662b4bb7e933.jpg,0129
40ade84d2ff64b3283156344760b390c.jpg,0007
40adf2af1e824661b77522f3e457b159.jpg,0204
40b26c91909542eb90fdfdc103b814a7.jpg,0104
40b3c7458f30492d89766fd686ee32cb.jpg,0128
40b434ceb897482c8c3155ee079af84d.jpg,0204
40ba07398659432ab315ad248dddc7da.jpg,0276
40c3419ed15043baa8ca07a6cfbf0ce0.jpg,0305
40c391ed8c774c0f926f444549cb8485.jpg,0009
40c3c5f4fed347d6a80a02e1a82d2c85.jpg,0479
40c43e867aad4d62afa9a8586e31f299.jpg,0010
40c65561a7294db3b7a8648e6f21da01.jpg,0070
40c6cf953fa040dbaf37b1fd9dd0e53e.jpg,0076
40caa92ca6b943c6bdd3fff6b69e3c48.jpg,0083
40cc298d98ab482fa18d9c233813b84e.jpg,0051
40ce38ed32004cbab4cb2019eaf38d50.jpg,0278
40cf93dda56349fcad2723d73f99b881.jpg,0281
40cfdec694b84285b1520822103e32f6.jpg,0018
40d58c76f7e143b994439dc3e203e232.jpg,0120
40d80ef799c64c60a71cd9b4f3951222.jpg,0004
40d8300b6f624cbf84d5439a80f0ef88.jpg,0164
40da5db231b34942bd55fccd5ec1f798.jpg,0238
40da8ed9c52c403e8bcef51c6c6c51fc.jpg,0199
40e055ccf3674c369d1e6f13dd2ad893.jpg,0234
40e1be987f80495fb375c1e56f841d2c.jpg,0112
40e1e3f5f4754776840e05a7d240ec78.jpg,0435
40e664d4f03d4a7fa81c182cb3e18fe5.jpg,0304
40e7ed62f1aa49e496157b6bb2a12591.jpg,0493
40eeed2a10de45f2bd85721b89edb89d.jpg,0393
40f04c7e5c8b473cafa379b72156d0da.jpg,0007
40f0c6aeb1994fa8ad9f02142af70f58.jpg,0330
40f964c002124e27bb68245b202fc570.jpg,0191
40fb94b55aaf46da9a062a6294ce7945.jpg,0179
40fcec18b7d64f93b5c0ee1abfcb0c65.jpg,0196
40fe75abbb154738b1974ab52f4a4f2f.jpg,0104
40ff4122ceee48ebb48cc17692ea5f4e.jpg,0249
410008b949a2484f8d3864ba2c0c2a62.jpg,0331
4103206b4ac54091848e59a580f6e45c.jpg,0287
41039fec2f56472b834f30d169bfa080.jpg,0373
4103b8354e904b47af6a87b0bffd5195.jpg,0107
4105f53efb5246d6bbac3630012cf7d7.jpg,0211
410781a26498412b812c13cc938faf22.jpg,0029
410b2c5b65c44e4aa88c29e2278e3130.jpg,0415
410d2ddf5fe44a8491721c9605e4ec4c.jpg,0201
4110131f8c7d48cab14c9a6f71823e56.jpg,0027
411623109a55435db5cf3187e51d77c5.jpg,0465
41166a59a60c433ba94d1971d4b05f0a.jpg,0132
4118d1cde93143ef8626a576d92b83bd.jpg,0003
4119fac72db74b10a8aac3fa6139df87.jpg,0243
411b3aaae91d49719b1e0a6979ef5cbb.jpg,0487
411cfdd814fd4023a71d66b7e4dc544d.jpg,0039
41217d217b3849ea8a541467432ae82e.jpg,0241
4126f7c2033749fc907d4557c04c67ab.jpg,0492
412dba34d77d42f7a4f6573af99edf99.jpg,0100
412e39477dfc4a93987cb7df85aec97f.jpg,0201
412e9399d9a045dcac41c5d56c653335.jpg,0107
412f9f07f5a94fb981ac43771b37b998.jpg,0311
41302022b4d24dcf9514472fd352f8d8.jpg,0305
41331e95ec4144a7824416066817f90b.jpg,0258
413bee6ffab749da8706a7b769a2a760.jpg,0403
413c1affde594196bff1ebfa83a5d4c0.jpg,0386
413c5334f86e446983fbf0de90dba4db.jpg,0136
413e99e3200c48cebe5fcf813f1e7929.jpg,0069
41454c5b339443f58e5c641e020df023.jpg,0387
414879f6f2e245e29ad0c0830616133c.jpg,0215
414b965c7cc54474abec82034ca515b1.jpg,0286
415100deb3b84338a5b986604155103a.jpg,0421
41530b5073bc433195526e6ce1d20e7e.jpg,0090
415676ccd09348e3993130364e076443.jpg,0411
415d0d4511cc4940a13431df8ab44077.jpg,0131
415f57d3c4024917adf0008d26f3d8e8.jpg,0069
41604f9040164e27bcea2861fce8fbd6.jpg,0305
416203c7c73a4a5988f378ec5e6208af.jpg,0088
4163960042a34967b62015d1169f59a0.jpg,0138
4166e1bb252745eca202f089c9305651.jpg,0068
4169dcfbf7374409a408bdfb87320bf3.jpg,0426
416a4880d162486494ae700cbfdd6e41.jpg,0405
416a8c11028840b598075900d4c30085.jpg,0158
416b432412d146cf9c12630317cbebcf.jpg,0457
416bd27fa55a4fafbd5d106f047b97d8.jpg,0102
416d647c7c6c4e3d83cca1cc0e6c3817.jpg,0313
417286ef26ba42a19100b7a3f63d4215.jpg,0210
417345fce40b494184af44ad5d67fbf8.jpg,0383
4173db106f994d9baf18f81d440337d9.jpg,0201
4175f596fe9e4bd19c85cd9f7a410b42.jpg,0297
4176d7774d234b01b63495020fd9cd32.jpg,0488
417aef8e0865441097e2deed4c40e7a7.jpg,0255
418391a78e44469f8d82ecf45c0b1a8c.jpg,0213
418774fb08194f9b85af1928652deafc.jpg,0272
418909b334f949cb9c7d8581b601e134.jpg,0268
418ab8c300be40e285fccc86c38d640f.jpg,0346
41904000396f48948b86827c1ed8715f.jpg,0443
4190fe8d46534e07be21aadc5e1f8ab5.jpg,0063
419175dda6db446ebcc2355a61062a53.jpg,0180
41944958de304b2392b28a439595046f.jpg,0292
419966d788e94240ac54bc0e7bf65d47.jpg,0071
4199fe26af6d4586939ad8718596e199.jpg,0326
419ac43bc0a842cebb7dee7a0817d852.jpg,0087
419e6b0081ae4ee097b76b63899eeba9.jpg,0447
41a8e28c126745ca8714604b0e85f266.jpg,0009
41aace9cdf204aed85b5745081f3e2e0.jpg,0051
41ab6c15192a4b17bbefbcfcb58de1f5.jpg,0027
41b1886abc6d4d49aabe9e5768387b2f.jpg,0347
41b380064407413783e6b2b8332f726d.jpg,0114
41b3bbbd3d0e46f1892636cfdaf6bd14.jpg,0279
41b43d2cb907493eb97645dd12d7a5d0.jpg,0223
41c068ba5e1b4512819238c4a689b6b0.jpg,0258
41c2efe82eb044ec98bd5ca6b1db264c.jpg,0448
41cf02b70f6b4d65be3ed0fb043c83be.jpg,0176
41cf16d34bb843939d49309c5c969f79.jpg,0212
41d1696a99b040669b57a6a63be66fd0.jpg,0388
41d592c2878249a2a76ed0f57f75afec.jpg,0495
41d75f22c6af4de6a5f6638ab096046b.jpg,0169
41d92c39b41349e7b2a9808363d2d14d.jpg,0361
41db8efe3c984d1b967ebdff0c07e92f.jpg,0176
41ddeb98b84e4ff2919f816b6a0f0e10.jpg,0429
41de8b7383754f3f901e911ef3e0d0f9.jpg,0319
41e0127f2b084742bbd34edef9bc9e82.jpg,0339
41e0d1babc6642418eff657b359f04d6.jpg,0361
41e1ade784944c06a8e99289801692b7.jpg,0424
41e6b1f4df114402a337dd403c48b30a.jpg,0150
41e798a29cee432b8bd79f32b5d6fdde.jpg,0008
41e88eb57db540bfb57efe08a79c8fdb.jpg,0387
41e9abe5516a4e49ac989ed0b6697e4d.jpg,0460
41ea17937875405a83f7410639354d98.jpg,0111
41ea25308a1146cea9cff0065559a512.jpg,0125
41eda0ebe38f4398a51061df34bb4f26.jpg,0206
41f056befd264a8ca7e9d113d2fa73b0.jpg,0211
41f1166f0b984592b99e116c80a6e246.jpg,0417
41f177ec4bd54c2d928a7647fa48ec39.jpg,0483
41f230d4f5c241d68755a02d6cbd749d.jpg,0291
41f4edeede2a47ffbdededde4870f36e.jpg,0401
41f63245bb9c455da2587b1a92c1fe05.jpg,0424
41f729bbaadb462eb40acd1f75d0b560.jpg,0058
41fa7ae9f16c47d6a9f605977b1b37dd.jpg,0240
41fd205d1a654706a9cab3177842a453.jpg,0198
420777114fb54d8bb070cf8587c0008b.jpg,0277
4207ed07d7d1466eabce4688572d7e75.jpg,0308
420a19394d2b45dea4cb5e76bc818a0f.jpg,0234
42130f81997744e7a2efdbb28b2e2f38.jpg,0124
42150b66020944febb0ea57fad969192.jpg,0287
42156c549a114a9faf432d911f9e4447.jpg,0280
4216a886d5274e489ef3ee90bbf9d5d3.jpg,0004
421731fe1010488cbe39ef55b6654097.jpg,0014
4219f6db8c3146a5b4e31835981c52c3.jpg,0037
421dbe3f9db14c8389e3dd505efc96a1.jpg,0335
421dc9861b144bd0acf73a95193b7745.jpg,0354
4220219e65d24e90b3be342d30dda785.jpg,0085
422197cea20141e9a2ab64c38d8bbfee.jpg,0390
4222e9659d304438ab33cbce10049408.jpg,0129
4223508c597248f2a405c49a59e378ac.jpg,0273
4224172ac7054fd4a6b4707e8b4e5669.jpg,0148
422641f328cd4ac4ab4bc029b8fac489.jpg,0222
422a6f7db5d6459aa10edac19323aac3.jpg,0397
422ba2bdfa3b4f038faf12701376d2db.jpg,0024
422bf4f06ffc422b8c810c7f9217618f.jpg,0326
422e13dd077f491abbcabf64a3ff9a7b.jpg,0220
422faed186894b1091b9d42611385029.jpg,0133
4238c779cfa44ad4a9b90e9bd8f26ece.jpg,0245
4240540973534c32a865892b8aba0171.jpg,0166
42418f8e369c47c796db51fefaf135ca.jpg,0498
42431ce5aeef4c308588afbdda3a36c4.jpg,0490
42458a35b9e24ff1b756e99610e578c9.jpg,0484
42487760a625431bbe6e4b73dad53425.jpg,0206
42499f55610e4b91b179bd7c957b6106.jpg,0289
424bacbf4f8b4a98b25a6c7f0bc0a04f.jpg,0013
4250e9003d7a41dbb39aff702efe9f45.jpg,0129
425177275bfa44a1aae6e92189bb9b24.jpg,0012
42531a08041647ef87ae7b75108cedb1.jpg,0388
42549b06deff4ad388cdc502a7e2c698.jpg,0264
4258f927be2e44968af93abbac210228.jpg,0220
4259bf34229247c0a68bf0fbe429bf63.jpg,0123
425b1cf185504d8680256cc6ee8692a9.jpg,0035
425bfc4389bb406e86b442ea2ba4a2c0.jpg,0262
425c25c56f784659861307270f2852a5.jpg,0127
425ef8e01c104964a337021420cac03c.jpg,0434
42621fcba03d41fca4c26b24100f55ce.jpg,0339
4262445da4d64cb0a11af50998688f59.jpg,0173
42671ef2f4dd467f81cf33e7ddf7d5e4.jpg,0320
42679cde33034f4ea3302142606a5408.jpg,0037
42683c9224124f758cb5298014aef21b.jpg,0263
42696693522f46319aa3c187c386630a.jpg,0031
426fb1682a32410eab16c53567befcbb.jpg,0321
42711b9d7e6c448283fe2b1bfbd44261.jpg,0269
4274fbdd15ed427da113fad230d72603.jpg,0312
4277c53d14af4dd4b3cd1cd05d3c8481.jpg,0082
427a59a69760463fa3d9c15a7413c4d2.jpg,0203
427ca7fe15484182a319f67d61a8da56.jpg,0415
428153d8ced9429091094c3c47d0346d.jpg,0220
4283e240082a4aa983f3cf8297f204ff.jpg,0119
428684b18b8a4904bc6301ba2459d804.jpg,0011
4286dcee006f4996a044962bd5b9dfe9.jpg,0318
4289d9e3eaff4bc9843bcabb7e9d1746.jpg,0205
428c2983da7240e28073f23f9c29e735.jpg,0102
428dcba2995a421f914c64d02524bfdc.jpg,0283
4297c83e110947c9ad400f20c9bc4cae.jpg,0289
4298166b5c6e479e8f5defcbec3e5d59.jpg,0143
4298a2de9a854f48a3fff2e03c384dac.jpg,0164
42993e218db04e2ca5c18e3481f30519.jpg,0098
429e4c2ef0644f8da0df7933a2ae94fc.jpg,0251
429f4ee8f7bd485082b5be17b8a199b4.jpg,0233
42a11a32052746d1bc302674b84c86e8.jpg,0401
42a2d9de77d947c890ead7db86c90f89.jpg,0259
42a33674dcbd40e1801ccfaef3bb5c54.jpg,0434
42a35cea6fa642f0a8fab3010437d191.jpg,0301
42a39a8095f8438c8943fbbd29c7f3b5.jpg,0391
42a42d03273c4e989fb6ad3f004960b8.jpg,0435
42a6c8b658074a5bb06b449d9753aefd.jpg,0150
42a6feee8e404dbb97040b2cfbf65fe9.jpg,0181
42a97e0934e74ff5a332a9458675d9e6.jpg,0239
42aa0c116f704276961215c0dff81d29.jpg,0396
42aa4e5f1f65481d86209dae42f14f70.jpg,0050
42aa7f57d2bd4c40b51ebe94da24490f.jpg,0113
42ade247a8744503bed9acdf85783c83.jpg,0300
42aefe7a8a0b4ee5bdbfe8f74a8c38ca.jpg,0135
42af0145b6094b77bc211396331e3568.jpg,0073
42afb8c37af843f6824734a0cbcb8c47.jpg,0165
42b1a4ae5af84635875cc464592e50b1.jpg,0252
42b45915d8bc4eddb9596ed0ddaa6f1f.jpg,0058
42b4ec2a23d44c69bc50040227af5103.jpg,0040
42b6dc23369841ed9ed51dbf6bf6564f.jpg,0002
42b7d9b0501743bb993c458aea80db47.jpg,0489
42c74339616843db8265a8db5252943d.jpg,0343
42c7c8d6c9524936a448f9473667e0dd.jpg,0211
42ca788db07f48dea568cc4202bf97eb.jpg,0483
42cc8b8da8d843b4bc178f748b5032c7.jpg,0197
42d3aa9a20fd4caeb48c59d61a3755c8.jpg,0175
42def560d42846e491dc597a414e3371.jpg,0254
42df617eba94469897e1e933c063bd8f.jpg,0244
42e126c0390d423c986d96eb7a8ea513.jpg,0367
42e4966548b743bb8cc1e5d185c56603.jpg,0319
42e4c58e38cb43b48a2c7fb291a957eb.jpg,0339
42e4f7be3dda4c7ba2aff85eaf8a0d65.jpg,0206
42e83bc0f7274df8b54ec8b54793f5d5.jpg,0205
42ea5b6708bf41359777b7e3a39f069d.jpg,0058
42ea5d4ffe264d9e922ec12beee15ebe.jpg,0049
42f0caa758b04004b2d6b83e7b1a5780.jpg,0305
42f5c23a20a34fdf88ea3f65c8723c84.jpg,0247
42f5ec80186a44328ca14f6e740feb6f.jpg,0272
42f6af6a2a90493c918b2bd102cb440c.jpg,0204
42f70f26394f460fb4fd94b7634fbdf2.jpg,0010
42fb72f7aad74e73b98f92d84a9f8eac.jpg,0347
42fbb83c75d64d009a86ccd730e4423b.jpg,0262
42fd4a1c6ebd4f6683aee7bbe6e608e8.jpg,0378
42fdb1a57afb492bbc3f08985e2e21ac.jpg,0399
4301a54823674e4ca0852bab8da5ac09.jpg,0279
4303fcaa7c2047468858fa968b9b01ef.jpg,0147
4307e78c21ad4b418f4882d6f1f3195b.jpg,0191
4309568b2903458f9d6cf2ca04ec8894.jpg,0103
430aba253bf542e9ac19c4ef66abdc24.jpg,0249
430e4d2b49ae4598b40ae9a63b8fbae8.jpg,0392
431650ab4c5a4a3096fd0fb22acac927.jpg,0178
431a3fbf0451451ba17781b9ca966782.jpg,0105
4320081d8c4c42e1b7acc6c899a2d1bd.jpg,0323
4324abeb86f341b19660a9fb6d432227.jpg,0457
4324f1319dda4f349e84063927f45678.jpg,0418
432677784589426a896fc9672dd4a07e.jpg,0100
43283ae75fc64fca94f175e4543f3bce.jpg,0468
43291b6b31c8421f8c22207d8d762fe5.jpg,0194
433135fed7374bb8815e40b90639ff6f.jpg,0380
43384d2c0c54492ba55f74b2f079c4bb.jpg,0411
433a4aff4f534e36af40702df40bae24.jpg,0057
433d4e4764294eb38a3826c5e02cb228.jpg,0290
433d9bd4593541188f51abd4c113b389.jpg,0389
4342108a4d224e24a3fca6310c715bf8.jpg,0072
434483f728a147b3ba8bef92e2896007.jpg,0112
43453f72721042c9b5072f6451db28f6.jpg,0105
4345ae5f86d54417a1b4e8b5760c734a.jpg,0303
4346ce09a21748638498e0ec028eeb36.jpg,0475
434827832ce7424f99c00630cfe62e7c.jpg,0298
43484cd2fab341629a4343ce4d2f418a.jpg,0168
43498257fb6f4c4f9faaecc193af1559.jpg,0028
434a3a9dda444a50aff6f4f4f47389e6.jpg,0022
434a7f85d8a746da8035bebfcb8a81af.jpg,0238
4350412556684422a559ebf36fddf949.jpg,0453
43519fd62f2a44f0880e6c09ed805cff.jpg,0213
4352a1d39cbb4f5c8c7caddce3cff0ca.jpg,0153
435aeacb9afe474cb35a5d616237958b.jpg,0269
435ca167de9c438aa71af4079296723f.jpg,0429
435dcfb363b945758adb40cf9daa3031.jpg,0244
435f1fec9c4247d39b0f768985fb9090.jpg,0266
4360ad90f0a24a7c9cecc05e2ffa8425.jpg,0327
4364d4beef5a4547a2742ae6e94600b9.jpg,0082
4365e7b06e6b48dea3a6e7e3f6f87798.jpg,0463
4366d98db86348b3bced78a27c51663e.jpg,0305
4369187996eb44c88dbb9eed6e32071e.jpg,0266
43698554e0a84d9da62ff7aff597c986.jpg,0187
436af008783347e383bed9d3c85a1976.jpg,0237
436afde1ea704c22905f265e0acd4a99.jpg,0229
436d3b05769549f998a1c08f67e55753.jpg,0014
436f66ad39194743a3e5dd55e2d4873a.jpg,0244
4370496b9b3b46679f9a3cc4cea48e97.jpg,0270
4371939fe1df4b6d805f27ff7b971732.jpg,0095
4371cd31773043aead175d876ba23b98.jpg,0353
4379227897eb42f48c99cd40fed1c41d.jpg,0041
437963b8e44349e7b894d54bc1f15d92.jpg,0413
4379a816c4d14613a9bab5d268a2016b.jpg,0150
437bef394c484eb796f2c1a1cd604ecb.jpg,0053
437dab1520c5471db6d4c190bb07f75a.jpg,0217
438195569a2b42779026bfab8db211da.jpg,0301
4383b1c5fa044ec8a57cf3f4c290e5ef.jpg,0212
4385bcfc59bc42908e61de1dd34c2b13.jpg,0268
438a1b9565664c7c891e226d8a1392a2.jpg,0495
438b3b669f4443c6873e9406975cdc08.jpg,0295
438be7c5723f4d778d758388bb5a43a4.jpg,0329
438f39ed12f14f198b25e318954e5925.jpg,0159
438fd7f917254b8481d2b10b5cdc4c9a.jpg,0217
43927cbabd2a4ef8b78e812ef676b288.jpg,0388
43a10e21de544760a68114cbad395698.jpg,0150
43a478a584dc46aca37982664069c88e.jpg,0193
43a52164431b4fc1a4fa0385ca0d69ce.jpg,0437
43a634a9485f408c8ba10bc52a8d751b.jpg,0372
43a84fa039174a58b656434ac1906dd0.jpg,0424
43aa1c051972430cb9162597b1c859b1.jpg,0148
43aa96095c774a22910d6a6e3208f90f.jpg,0464
43acfe461efc47c1a143cb0b4c70baff.jpg,0269
43ad833d35e045bfadfc79dc1b7bdee9.jpg,0402
43ae121529c4468a9c1a76280423c645.jpg,0210
43b0a6c66e92428aa768ae82eb57b256.jpg,0353
43b694aa16f645eea7946ba79492be2c.jpg,0430
43b712beb5a246769303c103242d4b4c.jpg,0000
43ba3b1825084cea95e961596e64eeb8.jpg,0115
43c0de8e90ff48f8aa8442e3103f5906.jpg,0486
43c1cd07dc8240ee835f0991168daad0.jpg,0150
43c699722e0042cabf2e62217bb1a70d.jpg,0445
43ca67c3d4984b1fa1460dfbe3afcd50.jpg,0483
43cb128c656146a79e19dc3c2a557327.jpg,0290
43d0551446844cde9c6b7ef217fe99d8.jpg,0079
43d15451869d4d03a3acc1eced342642.jpg,0303
43dce17740774934ac8ec5f9668950cc.jpg,0285
43dea96386d740ff9ad75c6fc0900b7b.jpg,0297
43e29f43238241288773171f9c3181f1.jpg,0299
43ecbdf28da1428ead7ad5886f7a7e0d.jpg,0489
43fa3bf84ae3477d869d9b4ab21a8520.jpg,0243
4402f7b374434c83a08def940e1c93b9.jpg,0170
4403aa01e36449ec8cf0263d300be84d.jpg,0009
4403b74b426542b69cdec0e54cfd48dc.jpg,0046
440b37ed1fd94837828e9f9ac5d4538e.jpg,0185
440ca4bb2fc44fbbb4e2c2d39b7ee465.jpg,0215
44104b00c7c84d1f9d0d832b1bd40d46.jpg,0205
4417bec9dd484b51a37cbbccf01b5749.jpg,0342
441bfc30161c455190ebbbee3d0844ef.jpg,0234
441c00016e3e4e46b06c4947280669fe.jpg,0412
441e5d4b1c1f4869883f7de0b0f32dbe.jpg,0204
441f0ab7b7244e60b87c4f2012d4fa2e.jpg,0258
441fbac7161b452ebcfb3fc40cbda7e7.jpg,0115
4422609c3a8643cab859508f004730d3.jpg,0462
44260e2f044745f2bf25395b8e96b06c.jpg,0384
4426fdcc509e4f4bbbf0cb94e32e468f.jpg,0000
442e37820a274f539d3acf42a214ce34.jpg,0371
442ff6d60c3c40b0a1d7dc3e77bda57e.jpg,0276
44305396ee1e40e982d8801da11bde03.jpg,0401
4431bb03315149d09c31ffd6a35e8b6c.jpg,0295
4439c76ca3284e309ff801814b509404.jpg,0161
444070a34eca4bba9ea51b28ccbcfbce.jpg,0337
44438a37e4c1446d8ad2b311a552267c.jpg,0197
444a6f3b6824402da95050eaf9756967.jpg,0246
444b196faae1480db57a5fcb14f44324.jpg,0279
444bc424b78f41208c1b8bdbacf77703.jpg,0210
444bf8949f6944e4a199afe1821c0b9d.jpg,0333
444d7ee8ba6c4162b2deaca4b2617ae3.jpg,0206
444eeb63ede247f3af8292c2a83a7c45.jpg,0493
4453ba22b2f54f56a2b274d497db2cf9.jpg,0350
44547d2a85624770bbed7fa6ccf8cf4d.jpg,0106
4456a4ebf92643dcba9b0dfc71c2323c.jpg,0002
445808b70671429d8862149edbb73bfc.jpg,0480
4458a983a7f94471855fdf976b15718f.jpg,0189
445da48eedeb45d4857f6f9a776f0a2f.jpg,0204
445ddd8ce2aa45a29a9f99efb34832d5.jpg,0249
445ddf6c1ba9437ebb55bc8b5fafae72.jpg,0085
445e030bd3164d4492731237f12595b6.jpg,0368
4460ee3e63ce464d957cc9c69c9f3eb4.jpg,0144
4461c80591a74ad2b3503ab0f0d2c662.jpg,0092
4464d65100524e07a8f1cc5088324de3.jpg,0299
446562ed183c49709e03876108398e1c.jpg,0349
44685b3e6ea44df1a6984b3fe1ed0c10.jpg,0280
446a9a286af34392af55be850912f6e8.jpg,0468
446c2f5382264bc49b8e51804f467a04.jpg,0406
446c95ac07b74d12ba28632b4d37466e.jpg,0310
4473b20b160f4eef8c72d95d300a845f.jpg,0403
4474644370b2426c871a7429dbecafef.jpg,0219
44770ef98e614e7585d98ba887a9b5fa.jpg,0242
447aaf10c17340e69fad4db07be8e711.jpg,0339
447b733beccd4ac899e0ad41ce81ea0b.jpg,0293
447c3edf707747dca5c87d974d929c20.jpg,0157
447edf7920c04582ba58f60ddb4c8c5f.jpg,0257
447f91f43d3a4f66a25eca6492d378f2.jpg,0059
447fc84bb9ed433594632296d49edb90.jpg,0079
4481a5ee2c274e4d9fa5a08d94107f5f.jpg,0148
4484acdf9cbc46ab95278896ceb61477.jpg,0154
4485b132bc764669a557df8b4b3ee57f.jpg,0371
448647ded46c4d0b9aa510fa4a5ffcd1.jpg,0182
44866d0e0d30492185bfe727f662e8a7.jpg,0285
448aebcbb4f24f0f860c7547a7693c71.jpg,0083
448d15450ca840edaf91126330fa2e66.jpg,0394
448d3e5b34b44cc2aa521a0d14c987b0.jpg,0429
44908c2c49dd4d4d851a8c2a70a51ac3.jpg,0185
4497cca633874ec9aa048c8094968197.jpg,0264
4498bbd96202412fbaba8302056d4331.jpg,0327
449f1cd8a0bf48a582c31fe7b7ed86ba.jpg,0215
44a203d04b18499fb5114d046c835564.jpg,0393
44a8555d9d0142369ad4833730614433.jpg,0248
44a9b2390a0045a7bad017153909d8ab.jpg,0296
44aade4dd9d14210a4561d45b729dad7.jpg,0119
44acdd280d104e43a3ce5d4ad7843106.jpg,0408
44ad61c2a5f64b0c90ebe9f9a94853d7.jpg,0348
44b2f4939e584fd4b01cd38d18c338c6.jpg,0280
44b3f4b0e44c43f0a80b730c23a84550.jpg,0187
44b49adc33ae40ed89193fa81f10a28c.jpg,0296
44b56c2618fc4a2b9f5719aa8bcd1aec.jpg,0416
44b58f34827344c886a220b65f26c658.jpg,0194
44b7c2bef9bd4cffbae147a88475c06c.jpg,0405
44ba5875e43745a99d3a9b6eb51732dd.jpg,0107
44bc6f8ef0084d0ba627041a849797cf.jpg,0435
44c6cd0471a747afbd9da0cc8fce49f4.jpg,0257
44c7a28142c247bbba2a989469fae52e.jpg,0270
44cc9b118b214b6f81ecd125f77771f1.jpg,0236
44cea374dd76440ea48fce0fd39d125f.jpg,0498
44cef7c68a6c4dafa37898735a43e134.jpg,0273
44d03bb8eedd457b93e78748f5d1429a.jpg,0262
44d568363d154060afb61d6909a72bb7.jpg,0202
44df18288bf940fcbe71226c4de1b2c2.jpg,0017
44e23e772241472eb82f8597f4b6ce7f.jpg,0238
44e4a7fea5bc4115b1ad9ea366ca5e83.jpg,0334
44e742b9be544411b083546f47b44c21.jpg,0249
44e8bfe6a5254aaf9c4461cc571b6d91.jpg,0238
44eb89f7795944328d27946c94213c10.jpg,0136
44ef367ddd3b44299e5caac08c3c1d36.jpg,0015
44f082df654c491db55c2f023fb56bcd.jpg,0029
44f630056d55464aab497ec22778e7f3.jpg,0258
44f6b3300f9746dab650b88e7462a37d.jpg,0160
44f76c9fbfe74ddfb748a7679a89a0dc.jpg,0419
44f77552868e456396fdbb414ccf7744.jpg,0069
44fd90eaf98443ee918a50e8a3333e62.jpg,0226
44fe7eced072468a937028e7eb91bf42.jpg,0438
44fed286b66949c38628635b762b85d8.jpg,0461
4500c5e4aa8244cd98f504c124af0f92.jpg,0108
4501818824cd4ecaa95daa3c650caa84.jpg,0040
45090f6b8782474299f6f6c2e7d9d8f7.jpg,0057
4509feebf6d64925acf7c5354a518396.jpg,0030
450ba8d9694143b38d43367b76ec6ce5.jpg,0248
450e1cbf0fa44c5c8b2605e8e7649a22.jpg,0107
4511d38b285a4fd7a203b04da51f0eca.jpg,0474
45136b88353f4965ae83a7a7f7cbc193.jpg,0098
451370e3c9b04c39ae64021d8c737d87.jpg,0146
4513841142d14050acd35f482d46e5bb.jpg,0441
45154668fb334a69bd512a7633cbfa04.jpg,0103
451c8b3915e74c4486681c66340b176b.jpg,0112
452649f03fa44b6d8e9195fc76b41b9f.jpg,0463
4526f30f9fa14de19c7baef929b5732a.jpg,0190
4529c98833fc4ed2a0dd76ffe212fbd2.jpg,0365
452acb20757d4b24b183ca1c060f5a25.jpg,0124
452af3b5b53f40e898fcacd140bcff48.jpg,0101
452f5008db7d4f17888e393c9c241cfd.jpg,0261
4537d96a85584f3181aa73870bf3f146.jpg,0319
4537f8ca700d41c48de7ca26979c71f6.jpg,0363
4538a961b1374960859d60fd5d847dee.jpg,0299
4539e2d8c53e401d9067919248c935f9.jpg,0423
453b381776e446a18c8fb5809bf3b23e.jpg,0225
453d0c73c5e245cdba9d07b7e700c65c.jpg,0305
453d518b5fa24a2fa7188ca339f19f38.jpg,0010
45407ac4a46b42b1aa3c5c2d59701792.jpg,0425
454136b7ca5742ca852f488cddfdf541.jpg,0252
454556dd070d4edcae5ab361ca7992db.jpg,0362
45489f89f4154f9fae57f598e4fbc6bd.jpg,0248
4548c9b7dec04ac785d3f884169297ae.jpg,0089
4549ae2b023c4b5f96e94f9d22e87cb9.jpg,0002
455057b551544ae89e919724f06dad77.jpg,0400
4555484a1f09478c9bd25ef839175dd5.jpg,0138
455a8111d6fb40139418158bff13ec65.jpg,0032
455b7fa77cfb4e0bbb84a65dba07ca2a.jpg,0401
455f8498734640589abfe32cb7f6a3d2.jpg,0168
4562837b7e7746588a36795d0b479825.jpg,0126
4569489ed5a540199144e47da11e3f06.jpg,0186
456b9c1d9588494f83403bcf0b4c2c6d.jpg,0107
45771a5e5a354bcf8fcba487827ad6e9.jpg,0254
4579edc1b7754adbb4ab2d8881610890.jpg,0134
457b3f2ec3fb4b0fb7a826071ee85a48.jpg,0149
457de3d3cd1342e69d788cf71c91813a.jpg,0430
457f0a4f86e9460e96fa97ea88f4543a.jpg,0014
45817814a9b94a52a0da0068978806d5.jpg,0131
4583008453b64131a739c903e32c4922.jpg,0276
4583b5957c7148d283e3efeb22664f1c.jpg,0082
458437d79c8c450cadfa680710d0b9fc.jpg,0391
4584d2d9babb4818ad64d00f85aadd70.jpg,0397
4584f9ff6722457b8d2dbde1325c0f1d.jpg,0221
45864a26058349f98439ebb21cd548bd.jpg,0445
45872df9caf349fc92cdcc4e1c4075e1.jpg,0027
45898573f59b4a7fb7b9e32bc88c3a4c.jpg,0403
4593be36d2004a76953cc70b7b526d09.jpg,0243
459ab95699da466ea4e6dff12914581d.jpg,0054
459bd24a2d0a4b46ae0691501a594d73.jpg,0419
459cd23a20d04cd6abd46ce8ca7bf309.jpg,0299
459d32779e9345e1a14aba7f497f0ecc.jpg,0244
459dc2e5a5034749ab15ca851651c2a2.jpg,0407
459f27660f9e46a8ae906d6eb3246a1d.jpg,0181
459ffe6cb8354a47943012eea2734782.jpg,0421
45a08e1137214365a9d29d9133fcd2c8.jpg,0466
45a5d33bc5ee4e1cb0c8e1f00b37f361.jpg,0320
45a6beac7a6a4b7db4ab5814f586e837.jpg,0433
45a77aa5223a40129ce1c5125d655746.jpg,0128
45b3db23a9ac4844aed31947f0478492.jpg,0372
45be18e95dd74ac5a5c8526b283204cf.jpg,0064
45bfd4c15b984c8abef3446534c265f2.jpg,0103
45c1c0ae4b8946f19faec19d2f4487c1.jpg,0290
45c2fbd777c045839adbdcc240efafe5.jpg,0417
45c6bee847ee4492b026adef35d46485.jpg,0052
45c7e3359f29485a94c2a4643b5df533.jpg,0092
45c9b7bc8a554429b6f5fd2647a8b5ab.jpg,0222
45cb3888f60a4d4f9a8181cb37423dd5.jpg,0005
45cf063a923e48cf8ca1ebf0680185a8.jpg,0006
45d1c89e90d34cc780f489324a45411f.jpg,0078
45dbb39701f248a08b52cb69b8ef5649.jpg,0361
45dd966c490c4ba890b8583da1d2dc87.jpg,0036
45e2fcdad9a44eb0b1abea364fece67b.jpg,0279
45e31806b27c46d1b74c826c20085b12.jpg,0058
45e82ec3d7764a808b24fb1caa154a6e.jpg,0409
45eb83721b43499584634be8d8a46486.jpg,0044
45edd57857fb4aa8b49e47f3875ee18c.jpg,0296
45eeb05615264fa99b7b96245344dd9e.jpg,0076
45f583eaf0a543cb90a9bddf901e86df.jpg,0309
45f7570a2a0a4cebafb0bff37d9ed947.jpg,0293
45ff20987f504814bcc825c9c43269ee.jpg,0017
45ffa53971cc4b46b90a85f9b9cb1937.jpg,0156
460061567bc84c52a8423bf5ad767749.jpg,0009
46018e0ee6cf4ee2a560e7ad56e6e277.jpg,0216
4601bcc6f10f419b8526cb25ba3c7b9a.jpg,0141
460a6fd751d648bc9033b4215f6c11ae.jpg,0461
460c23da06ab452f8cefe8e1d7cf678c.jpg,0340
460cb60001864afda9f36947bdfd8fb7.jpg,0243
460e92f6df2d411ab0fe385d309ef5bf.jpg,0193
460ef0aa60a14b8eb15cb1af5fd56063.jpg,0067
46136d1d7f3843a48bcd02d7a6f92adb.jpg,0069
46162bf81cdf42c68e9e9d155e849c60.jpg,0096
46168fb2c9874539b9e8f742ff35eb99.jpg,0390
4618e9a59a264b918cfc79ed78507d1b.jpg,0173
461921fad9054910bcc15496208d5be6.jpg,0418
461b53b8b3c74a1381395e5a47b9687f.jpg,0204
46247c40a3984599b4bd787acf66dd71.jpg,0241
4628e873041b4ea1a0a12c5dbdc9f166.jpg,0118
4629da8a342843dbb3391230380a1c25.jpg,0295
462a0f1fd58349c9b258485f37343362.jpg,0411
462a252b95e0407d9f7d7daee9521f35.jpg,0090
462da334cca644328d4f3e1b677d9b6e.jpg,0435
46309e3a3d724dfbb1234094788ec423.jpg,0445
46324c80427c4fe8bf4dfc7059aee6d6.jpg,0060
4633e28cdab64c1baa6e9bacfab53c5c.jpg,0329
46342c315d574999891d16ee64748e94.jpg,0372
4634f346b34d4a2482fd35e35639b7f5.jpg,0456
4635e2e145594c9180bcd1ab74aefd48.jpg,0271
46370cf2ee564e19b0ad83501a676efb.jpg,0373
463a7d61da57453c911b829e2265463d.jpg,0323
463b83783e7f4a8888c2f61390e9325a.jpg,0088
463d8755d0e34055839ceede52c35ff0.jpg,0316
46422e25caa64fe9b7c4aa86c1d77a80.jpg,0499
4644c5c1bc654c74aa0883bc9db4271a.jpg,0327
4644ef1be2c942c596431621882c0d08.jpg,0332
46451cbd17594700a327fa12bf938055.jpg,0094
46477e35ec164eeb8d3d2657d1ff0aa9.jpg,0245
464a0b5d4b45491989effa9c6b907043.jpg,0489
464d17541fb749d8820bd077f2923164.jpg,0491
4655dece8eeb455f96d805d7b8e7b610.jpg,0425
465bf6c8eeeb4f59add0356701495a8e.jpg,0173
465d795870694fbc9772e62b60b5f352.jpg,0036
465f6ad5d1654ed4bcfbdff3d7a2ccd3.jpg,0382
46617dc31f02461f9695353ac679ace5.jpg,0059
4663d0d2279a4b08bb3d93dd08327c21.jpg,0460
466406d39ca44255924c9487a3e46fe1.jpg,0428
4664f727f6f1470999857f68f04d29a8.jpg,0100
4666f9b4e6d64e50b8203ba255e85a0f.jpg,0476
4668eb80886b4b57b3889ef422862842.jpg,0387
466c136b2dad40b48fb47594e962372a.jpg,0456
466c6604a8b147709e365564a96e39d4.jpg,0376
466c7de2f8ea4de3bb702cb095ebea00.jpg,0483
466d62a778db43e5947bd7d9f3e0f829.jpg,0179
466f8af0c4dc4e8aaf5db3f1cfec4b39.jpg,0065
4670c9e9865b4a6f80b6b8ca6810745f.jpg,0363
467bf43979364f0b97ccf34fbe9cc306.jpg,0266
4681aaf0162c45d6b754f095e65fe306.jpg,0319
4683149fd1fe473e86a66e605128edc4.jpg,0305
4683ba6d259b41279f7cc3af060bda03.jpg,0156
46842f71749b4abe877b734e9e0120b3.jpg,0166
4685a520764d43e5bd3b5d921b3d6a63.jpg,0106
46866ecaef794973a073bfd3e5c5289d.jpg,0130
468b4b94aa53426a97702542fd185436.jpg,0103
468cd83d8a9b4fde8c7b7577d6291154.jpg,0335
468f3d91cc5941cd9032d63953f04888.jpg,0168
468f7db303c44cbab79e4089b298d012.jpg,0304
46911bce2817499784246f274e69c442.jpg,0233
46949965810d404ea6c4379bb04022fd.jpg,0002
469a0b2a6bf84995a6c6a593dbd77f04.jpg,0136
46a04346dce8460589dff1a02821aec0.jpg,0296
46a2766b38cd4d99910ebea7cad6cb25.jpg,0113
46a38598436346cf935a4a532dab85a4.jpg,0155
46a3c752f9d94e33b8b6cc04bba85dac.jpg,0090
46a52b96be894cac87b830a8fa7d07eb.jpg,0027
46a8506e7ae24338a5d8ab22b6dd87e9.jpg,0079
46a868b986a04b58876c71af52e40b5e.jpg,0007
46a87d51ac1c4c62a2b48ec88afd0d75.jpg,0154
46a98c46645a43a5930f2d18e167e169.jpg,0439
46ac53c9ffc843219a1a257fa119aa11.jpg,0315
46acf0f29fdc43d5873485ade4f00b6b.jpg,0311
46b037dad3b743f98b8860bd99c103da.jpg,0227
46b105095d854d5a8df4080afa6af81e.jpg,0387
46b13d2c86dc49fca6aa5147826b08f6.jpg,0086
46b4c58e933541f5b1f63a360423eb3d.jpg,0241
46b6ab8ddcf443abbcc42c40e6a37e0f.jpg,0100
46b6b9bcc4c44005ae6b8514aef06ec0.jpg,0260
46b9a54673a8446db73484d28fc9f66e.jpg,0257
46bb348ef59b49358d2ff870b8d0ed7e.jpg,0306
46bb42e8097649aeafee4e1da95fea7b.jpg,0327
46bddfbfc5ca4812b198a0235911b6d9.jpg,0091
46c944f1c75440be94ebb7786f21519b.jpg,0080
46c97eb2190941a08cdd1b63ad5a493b.jpg,0169
46ca9d3e8e904057b76ba2a0d8fe6d6d.jpg,0260
46cb1b93406e40e286ff7b4975ff5803.jpg,0151
46d20a1660364b24aa45ff6339414204.jpg,0237
46d26737e49b4c2787d3c098994fd4b7.jpg,0179
46d6d0e767e94bb798dcdaee2836c243.jpg,0322
46d77356c4df499f947cec676e17ee12.jpg,0213
46e0c18dbc914fca9d8e7359ef9ffa23.jpg,0262
46e0cf702df44af49d2741109c992858.jpg,0369
46e21362d7994b7787dd2b82bebe6a86.jpg,0462
46e28c6a738e4888b0e1d35796a72ca8.jpg,0221
46e484ad5f394a02b90befd50f99f6b6.jpg,0327
46e5519e3533467e9879180d0eaa5320.jpg,0365
46e642dde0b0471da9a058986dedea61.jpg,0487
46e7acf93c5f45eeaf7251b694eb6b2e.jpg,0001
46e90ad7ee864c38a0351adb7aa9c004.jpg,0117
46eb577572ce40f68f370fe8e11ba12d.jpg,0351
46ef7d4af81f422eb8f43c7fbfdd8ad6.jpg,0357
46f0d7fae4aa4fa7ad7c4fe64a0aef83.jpg,0321
46f144bf344f448da4655b46c7ce0192.jpg,0005
46f56dc8b30b45dc871389912b3897f4.jpg,0355
46fc7c8f65444fda98485306da974346.jpg,0078
46fd9b6b50b54d31834c518f0a65fa82.jpg,0194
4700851f461d44cfb1873e10381932b7.jpg,0410
4703afe2a75d4b129aea79a304e6a314.jpg,0237
470a705dc2274402923a67af515df1b0.jpg,0176
470a939364164f81b1b5c8c8fdafdf95.jpg,0442
4716ebe5da9a4148b0a9966ce1df8909.jpg,0141
471c79ef830e472183860c02639f88b2.jpg,0036
4721225753614c599895d1a420040845.jpg,0138
472910e9ad724aa79f84549db45e13a1.jpg,0299
472a23836e744d128807a676f798c9c8.jpg,0373
472a3d9affe3401e9783f5ad72e0f026.jpg,0084
472a664e258c4972a4b72d1c297339f7.jpg,0106
472f67ef70e44ffda5a594e7bb6d9237.jpg,0401
47310a2c27814912a421c7e835c3638a.jpg,0172
473392611c8946438e9ad9980ffa01e3.jpg,0040
4735d21dcce942d3967f781809d356b1.jpg,0191
473687e60a964123848768cf875d50b1.jpg,0475
4738e4e449664ea7bd89945d06a323d9.jpg,0046
473d749c355947fe9982195578656ebb.jpg,0002
473eb8c85aa548daa2d7de49b6e7486d.jpg,0449
473ef3c8f7cc48278ea570a47bd2bf15.jpg,0001
4740e830adf840468982c55f4d8769fd.jpg,0334
4741fe4578bb42f1bf35bb7d4b18a0e8.jpg,0386
4742bde9a32e457cafe6a2c70c26016f.jpg,0083
474556854f1246e492c2fc1746484e69.jpg,0491
4748155bc78b47639b4cfdc4c9aa5159.jpg,0166
47487d45617e4e7daa96b1c0d36db344.jpg,0386
474bcf560c6b4866bccab1a33b20166f.jpg,0392
474e1852fb7c4fa4825c06dc7ca41ab0.jpg,0005
474e7f0682834e36b17a0797a7c78860.jpg,0289
4751842ba4e44b018921d8699bd6aa63.jpg,0016
4752351f280d4730a3c7fe6e892b56f0.jpg,0201
4759bfcf5df44dbdaf6df0caaa8310ca.jpg,0101
475a7febbf2742ad9fc6783f76c6d98a.jpg,0065
475c45480b234fa69f2a0453a54610aa.jpg,0203
475db7ccdb50437b9270a072c8c50382.jpg,0468
475e98fefbc24c03ac070cb5069bb598.jpg,0015
475f39e542ec4fe19497cd8f7a170fe0.jpg,0452
476060cb256b40ca9e4cc56fb9575dce.jpg,0047
4764e7fdfcea483c90fd2519311087e6.jpg,0222
47677862212d4a26a157eb65bfc5aa58.jpg,0370
47696f0c3a604caf8d73719623269447.jpg,0270
476c9e98b6654619b46c4da2cb7c8697.jpg,0429
476d830309b2415687f29b29b5ca8185.jpg,0078
476e26570a994504a74d736b0dd562b0.jpg,0049
47749778dc08455287d79596e050902a.jpg,0040
477596814fa74398b5913683bf2f5594.jpg,0138
4775decb14814e5b90515284e04bc666.jpg,0037
4776a1c97b884b85938516f5d3ee1b94.jpg,0436
477763e6c1f242a88a21976d4ca5a4ad.jpg,0353
4777640ce82b4a4c948cf094a8249fff.jpg,0353
477a5ac19ff1428c9807463b0f5aee9b.jpg,0195
477eae3ddd344ec79de2748af8460542.jpg,0299
47807cb118b749b48515825f52a698c8.jpg,0051
4785bf21986447ebb36a2f9065eec746.jpg,0351
478a7cb71122440885e6c9e6bd8a08d5.jpg,0221
478acdbf51c247228f6cb988e368a57e.jpg,0460
478e27b190c642ab81bca96e2c7f7ad6.jpg,0138
47917a6f5c714216ab832b2ba406c4ab.jpg,0124
4794970f572540a09d2d79418b5caec4.jpg,0147
4794d87f0ed94e16b19e92f6d8a87f3c.jpg,0314
4799dbe0bf484c0a9daf4b6f6530211b.jpg,0465
479b2337285f4fca8887c50c4dbe3c92.jpg,0279
479b9937e8dd4d98863279430aaba625.jpg,0378
479bb1e0607b4ca0817acb2a4e10f808.jpg,0434
479e39badccb409cb98de0a6d18fcef3.jpg,0163
479f2871bac5415e8dcad8e352b6c322.jpg,0124
47a033218d154023bbc3a983586d6afc.jpg,0108
47a0fad9f29641778572a40502cf8678.jpg,0400
47a37258e6f5409f86670c7e33e55926.jpg,0293
47a53ca20cb64f0a91a32755348a09f2.jpg,0048
47aa278f567045aaad8029880b2f581e.jpg,0365
47aac7c95b8848578ea355b67bf96c09.jpg,0050
47aafa2847124d8bb31b08388f470def.jpg,0124
47ab087a85ba400c8e6edd0852da37ab.jpg,0106
47b1fa5e881440fc87e7a7a68237a38c.jpg,0079
47b535c9509c4a23ac2fe53f175fc4ed.jpg,0209
47b6fe6d1c53449abb1ba177d1a62402.jpg,0328
47b98d134932496fb887a5d41eabb804.jpg,0191
47c13f57ad1c4384833b4a60e7908163.jpg,0131
47c16891d6ba4e3c80dc49832c7bfed2.jpg,0189
47c1718bbac14bedbef6446a719662ad.jpg,0134
47c6593c5f5f454488fd63f82f5bb278.jpg,0263
47c7be9c991d482ca92475f2f2e6611e.jpg,0312
47cef0fe9e4e4525bafe7aff599e8ce8.jpg,0056
47cf4958bf89445894ba92d67c76a220.jpg,0395
47d2be4d1a0b44d59cdfea17b0aa0bfd.jpg,0069
47d780713bf34f3eb9b2be8d0ee28d73.jpg,0439
47da84e92e974e5294a69f3ffad6755e.jpg,0240
47dbc3661013452f85dd422c59d3fc97.jpg,0105
47e99700d2f4464e9ee2ecce3d03ccff.jpg,0256
47eb8b05270341de817dd38093b58845.jpg,0088
47ebf5fc28a1435296a945f48679103f.jpg,0440
47ec6019dd2440c6b61c0024993dcf1e.jpg,0436
47ef769853c049f09240dd9134385310.jpg,0204
47f39dfe759a49cda001e4c11b1896f9.jpg,0461
47f619bcf7bd443ea20741f0246f303f.jpg,0397
47fc11891df94bc5acbc64a7da438771.jpg,0042
47fe62ba917846169717220b935d96be.jpg,0349
4804aa7ca926492a837cfa9091e520c3.jpg,0148
4808ac009ea14e2c900197c277865b80.jpg,0488
4809da22d552484f82543d587dbaa4a7.jpg,0284
480cad31734844cd97ca5b33cf6b8b43.jpg,0220
48102dac7f65415b834f5e8ef7ca1166.jpg,0327
48127184809946109e23bb0dec909765.jpg,0352
48140f4dc73d492e88be278d893cabc3.jpg,0321
4816c00dd1fd423482e7b464f7bffdfe.jpg,0394
48170089cc3043899392fd5fa9ea7046.jpg,0295
48182c2cea8a442c8481e64295301751.jpg,0127
481bd4eb58bf45b899cff53174787d6e.jpg,0279
481c1af0232f44d989918728aa083fe1.jpg,0491
481d9f27702147ffb89274bfaf8d22bf.jpg,0072
481db348e8c248b1a9b1281593b9dcf6.jpg,0377
481ed7a608b74be8ba3f89b74eef0313.jpg,0482
482202ce4266407fb6088dd1f0c3fc6a.jpg,0242
48242f884b9d428686bc09e09ce7c4c1.jpg,0401
48243442cb594aee89427066e2897415.jpg,0450
4824fb8d71bc48408f7f56a35a761db8.jpg,0397
4826110e3cc043d99b0627da9b19f215.jpg,0173
48276afe1aed4f7daec9b358d432ad37.jpg,0359
4829138a3e98480fa693b4cf0a099c20.jpg,0267
482a041e58c54545b136ddff3f97b64d.jpg,0412
482edc6bcd9d4c718ce53d95e1781447.jpg,0347
482ff470835d4a7ea8a55b082a31d413.jpg,0480
48319e0290bb412c959a1d7c9cc9548f.jpg,0102
4831ef736393438da16223637e0ac60f.jpg,0071
4835d79c6ae6497e94efd8940cbd8fe9.jpg,0226
4836a687e04a4bf88e3dc4b7eca34e90.jpg,0063
483714e1a0c34cd28c61c2fead9d42b8.jpg,0140
483994e89a2c42f9b0f290d881a4c818.jpg,0481
48399924ea9e4510b31b59f40aaac106.jpg,0298
483a43dc7fb14fdb9bf0ab367f99a93a.jpg,0429
483b27deba764a56a644f73e23f9b687.jpg,0088
483c97aa492d418ea7e4a2bc8c2fe75b.jpg,0387
483cad95f06b41fc90f82d76c1322f4d.jpg,0020
4840e6265025451395ba49eb1bae4734.jpg,0289
48439012b9824c8b966b68be55faf5d8.jpg,0338
484509198809407a8c848d4100389371.jpg,0051
4845b7a5a251454dae1140d0f3fecc9f.jpg,0109
4846a50103eb4555b5f38ee7f1b37f0f.jpg,0463
484c6d5a62fc4322a7f7c6f4f3f5ae1d.jpg,0386
484d618c964d443c805f7bae10b0ffba.jpg,0441
484dad5a227548939e796156404abe4b.jpg,0384
484f19e135fc416dbd24fecc6140f46d.jpg,0264
484f73c6b062433ca99f4581bc5256c3.jpg,0082
4851c43558a14279981d7809283f6732.jpg,0160
48527940ac884c42836620abbe8024f2.jpg,0220
485350fa43264602ab2530d103003537.jpg,0191
4857a7b4d2b1401e8e98d873f8404e33.jpg,0449
4858f9e57bf041d38918a0594910dc0b.jpg,0047
485dd0d1b2594772b0acb4a210b4ba53.jpg,0250
4863886701cf4eda8ee929260b6df7bf.jpg,0251
48647fcde9dd42bfab3eb7389525dcc5.jpg,0085
4869e1d035af4fa39ffd64d36c691189.jpg,0132
486aa9edb7e74b36aeab046619a11db3.jpg,0165
486d0a76915848db8509e93fa439c00f.jpg,0017
48768618d7124877b2eda8cc166f2a71.jpg,0297
48784523256540a1acc1e62a3a9dcc94.jpg,0232
487942f774a54b08bac39e526b59a3de.jpg,0173
4879ac64e4eb4579abe3def86fa4314d.jpg,0260
487a8ab95a0b4b6f915aa99be45be2e5.jpg,0177
488084993c3a40fbad94aa55ff2a21b5.jpg,0293
488327dbbd764bee9262f3cb521a11d7.jpg,0158
48865152099949fe9f736b5a15aa8df1.jpg,0160
4886917e03c74087abcaf360ed837baa.jpg,0393
4888ddc2e37d428f9d5cec34c8badb21.jpg,0063
48935fad6ca849bab04bbcd130a1d100.jpg,0416
4894317ae58c4fedb55b6ffe1834d401.jpg,0204
489497d4485c4b838d7f011fe4252dfa.jpg,0404
48954199deee4fb69affbc1b8dbc8058.jpg,0083
4898a75930e9479bac782671f56ca6af.jpg,0380
489a487e35944a2b9b88b8bec18cb280.jpg,0433
489bd28cbfe64e6688ba6a71ad4cff6e.jpg,0278
489cab11d23e4f8f8552798d30d1e9cb.jpg,0341
489ed78b1cd14c7a83c539e399c49c28.jpg,0035
48a137016dcc4bb592e443b5aadcbdeb.jpg,0411
48a154e2ebec4ceb9360a40c9c919b25.jpg,0169
48a3490fcc24468481c3dbb2345f9956.jpg,0168
48a41096cfb249de96110b24d7dfb026.jpg,0348
48a5bffe69f64b71847e010a7a57e913.jpg,0417
48a8b561db1e47528228c40748cc7c48.jpg,0119
48a9361c215c428a8646d0d51e9c7065.jpg,0391
48aae605d5474d1ebdf5155ff09c6edf.jpg,0346
48ab109619244dd39a4ccef877bee08f.jpg,0041
48accf40696644c4a3bffdd8f66c9e34.jpg,0289
48af3dc61d364a65ac8852563cb08129.jpg,0060
48b2f5f8f3074f159a825237aea61dcc.jpg,0344
48b3a4bb71804dd99e303d182321dd0d.jpg,0171
48b3ce1ef276418b95cccbc0eee9b442.jpg,0218
48b4e4f3d6fa44e4a61a72636e57e8a4.jpg,0096
48b5564fc163446f82d17592a3c19a3e.jpg,0284
48b60392cbe84958b32e9ae49d7a816a.jpg,0461
48bee5a2c3834819b927cb0540668d33.jpg,0431
48bf82f8488849c5a2e1168e0402c6d5.jpg,0039
48c560275d5841aaadaa580c7f9ed1da.jpg,0310
48c58e5db69d4186b59205e462ad46cf.jpg,0401
48cbc024a7264054905c2b497840aed0.jpg,0300
48cc7bca5cd5456282d517580f760113.jpg,0170
48d1bf72ad0b462b83631707147fab13.jpg,0076
48df1e8b578545adb96a7c7e36cc23c6.jpg,0240
48e5996d58dc458aa5cb109d99599500.jpg,0288
48ec252d07934361a3f10e4ea5a41119.jpg,0138
48efbd338e464fcdab3671e97cd0f557.jpg,0116
48f2b2a47219456c85ac59de4b35d27a.jpg,0495
48f5dd3eacc8417bbb93d0f34ce974dd.jpg,0001
48f6ee8de66c47c9b502010c32dc1aae.jpg,0089
48fcee0d4da542c3a61156f855ddf12a.jpg,0222
48ff3594b91c4b2ab523a0ae1366933a.jpg,0187
4900a830b54742149f242f5239752657.jpg,0042
49010772959e42758da1a1e3f6eacc4f.jpg,0478
490355a5ede943cd9930a8e602e84504.jpg,0002
4903754732b442b2a2010f8016f11a50.jpg,0104
49049487259f499c82050f592460c28d.jpg,0485
490789a0c9c643f1ac299220c31c85a7.jpg,0065
4908abf00a53418b980c7cfdf1ebb53d.jpg,0355
4909a6a750cb47b19974280e0a45181a.jpg,0254
490b7be9715e4136a6733a6bc768510b.jpg,0476
490cd3e87d264834ad51f6a63d86ebea.jpg,0224
490d15691aa5446996a718e7bb42b268.jpg,0450
490d19173b8547838e7850c55885d0b3.jpg,0182
490ff28641c9478e9ce70d3a263900fb.jpg,0358
49106d55c1784706ad8aef2a98244ac0.jpg,0262
49108f4f55fe40e7b372e7f567018363.jpg,0495
491135b08dcf452d9b4ed4c99471e6bd.jpg,0170
49125d10bad14ab3a8e363777a7e0504.jpg,0141
49129d92c9964f00932c18e3ca598214.jpg,0180
49147042dcf04749b843e771192b4423.jpg,0259
491689e5eefb464bb3973ede154e3eed.jpg,0245
491cdbfa39254e7a9d48961da89451d4.jpg,0371
491eaec9ea204d49b058b5f4708c39ae.jpg,0126
491f89bd38a34fc7a56096935050a2d8.jpg,0023
491fb62955eb407db5c438ad5cf42a76.jpg,0329
4926f88cde554d51a0659c588c9b32df.jpg,0117
492846b2d4024ebea5db178ec41ffe3d.jpg,0036
4929e562bab34e7c96608fc56b48ff05.jpg,0010
492ed0c3d3e74f6395589ece77a139a4.jpg,0281
492ee84797be4ca18a354b036214f8e2.jpg,0442
493c6323aa9c453d8d8e11d36ad1fe92.jpg,0095
493e04218b7f45e781c486450a73303f.jpg,0467
4940ce253b1e43279dc4f4d0d8fc075f.jpg,0356
49422c8cd2844212bec77364fb67ac81.jpg,0325
4942a53e06254640a6a65aa9ae4b1bbd.jpg,0290
494dc85479c7488888e368f6bc2eb03e.jpg,0238
494efa1499d14e449ea05c3e957d91d8.jpg,0457
49535c1b1cf1404cb4067bc9080d91b0.jpg,0352
4956ba79320341e9b8c7bb4189f8ee46.jpg,0147
495a49c453e84d31a43dcc28851914d9.jpg,0306
495b2661878e41e2ae7d26d9a491222a.jpg,0176
495bd40fb2f14ce5bede9c52d97c5d31.jpg,0445
4960d5642cb347b0bdfee31941de5234.jpg,0053
4963f8bb782a45baab724f08c8a8e60f.jpg,0188
4965b68a0e7149cca2aef50e348f165e.jpg,0080
496904989eaf4242bf6620e21234ef4d.jpg,0336
496e214488e74644adb1bc2a1108ac36.jpg,0385
4970e4c7138c4e2081d41b72d697afaa.jpg,0362
497282adc4c24387bed815308ec306c2.jpg,0054
4973d7461c9d4dfd9a906cd4d7102a98.jpg,0436
4974bc1a515441ca8df7fa439c29c07d.jpg,0222
497963b8a626489dadb853d7db99b7a6.jpg,0007
497d4eaea49643c1895de650a476b947.jpg,0320
498832f6c6334e27aefbdd2eb469f17b.jpg,0089
498be0e2f39842579d64e287e3e0d748.jpg,0455
498d295df1984222b6b40fbc4fdad2ff.jpg,0310
498d8c3bf1724f1ea2f6bddadf1cb0d0.jpg,0094
49924b5c6ac24829ac8dcbdc17d0a1b9.jpg,0076
4992884c1dfb4f7ab4c58b3c2e1d95c0.jpg,0070
4998223a16de4775b7ea8776d20e3bd8.jpg,0174
499accd2d51b4099b3d0c2cd1222c628.jpg,0133
499e29178d2a4c7ca613879d3c26be47.jpg,0074
49a36a38dc45423abe8ec4155033b0f5.jpg,0106
49a3d9d29bd2455da616792c7df4d1a4.jpg,0385
49a704749e154dfe871465d4b17b578d.jpg,0324
49a9e5f1612b4e9e973e51f6e60044ee.jpg,0250
49af4b4ab8304b5fb7aa6d6f6ef32f60.jpg,0264
49b2cb6a14d241e4b16df7218da18864.jpg,0000
49b4e2f151ac4788ab202557f1d29f94.jpg,0492
49bd4f810b974be6bc1894c7c1f2a299.jpg,0134
49bd9ae4aee141c29a30aa3761090167.jpg,0104
49c116ab54d147b085d367a21c5d6257.jpg,0394
49c23eed64ce4a189bbecf552b8e76d8.jpg,0271
49c4bed5a6194025bc10addffe557549.jpg,0150
49c7da56d5a14364b7ba76d61d1798bb.jpg,0226
49c8591b234046f49f5ac1f864570e34.jpg,0042
49c918ac9d154ab2a5415aef40e06684.jpg,0039
49cb0a7e71c14bd080ffd24a36e88000.jpg,0264
49cc8e137be74d33879c632d6de82daf.jpg,0008
49ccf55606034f82b2688e3f9691abc8.jpg,0274
49cffb1366ce45e9adc776d6ace90fb6.jpg,0129
49d08ecdbaf74455b7dabd5ce20d012a.jpg,0168
49d0e75479bb4722b94542addf4b1d41.jpg,0282
49d1a3aafafa4e0fb0c78516d3e59daa.jpg,0291
49d1f2148c4743418f9c76dc291a643e.jpg,0073
49d27a9d959a49388ed7534088b32895.jpg,0223
49d2934b54fc4ddfacfe52b8087ee42b.jpg,0136
49d39d4e1c014d9693c7022a282e4bc1.jpg,0138
49d739e400de4d0cb27c14e67c6a5559.jpg,0417
49dc2489f59345dc9289ecbb2cc0f60b.jpg,0079
49df923d8d854e43a304737a7f62106b.jpg,0302
49e4af3a47d94689a19d13122300fd82.jpg,0004
49e61923ebf34a3aab1c41c37fbe5faa.jpg,0178
49e919510d9a48209f7c7c574c68747b.jpg,0453
49eacd7559814cdaa5c774d2680d1c58.jpg,0247
49ebe4b9ea6744f89498cb138ae92253.jpg,0420
49ec2876730f4a208d39983425efa4c0.jpg,0335
49ed3e24c52540d9bb6edecdaa053d90.jpg,0367
49f7cb797542442ab67d25271ffb250c.jpg,0175
49fb9c653e324a9db757d8a4cdd2c025.jpg,0041
4a075f7b026b491cbbc9eb79b1fe76d9.jpg,0204
4a1a6b4f8c8f49c8a6d7a8d208c2a72c.jpg,0315
4a1ac70d22c6493e830e15285ec9a8f2.jpg,0356
4a217ec216514d64bc595c3810b94134.jpg,0312
4a245d3b4f6541a5aa8b5c5e5464b497.jpg,0102
4a2510ed2c0a4aa7a3ccce89b82841b5.jpg,0167
4a271e7d2a874c628ffb02fbb4b11ee8.jpg,0032
4a27fd604c8142e2967d11f92cbbbf53.jpg,0049
4a330cbee90c4081b821c4965a234162.jpg,0035
4a3afa6a87174b1c8ee3557bbefa43c1.jpg,0073
4a3e347408564e9fa30576f54e1316cc.jpg,0446
4a3e69092439486f911a5ca46affda91.jpg,0113
4a3fa96f4eb940e2a98af509bc7b449b.jpg,0361
4a41af0ebd18486a8ff6ab33bb2f0414.jpg,0100
4a4649b39f1449d08bbabfb4ec5d894b.jpg,0122
4a4dd85267ab49e7aa947ce8dded46cd.jpg,0113
4a4f0f23f4be4e609968c6bf39c2a7db.jpg,0104
4a5369bb448345a08479a30aa14a4149.jpg,0253
4a574fd981864f5a8c585bc4b39292c0.jpg,0207
4a5803a7c1e14e269fd66fe533d0f567.jpg,0127
4a59f50f406f49408e9f3c4bfc96877c.jpg,0177
4a5b2fc00f304178a2a3222090aef750.jpg,0160
4a60197df4bb4065b4b58846eb9adb08.jpg,0230
4a60618a8ea242868513aa0e98afc3d2.jpg,0463
4a6359a786e74f83a95a8d38e7237a38.jpg,0437
4a63c927427b4b1b93983c500eb0cdcb.jpg,0115
4a63da87be2b4cb396630df381b246d2.jpg,0345
4a678a18a97e44cca7814dd98a7c24f8.jpg,0193
4a6b4c79298544d9ab9337bc27329870.jpg,0373
4a6e061bd6ae4207a623773129f25f23.jpg,0229
4a71e4d9c2184741897f3c0e0eccab1e.jpg,0214
4a723c701fd9414db061743e5a04d268.jpg,0228
4a735344b63f484eba500e0e3ddef404.jpg,0450
4a738b705aaf41e58e08ea0a8a6b02cf.jpg,0275
4a7dd3fc0fd34f04b64f2c251ed6d5bd.jpg,0351
4a7dd747ff5e41238b23ebe9be5cd2bf.jpg,0029
4a7ea5cca694416a8b84932fe4096603.jpg,0239
4a821293d3cb4c91adbd9d905eb69176.jpg,0034
4a86db64d4e34f5db6b1fcd44fc02ddc.jpg,0213
4a89e3b6d89f418c96c951e5aa1757a1.jpg,0239
4a8d93fd92504edf92436195048c357e.jpg,0236
4a8e2adbda49478f83162e5ff5c0f0d5.jpg,0059
4a8ee0805e184bd6b6c46583817d332c.jpg,0008
4a9288a04ccb420da602347b4a9d3d9b.jpg,0487
4a94fb6d481a4730b1a52b03782f6728.jpg,0089
4a9d309e7b004e879eb0cad5ae3202e7.jpg,0350
4a9d44bf89df4e7d99fe2e67d12d2545.jpg,0229
4a9dc95e0c044a8da2d3334637d21676.jpg,0043
4aa0a9700c694b10a6f19ebf700aefa5.jpg,0386
4aa1f0fd30d84781b3efe9be3a06009e.jpg,0466
4aa3805b33f247aea735556ff6b868d2.jpg,0378
4aa6a5fc923248e896b74ec7664ad48d.jpg,0359
4aa72d845fba4f15b973a2c73e23806b.jpg,0449
4aa76ff31eea4a18be3b076b2ed46367.jpg,0304
4aabc8052da145a3aa85cddfb7da1020.jpg,0045
4aac8628056b48318034570678b0179a.jpg,0465
4aaec8d918b947ffbb907c750eb78a4b.jpg,0233
4ab2dfdc24604006af8ca9c4c30aba50.jpg,0316
4ab4d7520d6e4bb9989cdfbd8bf539e5.jpg,0073
4ab8e41f0fc84507b613a0296618eb5f.jpg,0390
4abae2aee7f2478fb1c61ad8cca78a77.jpg,0447
4abfc55281284a13a0f2763d5eea8ca2.jpg,0252
4ac20e202e5c4678955f91df4001a412.jpg,0270
4ac2f9c245c54064bf5a5bb309ffdf6d.jpg,0411
4accd0bcfa0e4bbfa462bcc6d8eeef4d.jpg,0323
4acd4b6a53a540bd8d5112ce19acdd79.jpg,0074
4ad2514c664f4b82b43a56be269648b3.jpg,0014
4ad262e1b32c41f294226439d607c6d0.jpg,0016
4ad480e6735f478ea822a4cc84a0b588.jpg,0458
4ad520c2395f4274ad1462128f522926.jpg,0488
4ad597d404bb42a6b6119c46ba5b5973.jpg,0198
4ad636f3df414bc788955345c8d23184.jpg,0141
4ade8562b716408780976e3c9dc050ef.jpg,0017
4ae26df3bc3d41a3ac2883b4a4fc13b2.jpg,0315
4ae36e1dc0e44432ad63fa876f0f59d2.jpg,0155
4ae3f466406c4709a3882fcac49c558b.jpg,0331
4ae49076305d41379454e68ce476906e.jpg,0179
4ae4b26d635e43a19831336fd8385fa0.jpg,0094
4ae77b8bd57d4fc1bcb41140649c44f4.jpg,0226
4aebca768ddc468f8535c22f8f8f2d66.jpg,0036
4aeff5ef04564d9e9a8ed0cd653638d3.jpg,0451
4af08a71d0a54fdd8e598d683a9e81df.jpg,0045
4af0fdd9c03e4fb6b3aa15ebcf1ddb57.jpg,0142
4af21f1cb8754d7ca0ebc26e010c8b4b.jpg,0225
4af270768b0a4afe9eb404707abf6c6a.jpg,0048
4afae8ba292b4e5480e533851afc0f10.jpg,0120
4afd2478dd9744bda2e262e60b5e2eda.jpg,0046
4b0049649071449da398b5d9aa42c037.jpg,0481
4b00bf36a64b41d9aaa78dd087e20d90.jpg,0123
4b04d265700e46b8893a722dd2838949.jpg,0056
4b04e511145c4934b6a072ea41797c96.jpg,0110
4b0afdf0d90243ca8e20faa084a4f01f.jpg,0093
4b0e0c6ed66b4a278fd4bc4cfa7495b1.jpg,0032
4b0f778346bf4a2eab90b9f112f874b3.jpg,0197
4b20720c2fa84edf99c9516721fdc180.jpg,0384
4b238c33b18f4b39ad26a8fc05ef449e.jpg,0280
4b265262b5714598b847925883f41f96.jpg,0157
4b2811fe075b4d98b5385a0f41c247f4.jpg,0169
4b28d8b075c34f18a4f85dc770aded0f.jpg,0356
4b295d505e9f497291bdfd0444aef89a.jpg,0274
4b2a64ca365e448d8ef04ba8791c0498.jpg,0496
4b30115bc49543a482dba3c2953b9aa9.jpg,0092
4b349b5212164a92a5bbe555cfecdff0.jpg,0052
4b36aae64fba48899aeafb272cd4dbde.jpg,0304
4b3a7bc6f63f47629202fa4b4b25ff6d.jpg,0203
4b3fbf126cea4ef896040befcfc6ba8f.jpg,0345
4b439c2940374e9cad044dc25891ea50.jpg,0228
4b4462f3e73a4709b06cee5f37ef5f57.jpg,0348
4b456353128c4d6aacd83c4236b15df6.jpg,0156
4b4a960ac2e64847871f1dd52bcf360d.jpg,0074
4b4aed48381544c29e73ca5e4232bed8.jpg,0199
4b4c4a68f6fd4cc2b3cc9f66930fdd71.jpg,0262
4b4ea181dc694ce29ff92f91f58bdc2c.jpg,0382
4b4f72fb384a4d3c9104cfeb5f46e169.jpg,0406
4b5091b41a3548c1b5786339d5019c82.jpg,0199
4b52bd18748747d5be7224a369c7cacc.jpg,0387
4b5321a5e2e846c296df1ae48b70362c.jpg,0308
4b54346a5109496386af19aa2f6d3c97.jpg,0098
4b54d9fd514949789c439a468e067ed8.jpg,0158
4b54eaeaea334df5b8a425825a573034.jpg,0190
4b5750b309f446aab8ab9cfde5bfcd1a.jpg,0300
4b5dfe27ca724c95a64491056e64a6a6.jpg,0418
4b60a649d00f4398b0236bd7c887cd70.jpg,0260
4b61f05c44024f3f8ab25fd30953f5dc.jpg,0436
4b63c61c7dcf4cee985c5e5e1eb1b09c.jpg,0342
4b63e2fdc3564822ba7fb17036c18e04.jpg,0225
4b649817f7514661ad046d0641592697.jpg,0250
4b65c01e0fca4fba909a17436a207f0c.jpg,0326
4b67f82f9acc4dc3bb9da8c1dbafde00.jpg,0360
4b6acf0160a04f00bd7cac2dcf0555d6.jpg,0346
4b6bc353afd04d4b96367a63794807ac.jpg,0063
4b6d5b5663a54c4591a23149747624fb.jpg,0187
4b6e6d339f4f45b58cbc47d1edc7da2c.jpg,0368
4b71e62e602a4569a652eb81fd88a275.jpg,0112
4b7a631e88604182b1c693e192a83e1e.jpg,0425
4b80c2f628a64fad906628bd00c3e893.jpg,0186
4b8294d6f6914ea484fd58952a17aaf0.jpg,0318
4b833c8a6cd5417bba6b03a768cb4f84.jpg,0310
4b842a26f47943288e16deda76eca048.jpg,0374
4b8d7dd3b5c94059bdb981031163bd2a.jpg,0037
4b901405e47343fdbf29ff0dcb7daf7d.jpg,0453
4b9527f0ea9e490097e89591a5a0e736.jpg,0221
4b9e1aaf525043b088ba059cf1da5ebf.jpg,0461
4ba1e5ac52ac4a3a91a782a5ae9a3c0b.jpg,0257
4ba3a4006a07418d9fec577a95c31c5a.jpg,0304
4ba564be96ef4d988e68042df2c73723.jpg,0108
4bacdde95699436ab763f74f0a3aa83a.jpg,0460
4bae4d8569ff42fca0fe31c127433d3d.jpg,0355
4baf7da23cc7423c85024d3ece8099f7.jpg,0495
4bb0143889874c6b86639e4a0da586f6.jpg,0418
4bb3c0e5f2354b3dbf54dda4eb6ccc83.jpg,0178
4bb3e8eb25804ed298da640a7d654cea.jpg,0380
4bba4cb5fa6d46cda51bf75db6dab503.jpg,0410
4bbce8387ce041589f04de36f719d705.jpg,0379
4bbdf7969d4b4b338eefa00d4ce4d016.jpg,0011
4bc216aa05af42da92c5404783335c11.jpg,0212
4bc358ab82444794977c235d44528d4d.jpg,0147
4bc361d36ab54de690f187095f6e7abe.jpg,0142
4bc51c9233bd4d5586822849ac5015f8.jpg,0362
4bc9cc34fa0646ef87e5cc47f10503ca.jpg,0078
4bca1fd1ed2a4aeb954370f9615f8eb0.jpg,0434
4bccbd7574ac4ea98b792fe498a0e5ca.jpg,0393
4bcdda180be94e55ab54feef408a7c9f.jpg,0301
4bcf3599d1a04942802dc5d75612311a.jpg,0356
4bd2dd9075fe4e2984468285fe2119bc.jpg,0128
4bd5484bf4934c4c9a5234be7d920740.jpg,0427
4bd85c3f3ca54414aef37447b28491a6.jpg,0363
4be33e19575c4fee9f6e46955ce13dbe.jpg,0393
4be5dadde5b64ee1a47d95c146e90dc9.jpg,0093
4be799208bc74d558be06bc975a18a15.jpg,0057
4be8df74b74643eb9d0bd88dc243e1b3.jpg,0096
4bee7e435bf44df6ba99bde8a5598160.jpg,0488
4bf35e795c6d4d9b8cd28b763c486ba3.jpg,0041
4bf391143ec443a4957b97215f06e79f.jpg,0364
4bf5611e2d224f6c9f98d99dabcf5d67.jpg,0406
4bf5671733dd4b23af94da207ff9699c.jpg,0020
4bf8aafd802b4c7ca0302a8873ec63c1.jpg,0162
4c07077efe1f48e4bcffbe5d6bf0ac78.jpg,0376
4c0b9180f1b949c7a23f4d893d8f50c9.jpg,0140
4c15bd1c62174107973ced0582f67c2c.jpg,0237
4c18664160d6417f864030427c4056d4.jpg,0156
4c1ecee06b2140158936bd31cf3e04e2.jpg,0490
4c24aa6b9f4e4373a4ffe305e1fcf346.jpg,0471
4c25f3aa57bb4f7782a138bc3e1bb345.jpg,0066
4c26794eb9734fab83c25ca0faa41d2b.jpg,0299
4c277f142b1649bc8134d04aa1e40524.jpg,0087
4c29db5d96e74dda953078183ee7b831.jpg,0122
4c2b0f1274db4631977d823684c7e519.jpg,0051
4c2bf9cd071344128c00067ca9871c10.jpg,0102
4c312275e0ee48529a969b2fdaa22da3.jpg,0197
4c32eb96f1914987b8d791be6f1bb11b.jpg,0222
4c34c44efa914c6999fb6e8f93df0172.jpg,0498
4c366b89d1804c89899005b4d9f195e3.jpg,0015
4c36ffd1b5b743ecaaa45ca0c7c3553c.jpg,0000
4c38a049009c425c800036d50b6a1798.jpg,0057
4c3ac0a89dc546d7bc2af6eb21a4f656.jpg,0407
4c3d551b75be45efb5bd8c7c3a74cbbf.jpg,0306
4c425bb8bc0b4c918dacfeb0c2ea3102.jpg,0334
4c4c70e9ac694d71b49d026d38214df3.jpg,0413
4c4d9d245d344c159e8370ce8f56a76f.jpg,0335
4c4e0f30d76b42679401a3c8dd03e36d.jpg,0438
4c51012d72834967bdd481e9146b85a1.jpg,0377
4c53d1eabf2e4ff3afa46a6f983f1ae5.jpg,0291
4c56c4b40b564dac81b643342e35f340.jpg,0113
4c5906e1e5bf48179c53783cca904c2e.jpg,0177
4c59527e716549feb973de324a33ff65.jpg,0302
4c5b2c07f2d6489f9f68bb994dda7877.jpg,0385
4c5cd3326e3a49c29b30d15b3773de25.jpg,0438
4c5e667201164d19907749080c320587.jpg,0448
4c5e7e2f95ee47849f49318fbd198456.jpg,0433
4c6127a6418f43819eef3be100cf7c80.jpg,0348
4c61663047904633befc3667fada059a.jpg,0045
4c618fe18b1c4a25a2daf327902f6d27.jpg,0430
4c660d82a98f4b0eacb4cea82e579dc3.jpg,0311
4c67e890a90a48e4b859839c3f0e61f3.jpg,0455
4c6c6ad670fa4119baa3ce0e05d1a180.jpg,0065
4c6d8b70168a4ff484e448dc45fc1ad8.jpg,0025
4c6de8a7c4a54ec9ba00d4f7ddeb3e2a.jpg,0278
4c6f2222d1a44730936fea8343424eff.jpg,0425
4c710b90cc244d0fb79e2bc05f6bf1fe.jpg,0117
4c71f1269db24b0ab28bd99c1eb52fb5.jpg,0406
4c7348bac8424a2ca463fcff268ae660.jpg,0480
4c75544fbc72488dbac27148d98ac38c.jpg,0028
4c80824e279642c1a53c6e13e15b69e4.jpg,0058
4c83bc5e195447db8e7d4c7c3f566b05.jpg,0104
4c8587adfe6e446a8b6ee7fdef3c4123.jpg,0030
4c87ee291267444d8566d07436d66bb5.jpg,0246
4c8897f9a7474a2280754ff4ebaa8d9d.jpg,0436
4c89585f26aa49278da3daac3188b2f3.jpg,0421
4c9537706f0349b785c81ed40e854873.jpg,0435
4c9cf9a6dfed4289a8de48bcddf7fae5.jpg,0093
4c9da1554bb645b39a763cc21150fde8.jpg,0423
4ca00f338a1846d49e7cb16bad2fbe87.jpg,0077
4ca3ebf0ef304568ba82a2124212d4b5.jpg,0461
4ca583ac639348c7829107dbfcfb6668.jpg,0378
4ca58b40b0954d9fab6279f3c6e80c7b.jpg,0199
4ca6b2225828432ba20b5507ca4383bc.jpg,0298
4ca846a2585f4793b8c58d10eadcf1b0.jpg,0027
4caa55ecb4b1407e99d957ae7846c709.jpg,0120
4cad078f2921431bb0e4dd8156293f83.jpg,0144
4cb306d757804531a2f4ae855f6cea45.jpg,0247
4cb349d73047407d92e42740cd315483.jpg,0208
4cb512953436486bb5d125e9329419f3.jpg,0161
4cb56e443f504d278275356c81cdb8fa.jpg,0041
4cb66350b5f24f548e98a50043845fb4.jpg,0313
4cb8c58c059f4d79a80a251d721d6d2e.jpg,0301
4cc378059b0e45e6b7dff25cb8517d44.jpg,0244
4cc38e97669844d98e595603fb700d0a.jpg,0275
4cc58df210ab4ca586b7c2f3d60c957d.jpg,0389
4cc7290811c940428a5d4deeab0bb6a3.jpg,0315
4cc8d704674a44f0992229dd446653a8.jpg,0300
4cc91a177cce4acba8cbdc2df3091d7d.jpg,0022
4cc9b9f033fd4b2db19cfe3f4bab0415.jpg,0471
4ccca04cecc64ee5bfe68eacb6e904d8.jpg,0237
4ccde90bd6a442c483a11d6dd020bca6.jpg,0132
4cd29939348c48ff9139c27b8e6c8ca4.jpg,0401
4cd5b82e9c424cb195165a3692c5181d.jpg,0373
4cd946ab02804f89a74983513f829928.jpg,0372
4cdd041ebc3e4bf49b2f88b2282d5f17.jpg,0087
4cddac4c8d704013a683088f456d9e03.jpg,0328
4ce1eaffc2854f62bf3e159010c730be.jpg,0352
4ce22d02a81a41428861f609e4a7deae.jpg,0482
4ce3e6f8d9df469ea6316fd3a49e51c8.jpg,0320
4ce61445a9724924bd7d149777700759.jpg,0281
4ce67c35dada40cdbc2eb917a56553ee.jpg,0190
4cebb09a5770489191ece60eb2fb55a9.jpg,0005
4cebfe7d4bfa491a94e79ad4e6cd447e.jpg,0469
4cec7475e1d44d71b996f7f30de3bbf3.jpg,0465
4ced70128c0a48b9862bbb256f16163c.jpg,0013
4cf00c3b68a74090a89a22e75b1f0e8d.jpg,0327
4cf06b1524774875997aead36a3434fb.jpg,0322
4cf0df9aee1b41cbb178df4556b4ae42.jpg,0096
4cf1b904846c43fd89b510cf99f6088c.jpg,0157
4cf69112a941409a8bb9a4c9894227a9.jpg,0003
4cf6b8e5599c4d6f90f780c3330e3f2f.jpg,0325
4cf95110c8e94323b40da1316fdf611b.jpg,0278
4cfa39756a4940d5aa6ea5ac2b0410e4.jpg,0331
4cfc16378f194cfa8d0e9b18eb89609d.jpg,0484
4d056c2ec32647ae88db4fc1eaf58e26.jpg,0055
4d05928de52745948edf38009f2e0daf.jpg,0411
4d0b42aea13848b9a2d75a30b00fcfed.jpg,0070
4d0ef4284c754ab8ba727710b7de45d3.jpg,0044
4d106554e5934eeea731de7749ebb9aa.jpg,0239
4d135ce22db144dc8515bc1ad7eb527a.jpg,0271
4d16735449be40299396b58a5e29fc14.jpg,0111
4d175a0108bc42399a59261044a980d8.jpg,0369
4d189cc241584edd901fd247c5c80c64.jpg,0016
4d19c9f6fc214089a9b69940948159fa.jpg,0168
4d1ee17e971f41acab55b3a331033d7f.jpg,0047
4d21d097a3c64fa9b09de25060f0a48f.jpg,0352
4d2eecf4ac2a45ebb9b21c37a61a7e3e.jpg,0463
4d2efbc31527456fbb0f4dc9153ba2d5.jpg,0209
4d2fa6b799ea4a299d7f2c7fa2b4f8cb.jpg,0401
4d320449478d4aa19e8613c63bf5715e.jpg,0073
4d378ae89e724e789ed4769cd61311cf.jpg,0335
4d38fe97c0354d7a8499876c6a16027d.jpg,0400
4d3ede201a6745c2a40a90b7a1c010ba.jpg,0243
4d400373d1a24c6b8608a248a3cde794.jpg,0132
4d418c7f353144ef9abab503288dbb41.jpg,0494
4d44146bc83c48eaa66c44c4e807a709.jpg,0409
4d45d38807a44efc9da35691d4e3d6cf.jpg,0174
4d4a346e76e54a5ebc36c8aa5f649d33.jpg,0389
4d4adcb5d63549d89d057168ce2d574f.jpg,0168
4d4ebe4a52904e9c80ef47d8f24f35c8.jpg,0470
4d50a2053d3b4e8e9ac9e70566d4d29b.jpg,0165
4d517fcf71ce4860bf731b6022b9d579.jpg,0419
4d51a54daa434ac0b0244b9e71ad8cb0.jpg,0285
4d531c51d0d44120915432b10424fe49.jpg,0027
4d58cadc3ebd42fa9056c5899a1e7926.jpg,0214
4d5af66a51c14fad8c8a857c2d993dbc.jpg,0253
4d5d924f5b274031b7e5d9e4f38f9a35.jpg,0259
4d611cf0e5fa46cca09ea5b7023474ca.jpg,0484
4d649f8c6ab94f82b1d94e9998ed0e20.jpg,0362
4d67a790413049f99ceb5224b8a427ba.jpg,0421
4d6b9a3af7494c8b810e6ce607b91b7e.jpg,0127
4d705391ae8b4199ac97643c066db4a3.jpg,0442
4d70d3eb4da8453c9b888e1a89b7da55.jpg,0106
4d710608fd8048cf8d5944978e6555ab.jpg,0235
4d72e477b62744529e1b0dde3cfcd2e0.jpg,0271
4d73610d1a1d42b0bbf00466abb0533c.jpg,0185
4d74fd32d49749c3903fc5f96f1a290e.jpg,0351
4d7728ff79d343179f7a10bb18cc0497.jpg,0397
4d7a016a7c194210b8ce5bcb28eaf4b7.jpg,0000
4d7cee78358648c3bf651cc417f5f757.jpg,0195
4d7d8d774545481c864c2f46c1e8d8a6.jpg,0373
4d7f2c7194db49b8a0aadaa51e00337f.jpg,0074
4d84685468bb441b95f6a58ebe6cb186.jpg,0225
4d8722f4df6b4398a43f0820da481e85.jpg,0030
4d8838e2d1384029817b687804fbdb41.jpg,0323
4d8f08b90a3442a1abc05ec8cbc1c17a.jpg,0193
4d8f35c0ba7043009d0bd85ed6d91d64.jpg,0376
4d93c57ea77a4713a3186319689a8ec1.jpg,0495
4d94743b8ba6446d9fe86d965dfd960e.jpg,0054
4d96419932a24172b2e237694fce7a79.jpg,0097
4d968cb264564486bcaf72d45f4b12b5.jpg,0320
4d977176320641edafcf8a7876f161ee.jpg,0384
4d9f4cf6fc6e4a478f6a40e8212e6093.jpg,0326
4d9fdbe949bc4b59882f9263d26c5613.jpg,0375
4da52a82ace44b3b96886ee64e36df9e.jpg,0284
4da90825d4e14052a83d9449fc3b497b.jpg,0297
4db000b25c8f42b1844cbe64d13b25f1.jpg,0390
4db07e0df70d4a4ab642f7e6afb50bbb.jpg,0285
4db12892e86645f4be3fce2fadd7f931.jpg,0492
4db337c69f184cc99879f49fdb97c25c.jpg,0205
4db3a489396c40cda3c80bf89117ced1.jpg,0285
4db574c341a94b57b9c327a897740c92.jpg,0055
4db828374fe243aab8e78c0f9edc1496.jpg,0431
4db85e433f4842ad994aeec8688d36dc.jpg,0007
4db97a3227054083b68277cc281dfd9c.jpg,0466
4dbdaf5678f8459fa17bc95376eec801.jpg,0240
4dc8c0f4d24442a49a8bf8e322bca5b9.jpg,0152
4dc8db685ede46ea89635e15457652b8.jpg,0443
4dca5addd481451c87f9d0a4e486ddd9.jpg,0032
4dcb3381dd0a45239e1cc8ae68f4ffc6.jpg,0213
4dcfe92df7244b8fb6ab7bef649824d1.jpg,0372
4dd105a594a8487883b4ae7ba4c1537a.jpg,0116
4dd14658d9524826ad5be4e9b9aa7bb3.jpg,0205
4dd249a9d7a740a185f12493687e857e.jpg,0097
4dd363002cbb49a6967ec6767731bc95.jpg,0346
4dd38f21f9994b6da3e37596f5d85954.jpg,0450
4dd4041e3c3e4929aa20ec08832450da.jpg,0145
4dd49fe2edc34a9bb1627ba55eddcfdc.jpg,0137
4dd5f35db06c4c719f095165f52df27d.jpg,0192
4dd8aa5807b54d3b98c4873ea2a85228.jpg,0396
4ddf39e044624c2ebfd3e04279b25e89.jpg,0308
4de631e8601a4e54a2ee28d17b7c2b90.jpg,0239
4dedbae255f54e4da724c4239ca13fdf.jpg,0431
4df0696df9b54005a6a6e3a383aee94c.jpg,0456
4df2fbec1bb54fc4a2515f29d6347b4c.jpg,0233
4df31edcdaee4d6aa06e947f5be24a1b.jpg,0227
4df6d3a5801d40c79a698a69dafd52eb.jpg,0274
4df886c7dea04a009718a2b27edd58e6.jpg,0377
4e0078b9d33448c2b0febce55bfd1741.jpg,0347
4e05e59f9fc64596923758f53341ce3d.jpg,0222
4e070a8f20154132bc3d4f09547242ac.jpg,0171
4e09686c09ec41e6ac9e0f0a09dc17fc.jpg,0233
4e157465dc1c48ef86c6aa54a91d3b2d.jpg,0354
4e162454d22f487c9b18368709308432.jpg,0453
4e171127d5184359bf06631bc37c7411.jpg,0154
4e1fbe78d4064655aac0b439e2809817.jpg,0108
4e20e619c33941dfbdbe4e9d6b3863b2.jpg,0051
4e22174616f343b8b1eca929c2b6efff.jpg,0166
4e277bad17db44819e0e8d9893c92657.jpg,0363
4e3097982f534a969183f8ed4ec6aa1d.jpg,0304
4e3143c4f92748e7a89b8e3127df819f.jpg,0198
4e3240a5ef6a499a81435efce02e4750.jpg,0491
4e336cea64994312b1803a68fe18cbc4.jpg,0442
4e355cbc72dc429fb94b794b4b734ecb.jpg,0293
4e39caa86eb34a95b74887847741dbde.jpg,0403
4e3ab40a0fbd44b39ee7504f612aaf67.jpg,0157
4e3ad740799c4b1d88ffa277fdbf6358.jpg,0435
4e3b6b62c0ce4e52a3a595b14ebf81da.jpg,0289
4e3f5c5bbc7e484e899ba62e702d489c.jpg,0016
4e42e0be88ce46bf827dbcce24d07712.jpg,0494
4e45a90b64974916b576bbdbfe74d362.jpg,0255
4e46b04aa50d40c4b89712b15cd0fefc.jpg,0124
4e48bbead370421389a035e372aaf5af.jpg,0070
4e48e3cbbcff4b1dbae57c07f79ebb98.jpg,0262
4e4af1a67e134fd2895af4443de805c5.jpg,0457
4e4c409457024ea09dd08605930ea143.jpg,0467
4e4cbe2f2c6b45548b98f1148587478a.jpg,0100
4e5bdec8161d4a578ae7a9b767ef1449.jpg,0088
4e5d785595fd47bbbb7e376492b903b6.jpg,0405
4e6118ae91b443b59e150e02ba8a45fa.jpg,0487
4e61479032844eb0b754dbd7a2255d37.jpg,0439
4e68671adde34de9b61918b54316aa50.jpg,0166
4e688252f99145aa81d1ee031f875519.jpg,0353
4e6c0c51392b48af805d7168261ec0f2.jpg,0073
4e71c1ba8b274db1809ee39720a2ee20.jpg,0087
4e72a6ff50524a2aa87913006a01ce61.jpg,0201
4e73184a5aa04890a05e105f5520d457.jpg,0002
4e734fe20bcf4ae9a2a3541fcb169c3c.jpg,0014
4e75ca4ac286456ca2ed1f9008273ebc.jpg,0235
4e78679ccc774c21bf2bed2d790c0831.jpg,0051
4e78a9685d144e9cb5ca65695fec8a1a.jpg,0407
4e7959cc92ff419d84f702cec364034c.jpg,0167
4e796fac47bc4c84a9461cb2b0c4bf5a.jpg,0438
4e7ba5beb214424f88e41b40d09179db.jpg,0443
4e7ff6d0eed943f78981b5199a27854f.jpg,0025
4e828b4c50104768be1d9bbafff1c68b.jpg,0181
4e850245f12240ea9f9a63e9a559f372.jpg,0270
4e8585e5a5e04ef088a061217c0e109c.jpg,0295
4e85d3be5cb048e1bf781c1691d3253a.jpg,0417
4e86f1c9f3db4fee9c6ee56a302ddb82.jpg,0207
4e86fbc466eb4802a14a46366d2d1dc1.jpg,0128
4e87992337264557ac4e011abc682dc7.jpg,0322
4e889e72479f4da8b631b2534d13463e.jpg,0081
4e8a85828e404462b3724d9b41a1bce4.jpg,0280
4e8aa528b1ce4db39974dec1cc3a5c7a.jpg,0193
4e8ae04d731b45aab666dba080348db8.jpg,0131
4e8bd2e7b09c4a39bc0a5b98a7fde8cd.jpg,0198
4e8c581815ad41eeb861868434f412a6.jpg,0021
4e935e8d27a84101a032a378ca384172.jpg,0410
4e9597d437a4419d8b91cc9d724b9821.jpg,0174
4e9c79f7b1f94a1a851769b299fd90d3.jpg,0031
4e9c7a2c2f244340a1b5ce811d31419c.jpg,0125
4e9f7a11363d42cba75b16418ea4f388.jpg,0216
4ea0af02a3ce49a4b7dabd8d2b3c19c8.jpg,0122
4ea40e1269b947b18525645c05e63881.jpg,0392
4eaa248f302943b98859caf97f53af2c.jpg,0252
4eac582cb85c428f9bd1d055291d3438.jpg,0350
4ead96ee373c4605ac3e6d7e41ee373d.jpg,0344
4eaef9e2f7dc4213bcd62b5b814919c2.jpg,0144
4eb1c0e5fa2846c6b7d1a449ed9c47d8.jpg,0350
4eb1d975b9d4434e80b7f689df05515b.jpg,0259
4eb2234feaff4e199bde4870e8d91043.jpg,0189
4eb41a10fae04910ae2a4d24cf84ac9d.jpg,0128
4eb52810302243c1a81463dee937c1e8.jpg,0437
4eb54df02eb54bca9734cec189d83d7f.jpg,0427
4eb8b2ce34374d4a9fe1b821a3f315c0.jpg,0284
4ebcb71bd0d04dfc988d6174eefbc078.jpg,0070
4ebfc273a2ae4bdd8575bde84b7e3841.jpg,0475
4ec226fef61f40f7bc4846ed8e6049ab.jpg,0458
4ec66f958c2c4362829a7351d3590d67.jpg,0425
4ec782c2adeb45beb9f7b520dfaef8b3.jpg,0297
4eccdab24d1349718df639f0f097e0bb.jpg,0389
4eda51a46ebf4b7e9e2888c6748f092b.jpg,0041
4edc5acbad4e4772b0d81cef34bb3180.jpg,0389
4ee0036f7b96455181d114b180e87ecd.jpg,0197
4ee16f4f29484ac98b0fc1bc6bd9f6bb.jpg,0373
4ee635cc00574460b5f0a89d45fb6f05.jpg,0073
4ee861fe61ef4235805396bcc9c91c97.jpg,0178
4ee905541a1d436aa51a9f26bfe12acb.jpg,0088
4eec0f093e134129a559a551c620ac7f.jpg,0472
4eee7d0de0df4780a1e15dc2f399f2e1.jpg,0009
4eee815ba711430ab591d5f00b57396e.jpg,0171
4eeeec25eb804fb9b1f6e7fd29f0efda.jpg,0219
4ef4b405f8fd47f6b439559b6ba620bb.jpg,0109
4ef5eef9ed8a46c381be0742bbe62154.jpg,0218
4ef6e92ed7ee462a85ca9cbdd3b45f7c.jpg,0294
4ef7bbf2beb549c19c7cc27856bf0919.jpg,0071
4ef85aad0e744b7abfeecdedc7e66256.jpg,0057
4efd37409ad34d5880ff741873af842e.jpg,0042
4f00bf7614ae4fbe870a7710a3f8d0e3.jpg,0378
4f0949d899dc46199f93e7c7b21d12cf.jpg,0207
4f0cb364f57145b9b80a7a37a9361612.jpg,0240
4f10907522964831b9b2b729496a2132.jpg,0419
4f15e659766d427bbd7e485d627bf96e.jpg,0256
4f195e4b6a284731976276ac8dab614a.jpg,0136
4f1a84a6e98c40c1b181638d6aedfa3d.jpg,0286
4f1b25f444404e19ab83bf32781b7d6f.jpg,0359
4f1e93d59e58409cae13bbcfe968c02b.jpg,0221
4f26f1287aa1463a975722ccf212b4c8.jpg,0047
4f274bdfa9e442158f233d2604ee3b9c.jpg,0373
4f291e13d4254578a828ec1181f9aaf5.jpg,0322
4f29270154a9444cb6668f0b7bc5fafd.jpg,0049
4f29cabd03344fdfb855eaf4dc23bca3.jpg,0372
4f2e896f9ea845b5b4f2dbc48f6d1af5.jpg,0166
4f30088b0b744a7bb3d20fc6b2279bc9.jpg,0489
4f31749faed84aa6af727501c2e9c820.jpg,0384
4f338e0c7fa5445cbaf1e01067c519f2.jpg,0012
4f37e780c7da417081d8588066d92b27.jpg,0043
4f3cfbe84b9f41e386eeba0a452e96fb.jpg,0085
4f41bd14651e4d7dac99c87d07d6e825.jpg,0054
4f4640053f41466b870a9a2c48ff30a5.jpg,0256
4f464e33348249beb85841f4e1741ae5.jpg,0152
4f4a0f7598e345cbad44524a96caccb3.jpg,0098
4f4bf050a72a4867b3b263a080f33f24.jpg,0130
4f52271803ef4dd48e04c3ca55bc9e77.jpg,0265
4f597fd9edcf4e14a9bc57c6a792e02f.jpg,0111
4f59fd38696c4b4cb718218d76dcfee5.jpg,0028
4f5a705a0b5d4ff0956aa582a4371ef5.jpg,0379
4f5b689d53bd40689a6d31a09e7a9f09.jpg,0005
4f5d6019835c44ac9aa04b109fa9c79b.jpg,0358
4f5eaad1e6c74abf9a5a2ba7fc7f9b3f.jpg,0469
4f63879c92c64ed9b2f0e084316e9ee0.jpg,0048
4f64df4ecb2b4c3db66b9fb0fd7360e0.jpg,0427
4f670bdd75f94609969e669dd56dbbf8.jpg,0146
4f691b15baef40d480b50ea0ef105a86.jpg,0458
4f6d434a5eda489e9cd74f9fbede7ffe.jpg,0326
4f6ec2963ce64fcebb61f02252b02e57.jpg,0443
4f856b9fb618440594c4e0fb70501cf6.jpg,0369
4f86aa07017c4fa28881f9d3b1cfcb50.jpg,0278
4f962fb5b1394abda08d3bba4b01f5e0.jpg,0219
4f9ffbf4e62444bc9774b4321be0999a.jpg,0067
4fa30db1f351475fb7bf8b33f957d328.jpg,0360
4fa451e774c8483291baf4d8acf96003.jpg,0397
4fa49d61d1d64ae9b4d8df41efb4a927.jpg,0168
4fa808f072934c7cbe79311e93c699b2.jpg,0309
4fa8eb5b56b74ce4b8798d2ca017b58d.jpg,0405
4fa992375c5540ab98b0148748ed07ae.jpg,0226
4faca779f6e04ec5b0c987868f4364cb.jpg,0489
4fae838cb42749bb8d4dd1c6ef3551fe.jpg,0221
4fb4b79d2a4f431ca3d4e2cbac8a9177.jpg,0078
4fb69a294522450ca8de6366ddef638f.jpg,0352
4fb8453035c94221bbaafcd804bf3484.jpg,0213
4fb9205f90d04f1e994994297c32c326.jpg,0357
4fbad95a3b394dc4ad9039ac45882c02.jpg,0177
4fbc600d522f411db6e3dd49ea08f683.jpg,0123
4fbdbcb530c3419a8aab48c81a049dc7.jpg,0098
4fc0162523c94ebf8ca0e0cc52a2a78a.jpg,0118
4fc17d9612554d7fa40481ac7a133ccf.jpg,0448
4fc851dd94524097af7574f3ed98e544.jpg,0302
4fcf2bb8ab034ca78c6b580ecf96991b.jpg,0363
4fcf3bc2e5a04f4d91c9e45d05da0d97.jpg,0268
4fd3da4100da4496b9b46a167e9b990f.jpg,0375
4fd7fe88cf874470bb3bffedf678d132.jpg,0133
4fd888dcb37c4e69a6403aa9fac868dc.jpg,0185
4fe3cebd7bb2409096242900cead099b.jpg,0216
4fe42b3f00af42de97a25e4aacffe643.jpg,0307
4fe499bf9f144cb7b6cdbc4bc1f603a7.jpg,0335
4fe5f502d2de4c1899e73ac8d67a8920.jpg,0233
4fe66c48ae1942a5a69df565cbb59edc.jpg,0181
4fea40bf189d45e89a52a27685b2085a.jpg,0394
4fee442501194bbcb9ff21efd91969f4.jpg,0314
4feefe5ac1024557bcec8a51fde08860.jpg,0309
4ff3bd0458864d108dfda78fd2f5e966.jpg,0454
4ff4bac4d05349b883000bb4a0b9379f.jpg,0127
4ff65d0342ef4d59b6844e4edcb9e87a.jpg,0427
4ff6c14ce3304ae685ad789f606ab826.jpg,0485
4ff9453e5c504c708c9cd4fee85b6e38.jpg,0280
4ffaa77ee7cb466d94834cf15c2eb66c.jpg,0047
4ffd56356fc344ea8dbd88f0f572cbac.jpg,0051
4fff0ea261a84acfb0b0518a2b17b6a6.jpg,0129
4fffd1d20a024db5847130f903157db3.jpg,0338
5000978c06ad4a2a9fe9ad61a72dd1b2.jpg,0186
5000bd349a5a4250a3b0810142c7f5b0.jpg,0003
5001622e27a045a9ae9fce70293465aa.jpg,0305
500485a00b3341d7a3e1fa79102fb41a.jpg,0487
5004ff1f3c0446c28b2f109a2886d102.jpg,0447
500ee0a92f794e9d8cf2b219fb931e3f.jpg,0152
500f90b864ed4bfc99933a2addd4e08c.jpg,0143
50108eec3ae544f6a140b80c75903316.jpg,0059
501107d843bc4f7aae7623856c81cc7c.jpg,0495
501538927f1c4dbc855dc9f73c1fe64c.jpg,0338
50164b2d3e6441e8a7640e02605bd9cc.jpg,0017
50174783d163461fa21f2d0f9c3abe84.jpg,0075
501b59d128df4f80840de120ccf03ebc.jpg,0476
501bb5e2a4914afcbbdf8d82251c4e33.jpg,0305
501d4bd36a9f43758043aee19a8146bf.jpg,0078
5023648593c74935a69c12900b0e933a.jpg,0070
502d8a915fce42e4b0d200241e87dc47.jpg,0300
502f56d73cfb454195304e6d35cd4b15.jpg,0390
5035ae6b13f7466382d204490fcd509e.jpg,0253
503fa9f5224e4fb58c79eb3fd1cad48c.jpg,0127
50414c7316974ce4a68bfc792944cace.jpg,0324
5041de33493f4ac9ae9406aef71e27a3.jpg,0187
50445ad9215f4c949559d041f00a2473.jpg,0442
50453a47112b474db00cc3c8c0cdeb62.jpg,0083
5052ffe83ae248f9b1cacf6308d46843.jpg,0314
5055517864e24cf4866d51de8dbe1696.jpg,0187
5059facf98a24e53bc70e96ce37a4418.jpg,0464
505fb99ca2d549858d863cf580846308.jpg,0279
5064dc82407647cba925270a20eb7d0d.jpg,0349
50661aecc51c4af48efe90fc08ce7f76.jpg,0022
5067975d791e4de9a2d60d2c90d7f2d1.jpg,0204
50690bc627fb41cfb2bab8fa1265226a.jpg,0346
5069938f197b4b8aae68741f01bd846b.jpg,0111
5069f385c9a245739828937ac0caaa37.jpg,0296
506a8e46bfdf4dbf94d19691a1322e07.jpg,0389
506aa29b84a34345abce3a5119f60735.jpg,0039
506acb31c1f6423b8e24f890529687d4.jpg,0484
506adc10d4d84dbb92a9cbea806a40f9.jpg,0128
506bf8fbd4a84c71ace3f6e5cdcfa34d.jpg,0417
5071c27fecb24e7996ae1d44afa0e9b9.jpg,0497
5073e7e19d564544a431376453adaa41.jpg,0451
5075b7eb16fa4d358396cf8151266b8a.jpg,0223
5079bb9a9bac4d278154ec90b7fee231.jpg,0360
507accf9e4024a77bcc44ca164be781c.jpg,0356
507d5a46764147b98cea98cbe81ccf2b.jpg,0033
507e3c029b204bd69a7fb050d62d2860.jpg,0194
50846da0c6c94634b067cfdce375cb10.jpg,0169
5088250378054d07951b1d5125917c23.jpg,0230
5088fa04c3a6479b9ada1de416778f3b.jpg,0342
5089edbaa5954795aa31d937625b8862.jpg,0137
508ebb16752940bbaed669549d231c78.jpg,0210
509194020cee4b46950af3f9550bbb27.jpg,0467
5093441014ff4006844a4cf9aca6f9a8.jpg,0189
50968b83af544b90b9b6bccb1cda065e.jpg,0473
50980b6c870c49af889232a391cb6949.jpg,0324
50988a348cc9429687491cd51b5754a8.jpg,0309
5098a2d9fb814d18a7fe35b7024c1697.jpg,0384
5098eb8699d145418e4a44db82a8fce8.jpg,0297
5099a9d5b0d04f53a3f6d90c13818f33.jpg,0195
509a054274dd44a3974f656ff263ce17.jpg,0318
509a941208b94d05b78e91c9a82eb8ad.jpg,0288
509b4651d64b46bc9b934a6872ef5bfb.jpg,0105
50a104de91f149469c2ffbd57703f5c9.jpg,0194
50a18cdb2f004ce2923d9367dd904184.jpg,0394
50a613da2ed5429db242c53e75c088cf.jpg,0179
50aa01ca9c074d12ad5ff3f92aafa2ce.jpg,0225
50aa120331674c978fe3e85d2281d416.jpg,0017
50ab25d9ecee4a9584725e199cf62c7b.jpg,0085
50b151a84eb14688b407ac8df872ab6f.jpg,0163
50b30f80d8c54399b56bc88098d8e094.jpg,0304
50b312daa9f84124b1816c264a5489b6.jpg,0284
50b3b3425d68471da9ebf81168f2e5bb.jpg,0012
50b4b59f527f4ab2a7fda403ea9a0af1.jpg,0092
50b5b5db14a34e3cb3b3d2e594d859b1.jpg,0283
50b8ae0ff4f048c08cff45ac25f0e77d.jpg,0171
50babf6eb94a4bdda5eaafea6970c74b.jpg,0068
50bee47d196a4a3c86b00531c03aa85d.jpg,0454
50c05f7c3cb14ff29d2a6a5d037dc0b7.jpg,0473
50c143222a2f42dd99fd5fbeb9db1d4a.jpg,0456
50c194c0e6a948b0888406aa3a510150.jpg,0463
50c34b1c76f64c07ae01769c03e9f57c.jpg,0237
50c3de38f4b14e9cb60a4d104d04bff7.jpg,0290
50c53c10683940c6a8a6ede488fa1c63.jpg,0222
50c566b0914e4cd4ba381c1ca977be97.jpg,0161
50c9592fd3af4df19a8a7b9e0924beeb.jpg,0233
50c97a3cd38a4ba59e0a334922847bce.jpg,0263
50cbffb272944c40a05132fcfd8fa1f3.jpg,0462
50cc4420c99140b78ecfa5a9cf96516f.jpg,0313
50ccdcc2b9a04937bdab0598e6567166.jpg,0340
50d369aa372a4465947e1a4815bd8afa.jpg,0499
50d5f41cf436439a816468813a524d7b.jpg,0245
50d90229f0534c4cb6905c0668dfbc23.jpg,0356
50d9adf6a655489b9b03770de0cd7a69.jpg,0490
50db76f23d274600a4eeb61486596370.jpg,0061
50e05be4a4b84b118dffb9a663f887cc.jpg,0301
50e3ef232fdb4f8ba504d3d62f260edd.jpg,0298
50e4107d20484b97b242c3c9160b579b.jpg,0164
50e4467e78f841a5b8c1a2265a1c53c7.jpg,0313
50ec0cd4e8364923b03657743ef842bf.jpg,0222
50edc4d959ca43518926a62b9e993624.jpg,0460
50ee7690c417404bb75797b88882c396.jpg,0123
50eec403f4c34153ac1f3b00787dfbc4.jpg,0090
50f03a6a743c4b1390abf1b18c35914e.jpg,0452
50f66b3effee4bf880bf940c9046b722.jpg,0151
50f7e5df53df43fa949b79379b7ba9cf.jpg,0487
50fd85c466754871a777d62a87e03cbf.jpg,0342
50ff903941c043e1bf88808e72991ae8.jpg,0058
5103f9fbd526456ab06e46c44d64f440.jpg,0457
510452e55a02491691cee963f96f9d95.jpg,0107
5105fa4ddc9f4c3b9209318063b69d5f.jpg,0037
510d810bb30042cda24382cae6962cd6.jpg,0027
510f2e867c014c0b90133160b16c8523.jpg,0373
51111586d58c4bf984ef3c72576c84ae.jpg,0147
511554f8cc1848159498c5443900daef.jpg,0036
51164c95352b48468f36767b904e8edf.jpg,0409
511735a93c9b44d5941f51b762c6db72.jpg,0351
5117cdf3ea6742e29a9d19909b7f854a.jpg,0143
511a5b5f63614eec90e5244545ed40b5.jpg,0065
511ad39d7e1b47ec9f1556b64bca0fec.jpg,0285
511d1a2223494846b2a4c4392ea6375a.jpg,0468
511e954411614f29848ede0f1ca6827e.jpg,0469
512082c4006540eaab36ffd6c3dbc1ae.jpg,0115
5124033ea9114b45b1ffc9c9933517fd.jpg,0081
51284a4957654f7db67fd032a861cb01.jpg,0327
512eb5e33ac04351b90b58242643beb6.jpg,0147
51313fdc0c01474991afeba9abdde07c.jpg,0028
5135ce376a9743b2a41054e826e42a85.jpg,0439
51363c3848b841f083423524bb5390ac.jpg,0468
51388cf76db945658d61dfef1fab2c8e.jpg,0010
513927b7118541af88470a5103e24982.jpg,0411
513a53d6867246d59a3262fc30d94729.jpg,0225
513a8d8742b34e27adb2113c1ded1201.jpg,0210
513ec4bd9b9544848b11596f1403ef16.jpg,0283
513ee949113d4824bfa89c6258168033.jpg,0292
513fd7ee9a8946dd936bf5f7696842fc.jpg,0396
514a39c0ea874faea0b9b8fead283bd1.jpg,0450
514c2a92fc464f0c980329e330caf57f.jpg,0496
514c31fd01c44440978d6cabc5222f78.jpg,0478
515273ed10144f2f848ef724ce11a562.jpg,0248
5154b81b8d9e4e24ae4e4b7dcc52da03.jpg,0197
5154f0be536c4a67975e106a678d5b74.jpg,0222
51588a3d29214069ae73b59ceac57f68.jpg,0477
515acb4f030542bba4226158f0864073.jpg,0445
515bbd7cd2574019ac970881a35396d5.jpg,0300
51605cd91e7a4a99a15a94fdcab399a8.jpg,0314
5160860efa9f48be8f13599da2b863c0.jpg,0413
5163bca8084948a390e2a720cc2ba84b.jpg,0313
51657b275ae4445cbfe17d55e80b6687.jpg,0187
516ab050b4cb430393859eddf8687ccc.jpg,0264
516d58e357e143d8bcf97dfa840cd096.jpg,0150
5170539d6090410db744add7eed1a061.jpg,0276
51706d605bc34651afff78a9b14876d2.jpg,0010
5171146ccc4f4f91abe2306d5618bba7.jpg,0343
51719189cc434bfa9a5359d3f0ab378c.jpg,0388
517231b179724f8bb5f2f33e7d93495c.jpg,0044
51729c674fa04716839da95b4cb5ed4e.jpg,0054
51745efdd09a4288b8a28df48821ff3b.jpg,0093
517785c4a60d42979cb4ada7ac5873a3.jpg,0445
51784283053c40368cc612ec6112f250.jpg,0140
518452a51cc14d4fbb694bc0d8df7b16.jpg,0010
51854a48c4d44038af45588be7ee8f63.jpg,0162
5187041138504bfea17f83a191306e8c.jpg,0344
5187e749b2444439b4f54b8d78a05926.jpg,0305
5189618ef35d4193965fd9b4821fd89d.jpg,0411
518a314aec37460ab072ee474c598bbd.jpg,0044
518acdaae0444853adf64be543898b05.jpg,0256
519040cac6104014842c2b6c18d3ea88.jpg,0331
519319355bef433db22da11fd0eb6434.jpg,0114
51937fd408fb488297b2152a0722343d.jpg,0114
5196e0f2692942079b11509d90b08b0b.jpg,0072
519799f0560f447d8255ead52ab93f02.jpg,0475
5198c947c0884926a665b8ea4565ee14.jpg,0128
519c53cd34804a1999a297aa26c47665.jpg,0003
519c680363e54472befe5ed207981785.jpg,0217
51a0868b88be472cab266ed396ee006e.jpg,0376
51a1fa468eaa41629f7582da31b213f1.jpg,0274
51abecfeeee946b1be475f5718184591.jpg,0021
51abf8d7928845229beb7be069e576e6.jpg,0040
51ac03f8dcfd4b96a9ec2338007e4c34.jpg,0166
51b292876ca941d29940135fb47c4cad.jpg,0208
51b53b66b2724a3e9426a97a8eb6c9b7.jpg,0433
51b88b08e3964032bde8250bb627582e.jpg,0082
51b91bc9356643ada7b323e70f2403fe.jpg,0287
51ba93269f614161ac8f148a756b2871.jpg,0198
51bb917d60304c13866996fa7c202a04.jpg,0219
51bbd679a227458dae285e8307c874d2.jpg,0389
51bc42886df242c4b6e94a25d09d05ef.jpg,0025
51c65e3efe1a45afb26964231b7f18f4.jpg,0449
51c6d4131ae543b1994acf45c8ea32b1.jpg,0349
51c9c799041049dd99875299e76e17d4.jpg,0197
51ca4c5f28df4c269241a45043db07fb.jpg,0434
51cd433b70064df9bf8c466cf1e05ae1.jpg,0130
51cda1565ab747b3a4283da369cbe1fe.jpg,0431
51ce70968bb44a9b9ebed157975681f3.jpg,0230
51cec8ef907c4319b21e45da1b605e92.jpg,0284
51d1e1be77874399bdac6dd42c580c81.jpg,0443
51d2ea7ee1f74e6c8f8b5836f82d39b7.jpg,0432
51d42afec0a14a4cb949e07c0eeed217.jpg,0115
51d8e37d19e346b6b671a4d4989ad21c.jpg,0024
51d8fe3687d64c52a66d41a20e712446.jpg,0109
51e09270cc5a42b38236ac59fe622a24.jpg,0441
51e2f627fe73453c83e0b9750779647d.jpg,0478
51e3c75178b843c6843e97d34e1504ff.jpg,0128
51e3e017af734495aeea2d889e749774.jpg,0208
51e52af8b9dc423796477db40e43ebda.jpg,0181
51e5f336aa584f8d8c1f132f604cc5c3.jpg,0075
51e84b9bf3af44eaa33ea69c5122e6b7.jpg,0444
51f14d831fd748858ab7b7ed56bd0f0a.jpg,0224
51f23ddff8874c51abb8671315a08432.jpg,0444
51f3426756e74895a3e396440f421e7c.jpg,0239
51f63e9f888c486694431af014296dc3.jpg,0433
51fa929213b44396867156664ec385be.jpg,0054
51fae09812f146f0817e9c825d6f2ee7.jpg,0173
51fb35bde7714274b3d9e832e1e375f8.jpg,0369
51fbc819989f47ffbb02ac88616342fd.jpg,0234
51fc4f19f1954ac08c705e17bd1fb1f4.jpg,0116
51fcc8c0a59544abb8442ae051bd6d82.jpg,0124
51fe7d34173e44cf9cdcdde9ed45d158.jpg,0023
51ff008b2daa42f69f2090b979a5c907.jpg,0378
5206048c48ba403eabba435f9ad3c275.jpg,0028
52062c156965402fb9785be830b6ae34.jpg,0234
5209d5120d574af2a04d41e350b173ce.jpg,0216
520c6a5f736f4778976194b4cb44364c.jpg,0180
520cb0d35a9e4bb2b71654d31de86bb4.jpg,0420
520fa37352fb4f20bf63eb0cbec3cfc8.jpg,0300
521a9629f7a0401bb55df58c340735c5.jpg,0342
521d0968b4824a07bb5c0ad2fac6e474.jpg,0492
521f9fce35ac4dfbb8acdbe1f8db5cfa.jpg,0201
522567be80bb4cfe8bcd4b5ab9d85845.jpg,0325
5227c6179d2e47678ec93a69671d97ef.jpg,0400
522ad5af74d64a1394c83489ead03bef.jpg,0210
522bd1abdba34227a56d4a89749977d5.jpg,0406
522cef9367324f86a75b4e29e938b165.jpg,0125
522ded3df03748ddb87d6baafae8d4e4.jpg,0173
522f52f95bdd4ca9b0dd5d2e4180832e.jpg,0266
52304eab153d40448128c7ea3d78ddae.jpg,0367
52319f52506940c2acb7de16f4372797.jpg,0143
52328dadf233429daea78d7c62c1bde6.jpg,0189
52341dc92f1245cab929080827129332.jpg,0322
523518f97a414f279e07b152e46f573c.jpg,0113
5236334ee2d44837b8c0694b125ff351.jpg,0262
5236c8ab40a04a52929fef621f0ec603.jpg,0192
5237f168fd2f438d9db2def7c84902b4.jpg,0372
523be14d8cad40a0a38bbb260fcd04c6.jpg,0333
523e225099d748e499738d7da70a978a.jpg,0380
52410b354c504a6abd55ab3e6ca4fcb5.jpg,0140
52417f980c0142e1add8b8276bba74e7.jpg,0441
5242193e3eda40759b7b96b4a895250f.jpg,0051
5242250881734548bdef2414848dd3e1.jpg,0092
5243a598c4e34733aab0d009e311e04a.jpg,0459
524414950790491f83179bf19b2a4819.jpg,0274
5244b2285fa8414fa37470bade76abfa.jpg,0365
5244d9f29ae74e9da85f2dd615cddd50.jpg,0415
524c347d638d46db84ea5af45bc7c47e.jpg,0228
524dcdacb4844ce78075034286991451.jpg,0118
524ed5df3be147f6a1e0b272631b4b29.jpg,0472
52556fc51bb04c86b68ccbc32ec519df.jpg,0282
525cf44b046e4259badd6828fffef7cf.jpg,0294
525e1ebd84ed44a9b12d40359297effc.jpg,0319
525eefc023c1445592747da202ca85b8.jpg,0193
5260c53e8af64f4ea15b5f01f8f854ba.jpg,0115
5261cf6ebc7f4e75a6672984f693f1e1.jpg,0067
5263dbed0c5e47aaa558a3b8ea7cb8bb.jpg,0339
5267becbece54d118caad264e2b4aeff.jpg,0280
5267ffb365204f84a8ba11fd4ca7bab2.jpg,0108
526a845b51034057a113fe76c63bcce2.jpg,0096
526c8dbd1b14447993558b3ea300d1b4.jpg,0423
526f9c7c85274f4cb5b0135f5fcb1f4b.jpg,0458
52702a5b1971449db65def0e109b8d7c.jpg,0057
5274af455ffa4fa7974df435dbdbca70.jpg,0307
52777d4f7809401a8cf4597572d2741e.jpg,0014
527b128665e24a85a1fd79e924d3898e.jpg,0116
527d33840a4a463bb5686a5065f750aa.jpg,0098
52835295ee2d461abc22d29fd9fc519a.jpg,0147
5284f83436294b4ebfe5ba80d17635c8.jpg,0198
5289128fdcff4b4491d0d9db24425908.jpg,0375
528a0baddaa04c63b79b360a60326eb8.jpg,0379
528c3494bcdd4de6afef3d29d5b6fb08.jpg,0260
528cc3a1ebcc4dbcba6825862c3729d7.jpg,0035
528d8b03fd3b4cf3b224c84978b51d15.jpg,0345
528ec84876d345bc83eba1698469c332.jpg,0288
528f5031ed534d77ae939d9fd73c0554.jpg,0445
529438e296a24cbab08f1eacc8f9b935.jpg,0175
5296e75aac7a4a32bf641c2ecd627b83.jpg,0414
529ab6711c944bb4933df293a755ad5f.jpg,0341
529da51f1b8b457dbf13b6d82b443b4a.jpg,0087
529ead14163c44449ab8e37ae30c3c7c.jpg,0433
52a02aea3236400598244f8b5e30c781.jpg,0134
52a9dd74b5414fda93124674344e933b.jpg,0034
52aa65cca940455b9787d55e4d7d3a6f.jpg,0115
52acbf2692724cb2aa40cf4f41209552.jpg,0059
52b326e297a246b5b780570d5256bc91.jpg,0126
52b5a71c010d4c65a776b206663f94ac.jpg,0297
52bb6c3d2815457599f4917bf4d6a1ff.jpg,0197
52bb97ae58ef4bffb2093d8dd328a26a.jpg,0016
52bc6949cdf245b1b6a4e6c1b88ec9f7.jpg,0453
52bd8eaea45942d5a3d50d1856de8d35.jpg,0038
52c82cf4711a410e87fc3f8a284b9690.jpg,0158
52cba66c672548d9a9052e5f18a1a3bd.jpg,0095
52cd059881ff434f94a1fd97fef3328b.jpg,0448
52cd7ffffb3b41889d6f4422889fb4c0.jpg,0494
52d9d03673ca46f583aa5ea80a92247a.jpg,0227
52de178279f84a238901a314fc5a6d1d.jpg,0277
52df4be613a243c9bc89ec33e7c43a6b.jpg,0011
52e23b521bc445e99d5425517adf297b.jpg,0080
52e55af4acb740b8a69cc07c30a399ac.jpg,0387
52ee76b20f044c24b362b04ef4b3a4d3.jpg,0377
52ef218ecfc3464897fdfd982961086c.jpg,0458
52f0027cb6724b858cac2722934a4fca.jpg,0146
52f15b604f214f318075817b94e73cc7.jpg,0324
52f27b0594514c988bb54aa5303e6d3c.jpg,0036
52f32d231b7349c1ba343275747f6019.jpg,0429
52f49104e71e412bbc29fbb9776f927d.jpg,0037
52f4b230438f4f73bbdf53ddd7b9652c.jpg,0018
52f4bff0fa32413184cbfb47db6d1c45.jpg,0411
52f9d263cd3f4588a0b23c600504b3e2.jpg,0444
52fc847a08334df4a459506969e7f35f.jpg,0306
52ff3931ed2249de87aa768d1666aa59.jpg,0268
52ff681dedba4d23a2ee9931dd46a773.jpg,0168
53005b9772ef4c2da5034ae87d623541.jpg,0393
5304f40cb33b4f80a6befac68dc7fcb0.jpg,0420
53068634b5af4aef925e1005075acf2a.jpg,0172
53096c434f0f43829a27c8ed83512d1e.jpg,0429
530a2a43538b4b319ffd9c2da673931c.jpg,0449
530a82c4c87444d4994865250e26cec6.jpg,0321
530b803c38364217b248c4ab8a45b823.jpg,0111
530d60a86f204b67952caca907ab4ac6.jpg,0238
530d91ed58af4925abf5d0ab1862dcaf.jpg,0205
530da70db14e4a61a3b2e2eebe834c01.jpg,0348
530e66eaaf8648faa10b076e5387d928.jpg,0125
531125591006487a8ea0018c7f9a4ba5.jpg,0297
5312aea0062f4643a12706dbbe6e843d.jpg,0047
53136da74ae349bf9cd2867b8bc3d8af.jpg,0227
53157b9191b24f7084cae3c826429475.jpg,0168
5317a471ca7949538c410180dc465853.jpg,0037
53180dabe2f345a6a6ec1393af04830c.jpg,0347
531bf6e0889b4f12be3376656e28bad3.jpg,0326
531efc03b9e8415a9434044b69dcbaa7.jpg,0251
531f1a3187c94eff9ae13f8415a3f8b4.jpg,0336
532216cc302b427ab7b8f2c758734bb8.jpg,0141
5322d05c89e7460e91cf86c6308d38fa.jpg,0298
5324d11b6b5245dda10063d5bc3fef7f.jpg,0250
532a11c00b7e4876ba41848d6f2c3d14.jpg,0286
532b303d896f4bf3b1f30a551b8f6fe3.jpg,0415
532bfba423cb4c85a9758e5184b0ec77.jpg,0240
532c0eb6a81349c6af69e3a3c7f17ec0.jpg,0193
532e7d5d8e204a4da0fe10baf0e27692.jpg,0286
532ee074ac7c439d954a15e0ceaea352.jpg,0350
532f4b43e046414181dbb2374cc0cf3c.jpg,0076
532f9de270404b3299fc6b723ed95b58.jpg,0119
533312e96b8c4c889a696d996ee93bc7.jpg,0030
5335a6c23785467eb6adea03baf42d71.jpg,0091
53376cfe1eef41fdb9aaa488d6f6d5dc.jpg,0135
53377f9f131f4bc2b14541e3deb36166.jpg,0177
5339fd5cbf2340079afbe273661c46c7.jpg,0156
533f0e9af7c84d89a58a08af0fa28a94.jpg,0192
533f8f6c1c2846a49b24330afb7db416.jpg,0190
5342b4b2d7654310bcab6611fa0075b9.jpg,0391
5342c93e2ec8461aa161c837f4c23224.jpg,0386
53434bc2d8d142caa90dcda7c5118cac.jpg,0387
53444b7930bd4b90b8aeb6445dc11d41.jpg,0327
534b11de1d80477696cde79f6c63faf6.jpg,0353
534cf5ef1cda45aab8b7722de5f4a349.jpg,0250
53576b0c41384304ba6d6ae663f255c2.jpg,0277
53598d0255254b56865954148baf4984.jpg,0004
535dc2bcbee045c39462476bed8cc071.jpg,0436
535e2b2708ce455d9b121447d66d8457.jpg,0449
536155d68f0d4bc4a34213f817010d68.jpg,0228
536315988ef94f749601ba8eb22d44b1.jpg,0371
536a8b89647b4ab9a482b9ff7f46ae05.jpg,0311
536c742a2a7d4423a0bc23746e0c8a53.jpg,0098
536ec8d2e07a45e0ab43689a68a8a945.jpg,0098
5370003cffab4fad8febfd7fbd9c0e07.jpg,0034
5374a23b4c0a47379215b1f3e0c96cb3.jpg,0115
537711b34cb148e5a182d9626d21ef75.jpg,0062
5377941c8bab45ebb8d4d579084e0e4d.jpg,0014
53786bbd64c84779a7ab2faf88c7d1ef.jpg,0197
5378f81d79c64a269ab9b6eaeafb3042.jpg,0240
537cc4dd90b2498c87f08dadf2782cc8.jpg,0414
53807818bd4f4af2bb889c9ad4c41875.jpg,0090
5387b3fe508140bea318092f77129f9f.jpg,0022
538e7f64486b4e878f13d63f40d24c69.jpg,0009
538e9b1e6020403883e7f24fb1932db9.jpg,0107
53915068f8394406ac022f51e52329d4.jpg,0242
539586bee6074759bea5537ee4867c3c.jpg,0142
5396f49b9e4d4ddea618b7bea5ebd03a.jpg,0380
539884156f8a4cb3abd09b65f9b01bbe.jpg,0497
539df81bc8284ad6825ca785de6f917c.jpg,0240
539ed5fa6cb14316b51ce46b1a4a5ac7.jpg,0022
53a970e655234ba79710807880f8c417.jpg,0041
53aa41dfdd6b4901abad7e72a3bd8e2f.jpg,0196
53aaeeecd4014adab547299fdaf55124.jpg,0233
53ab36f60031496bbbf411d9978f2a4a.jpg,0233
53ab52f559f24e7b89cc6321dffa048c.jpg,0366
53ab8117429445c1bfec3bdaed4c1535.jpg,0016
53ac9a3666434ee98339903f6c636533.jpg,0449
53afd1daf9284f2a8025c9aaada82f08.jpg,0437
53b13faaa4bc45efbe8c670086f2e840.jpg,0249
53b53e5a1d5d4eba9cd1bbf95e851de3.jpg,0378
53b6fa0478ef4f309edab07b6042575a.jpg,0316
53b74417014f40b8af2c2b88693f9183.jpg,0389
53b9c808c49f469bb6c423b9a4b13143.jpg,0376
53c40aa7ff4b44e89471561b8537d011.jpg,0428
53c43a8c06554d2a80203f7f48b14215.jpg,0012
53c4c7c9dd644ef58516ce0d2c6a8bd3.jpg,0464
53c6d257c4374c168b439bb2d6fb67dc.jpg,0045
53c7a2a6688c4dea93346f2d35b23308.jpg,0177
53caf132cd3149978f2cf975c7b95f71.jpg,0310
53cb0127c2cf428c9e7d73c589d821e8.jpg,0128
53cb25c7948641a1a3170a7cbd62d3ea.jpg,0159
53d008db8d664983ad56fc2d149b8f44.jpg,0014
53d013087bb14e9fae4ea74972a9b684.jpg,0445
53d1463c563448de91205755a8b78a00.jpg,0279
53d25a6dfe1f4d71888589edac49c8b1.jpg,0028
53d4ce21682a474985fff10173f7254c.jpg,0007
53d5bb78a78a4c759214b3d6311d1f22.jpg,0471
53dab095f9a9486e83bf419888e90905.jpg,0024
53df54ab6e604364b1ff7d055f796524.jpg,0249
53e0e18aece54d58b5df0ab7615dcc66.jpg,0192
53e556862e3e42dfa636d44921c214f5.jpg,0446
53e66a02878b4800a34cfd6dbd710eb1.jpg,0264
53eb4da6bca1403b851f9f04833de248.jpg,0051
53eda3df5a6347ba8cad74fa82b28bdc.jpg,0431
53f13cf4124c426696db36a35960b2ec.jpg,0486
53f1715e9e164aba96d60e59f26cb94d.jpg,0188
53f25bec28ca4196855c19b88cf551d8.jpg,0242
53f675bbce01480c8666d8bc30bc74c1.jpg,0227
53f70ce3e94b4037866eea594c4b9a36.jpg,0360
53f74d9252da403b86517945d5dde314.jpg,0474
53f7e98da4224d8dac19616b9ecc29cb.jpg,0179
53f82b02108e4c889c43a7a4758fc409.jpg,0175
53f83d1c5f99480e9e853d1403560e81.jpg,0370
53f854f745d74ee7b679c6f328db10af.jpg,0425
53f9bed09ac74a03bad534d3a7010af0.jpg,0344
53f9f863d06f4523830fdddfbf44d285.jpg,0268
53fcc22a3d2a4577aae3faff475f605d.jpg,0137
540310cc0bd94a5cb6e438ce84cb3a28.jpg,0222
540783b7d85a45d69c2979da0720e389.jpg,0109
540a24d58541424880478d0515a3ff48.jpg,0000
540a2be625cf451d95b8125dbef13832.jpg,0207
540bb86827544d6197e05feeedd0237d.jpg,0262
540c8ba649154e09b4950d565201c160.jpg,0356
540cbbf3d6b340c2a29069d05ee9b26a.jpg,0341
540da8de7fbe40c9905d2627b9420cae.jpg,0313
540efac50c2f4234b3927708289f0ed9.jpg,0412
540f557a1f364eebbffb97aae80b8236.jpg,0314
5412a253a990438d9210e6d4c65beea4.jpg,0079
541a41c3aa274f7fb17f117fc827565c.jpg,0451
541a616f3f5b44aa8928b428a69e4b58.jpg,0481
541d279d6e4f4eb39071333ac703ff71.jpg,0242
541f6a6c47b142a4b8337554f375732e.jpg,0057
541fb74440304a09ac7dfaadd109928d.jpg,0370
541ffe5f68454917a73549340b60ec62.jpg,0165
5423f8ebe59d494d89821f3cb84098c7.jpg,0293
54248a1af269419cbb63ca4bf6cbe0b6.jpg,0184
5424d08abc6944408dc42517a922fb67.jpg,0394
542adf2dbe104ba3a7d3331236ad1ef3.jpg,0228
542ed9b1d9a04c4a89216db214ce75d5.jpg,0385
543397e45a5a4d50aca6e65b25d8d0c5.jpg,0401
5437d4c244e649e392473f55af8f427b.jpg,0168
5438c61a63df4a879f2574ec8563ab28.jpg,0334
543ba3f38aa84e93971b252ce0dea3f2.jpg,0417
543ceab94ba24832bb4bc1be92312ae2.jpg,0350
544011b988f7424487ebd2a52c489b90.jpg,0474
54409979dde54e08875c8230856fa37a.jpg,0265
54423c4cfc6b41c79c8e55498716d76f.jpg,0061
544308e98b2246959e045227bdfddb4d.jpg,0410
54446142fc734686b97c8e6e1b280f55.jpg,0200
5446d6d967b04340a573602ad9e1d640.jpg,0376
54473b80d9154c6b98ef1de6ccc089d2.jpg,0269
5449bc09f67f476db6416c1ed10cd42c.jpg,0309
544bdbc7d7f04f8f8d823c156c88942f.jpg,0223
544eaac8e556442f807ecd193f72f560.jpg,0377
54502f9699b3488e8c70c74c174579c3.jpg,0056
54519b7fdc9848e4a82123b08b6c4ad6.jpg,0254
545377545dc74264a0fad6b460e35bee.jpg,0041
54553fd1b6f448b8b6600770c42e029d.jpg,0251
54587615dc66493589a8cee6ad47a06a.jpg,0443
545a41dd7bfa4e56a0082e60d92cd4bc.jpg,0024
545bdbc3370747f49ecb465dd843b313.jpg,0231
545c1c2162f3484ca4520de472dbe4cb.jpg,0020
545ce0199c36416889c28db40756ad56.jpg,0050
545e5b7657404f41b80b038097597490.jpg,0164
545ef649c68843f59db555cb3b9831c8.jpg,0317
5465d57cbb404e46b900bbb9dbb96989.jpg,0188
54661b40d5ad4135811a5f5323cd48fe.jpg,0101
5467c4f8d34644b6a24c83dbf10a00e4.jpg,0395
546ac496c57b40cb822201c1b4a5aaca.jpg,0189
546b87aacc6248f4bc293284199fc860.jpg,0189
546bd66e5cf743e79d1b4c34a298517d.jpg,0229
5470c31a6c2e4bc79467848ab16792e0.jpg,0414
5474052b77ca45f59354a4568d392ea2.jpg,0249
547695d8857d4dbd86b33357c1e0e196.jpg,0078
547c1d3533004330acb3a6f24cb7e63e.jpg,0385
5480d7c49a9f4ad59cb7449f866b8758.jpg,0176
5480ee419bbe45dfada2d812cd42efea.jpg,0174
548233272bd94f108b4ce518bfa00374.jpg,0346
5482e5fdb4d54e17ab86a32e8bdcd88a.jpg,0301
548550867bb14c76a9dfad687f82d0bc.jpg,0439
5486e01c878440bb80691f47f6531984.jpg,0495
5486fc3f2e854334b619b5d8d68d8683.jpg,0211
5487a4cc8edc484c934bdac51fb52dfc.jpg,0003
5488d247a01f45e08b087b41eb207a63.jpg,0223
548bb56ae5254756b80b5b8c46584528.jpg,0027
548c94078ad6438fbe3a45cd72c79b8e.jpg,0247
548f97ebbc7b479baf6ca2417249605f.jpg,0353
54938cf3b6ba488da1a3baa4426a73a2.jpg,0404
5495b2e5067540f7bb4e23297afff85d.jpg,0026
5496521233084656910328aef121d8e4.jpg,0199
54978669d44b4f058c8bc35ba3325133.jpg,0103
5499eb5e9af64a9ca797f3dc70bc3b59.jpg,0473
549eacfff79a43fc8c34495a8f39f90a.jpg,0367
549f422b6bee4f60b4674e5e1643c2a8.jpg,0226
549fcfa1f65e4507b8478294430ea05b.jpg,0285
54a16fb5df2a40e188aa9733790b88db.jpg,0184
54a3faafa9ad4ee093b331ad60707be9.jpg,0063
54a51e90b7fa4f5480e86f41f0f0f323.jpg,0264
54aa29681bc940ddb35764ca41685801.jpg,0281
54ab29df578346ad85129b7085f1d948.jpg,0018
54ab7b96f37b47579eaab70707748c5c.jpg,0171
54abb423c1784690afd7b5974d9c1d32.jpg,0178
54b4af48643a4b3fa2e9a2facb1ba6cf.jpg,0142
54b4fbe09f1b4888915b19c99c1b6dce.jpg,0115
54b63a9b9fe74e999c69659aa6441b60.jpg,0456
54b6988081ce4469a18aca6ec8b7fd6e.jpg,0288
54bc64ddc08443dabcb502f6c65b0d4f.jpg,0297
54bdd2e58ca94bb9b39847e43ed9a524.jpg,0019
54bf5b6620a7446eb953a412bf4bc1eb.jpg,0412
54bfda601bcf4cf4b26176139a5a7c1c.jpg,0322
54c34b54309240acbcd68cb6e58853c8.jpg,0191
54c629cd739e47ea9257893411df8214.jpg,0129
54cb25c51d944cea902584985bb6ce90.jpg,0142
54cd3d4314ea43cd9af7c69891acfc13.jpg,0041
54cd6343f13f4ba88700ad798202ba39.jpg,0133
54ce8442d590441198565ea4600b6864.jpg,0231
54d2894673324592887750f22f558cd7.jpg,0466
54d410a202d44a31908b292e1bce5274.jpg,0368
54d5a9c4958241e9a5a4370ca52e6038.jpg,0002
54d5f58193914ec883383bd2d3e51113.jpg,0105
54d8664387cf4604aa104f868d8f4aac.jpg,0106
54db49b850684dd583c3b3d80b116df3.jpg,0270
54dc67569644475098ce9b65fda7dbd3.jpg,0249
54dca1f8cdfc40b781477a564f889668.jpg,0046
54dd352f59b7484fa71de246b84e7ff3.jpg,0176
54dd81fd68ac4c8c869c832db70c485e.jpg,0407
54def7541d0842c3834a83f1ed783275.jpg,0205
54df1146b3674643910a9b8e68b41a62.jpg,0265
54e0628487424f2081ef5ebbc9b29326.jpg,0478
54e179b8a98e4c03b398bcff7f5e1866.jpg,0395
54e2615a92034a2fa3b13dde0425ac2e.jpg,0302
54e52ea6997747c89d78167a1bf18d64.jpg,0009
54e64c605aac452bb4a3301f40e8a2b8.jpg,0029
54e827995b914982b1d7b462d5523d51.jpg,0060
54e91802f6be46a79a82ed2b4bd41125.jpg,0269
54ebc4ebdd5247a1956ba8dadacee234.jpg,0237
54ef0a77728a4c8ebc211b8fa7be884b.jpg,0147
54fa213f84b0422998723099405d3517.jpg,0037
54fa7dd209864219b79cf82dcbc11e88.jpg,0059
54fb461fc2ee4f1ba1cc67b5c6162d39.jpg,0435
54fc1540d24d4a389243dbf883a19145.jpg,0006
54fc9d26a81445858260353ee8fcfac7.jpg,0310
54fef82a5e3a49c4b8d7eb6242bdda6d.jpg,0126
5503840ea4734502bf270e143d9cb7dd.jpg,0102
5510ee70a566496f91ee588afbf20831.jpg,0329
5511a8ec2bc54226a312559f5efeed5d.jpg,0296
55124e5351e64b9e97cda1a9673e86f1.jpg,0217
5512d3c2da63444c910254b8f36b57fd.jpg,0028
5513245153fe428896672d8cb890bd23.jpg,0171
551a8575a17b4244938b95839aba377e.jpg,0482
551abc663a844e1682d51815bab75ecd.jpg,0166
551ba18583a0454ea0cbb29be3626191.jpg,0306
552164fd5e48407da72b3518bacd1c94.jpg,0222
5521bf5af8064a21ad620e80e1d6aea0.jpg,0157
55254b1ef7f24edba5491e4f6beaa3cd.jpg,0338
552c6f47bc484e36b2f524a275a2dd18.jpg,0096
552cb57ab3694a52a864d78e2d37e584.jpg,0417
552f81779da74f26804a2406b2bf9142.jpg,0185
5534fdd99b56481abdb1037e9e03e415.jpg,0167
55356e30b55046a4b1aef71565fc4666.jpg,0472
55365b49ac14490187b013acaf49740e.jpg,0297
553b05a52ef641b9a3439d6d7dd3af6b.jpg,0362
553c95971c3d4bb1b4ecf4e5c3e6aa33.jpg,0420
5542e252e9064235932a158f1babaed0.jpg,0214
554686dc0d8f43a3b412441ac07599e5.jpg,0013
5547eeb916bc49538e98734e48dca84d.jpg,0353
554bf27060104ee19170e2fee8a2552b.jpg,0441
5552bb539a7d465ebdafb83352d5a362.jpg,0154
555f0eb29d534f35926901d16a7e8d66.jpg,0171
555f44b2f10244a285979d1b85085fa0.jpg,0416
5560a52202fc4d178342a44569b90d00.jpg,0272
5565140aaf9e4c2d990a2bc1c5c676a6.jpg,0359
556aaac1ca984b949f8f9d1d81d0a8fc.jpg,0238
55732abe4e6444b395b008a9bbaae4ad.jpg,0389
5575e2ad5f5c423087d28071f5578b24.jpg,0170
55778449673e4961884974604c2ce6e7.jpg,0055
55779715eea54c0894fd494f72635e06.jpg,0228
557871df86de4f26a834d5f82243de65.jpg,0042
55799ff52bb1490889fb032ed9fb64bd.jpg,0427
5582c9ecaa3840f697efdfabb1872ef1.jpg,0061
55874778aa5e452f9a194919b6508ff8.jpg,0458
5589ad50d8984ffcb6f385993728e5a7.jpg,0235
558bc313cb8e4138bc6cc40f33732b9f.jpg,0131
558cce12f35b4a2ba1482172925196bf.jpg,0184
55970f13291945bf87f041685dd640fc.jpg,0062
559a26602d1245af8d99fd92b614beca.jpg,0387
559a8517993d43658a84d73e2eb3a958.jpg,0357
559d05a5b21146698490b21db4f59644.jpg,0008
55a2d9dae6364070b5ca77287d8fb0c5.jpg,0304
55a497d505744488a450f059a620df98.jpg,0206
55a5a4c9d76c454ca5d1b6b0d41a6634.jpg,0110
55a79866e53e418db465792e38d8b952.jpg,0477
55a858f507f3406295cd95b4bf720fee.jpg,0299
55a8f258b9564d3ab0412da4c42db7d8.jpg,0178
55a972ab8fc34d81abae1156ebe05996.jpg,0123
55aa38a921a94cfcb4970425baf3783b.jpg,0052
55ab8d38dbf6475aa129eac62009089b.jpg,0199
55ae61e4820045a0a512e034ba6b13fc.jpg,0020
55b6820fb092425280f9d45fee33c7ce.jpg,0067
55b9713e3ac44cafba25e262e4e211ac.jpg,0217
55bbec7068914f35bad7eca8fa90b98c.jpg,0403
55bbf4a8e4ff4bc88cca9c3fb61046ea.jpg,0112
55c52a15c16643128be8b8a242eaea58.jpg,0435
55c672ef1aec465db4d013cb464826a4.jpg,0133
55cbbf1f38194b2eb52dbe375846b662.jpg,0251
55cc74b7e1694a6d8a62868fbaa20e45.jpg,0422
55ce8486b9024134bb8084bba570fdb3.jpg,0099
55d0b229136844e3a00514b1630653f2.jpg,0420
55d0b3f04831434993a1b220538db67c.jpg,0061
55d1073228a344b88ddb522aff0bd71b.jpg,0334
55d16d675b804350afd78dae92510a19.jpg,0113
55d623eb6ab547a2bcb088a969ac61d1.jpg,0064
55e115e7e6304eea82c102d7dc9df3c3.jpg,0079
55e7bf97b453434c9e32473f1068018d.jpg,0262
55e87273c17644d9844f51d1a520f195.jpg,0191
55ea3743f64a4401953b98f8743a6899.jpg,0239
55eb9dbd596e4f78a286da4aa2375f87.jpg,0012
55ee79d068e848ad8c0d065d9a7a1d88.jpg,0438
55ef5bb02e274e33ae44a8ae9794ac11.jpg,0241
55f4fc1a8916470c95c9f72622505b5e.jpg,0154
55f75a7939fb448ea24323cb806be63c.jpg,0259
55f832a848e2411592850d9b78c46606.jpg,0092
55f8e09be47d4712ab06c1d266068936.jpg,0109
55fc5bcd4a5d4ec58a9b39daddfa326e.jpg,0254
55fc7505b41c4e8f9aa175a7d81ee91d.jpg,0421
55fe18e248274c03bc1b0cf04cb62fa0.jpg,0147
5602dbe565b248d08815d3ba79ac341f.jpg,0013
5607bae87e0146929547cbb295d1f38d.jpg,0014
56082cc581ed434d8a1b7570d1f8b037.jpg,0254
5608894eb7fc463caa0ab698a09415b2.jpg,0325
560a2d635cd04185b703b370f84ed09f.jpg,0465
560c4c5864214c62aed9e04b790b4cc3.jpg,0303
560d2f94399a4f70aff383ae4ef98d85.jpg,0088
56107a5a8501490eaba7d9846cbd7a37.jpg,0172
56127ddb5bb84396b00b0ea94f8c28d5.jpg,0147
561300e047404888ab4dcfbf0c070a80.jpg,0447
56131a07ac9046428dd43c9218c84dca.jpg,0286
56175d89f6374bd49a3616b435ba951e.jpg,0364
5618e5451c174d98b95ec24a192b8850.jpg,0279
561a0410227640e696eda0d8862a8b80.jpg,0277
561b5161e5a84262acaca7ac98af3576.jpg,0049
561e284e9be14b05aec5748c6757595a.jpg,0489
562837f11d5f4efc8dc2b6d1dbad2dd3.jpg,0178
5631c02bdbe44d49a59de69a274d57fb.jpg,0421
5633ae1a73ad4c0a844ac83c8c55e7fd.jpg,0486
5635403acd474889a60868b20ccef44b.jpg,0006
5635f4a33ce84de7b2b61cb704877d48.jpg,0075
563e55707327417e81bd63b033458d7c.jpg,0372
563eedfc432a4545bd34012ff10fbcd1.jpg,0395
564344cc9e064775ae01a272e3ecdf37.jpg,0161
5645728d314346aa975ce324eb4a8c3f.jpg,0323
5645e787356a498f976b6a0db167d8f0.jpg,0235
564849f3c2d64cc7888e3c61fef3bd6a.jpg,0177
564eccfcb9d74793899629e0a2274e62.jpg,0394
56504ed08a1a494fa8bcf9921578fa53.jpg,0006
56506795b5374064b6c52e2931ed8e70.jpg,0374
5650f807f75c40758d8c00b9bb69557e.jpg,0489
56556305a1d74ba4b1a179d08752557f.jpg,0328
5657465a8b944140b5222ef9107b91c1.jpg,0136
5658a58ea042480ab6d1420425c408da.jpg,0197
56592869dca94034b2ed368a5640b58c.jpg,0015
5659aee10f094d6688b2cdf21830f233.jpg,0342
565b1924c20749129be25b1c2b0b62d6.jpg,0273
565b8c19d25b406e9b6ac48ab6de9207.jpg,0239
565be813ec544b40ac10a448944836ae.jpg,0000
565e436643b44a858e7fb56f8c317d9c.jpg,0413
565fe642a5b74c97b9e70edfd125752c.jpg,0262
56654d29a2d049e3a107334079f58d36.jpg,0076
56675ebe2ba849a1b7e5860893fba5dc.jpg,0427
566bcb7a62d24f81b9e8b200e57d7470.jpg,0461
566e4ffe639e452f83d9a2b88ffd8eb1.jpg,0195
566f7824896c4dedbf8ecbd2b710216c.jpg,0198
567042aaca8a4bbda9c4e1c8673c84ec.jpg,0437
567a527e3f0f417d9368fe537c068fb7.jpg,0281
567af958aca44ff0ad2bd5b69614a5b3.jpg,0403
567bd3bec4cf4c78a715e4b9019b3fac.jpg,0420
567c902394464524b12144e294918fef.jpg,0402
56870516888f40499ece3aaf0eda2511.jpg,0182
56870d12056e416185f726701ed6de24.jpg,0137
56887a4504444bdfb746b5617c71220c.jpg,0480
56887bd0351743c19b029377c7375722.jpg,0338
5689759868dd4a9ca53c96d7e1b58a86.jpg,0080
5689d75d14d24d1390e9f6bff9594389.jpg,0443
568a80e4d77942fd8536a681397730f1.jpg,0286
5692df63f3bd4fa483cfdacc3b3ef0a0.jpg,0187
56965cd7761240e5a8b755635af25e5d.jpg,0168
5696a8cc326c432e809c10b6c7cde7d5.jpg,0115
5698c69225c04bc580e566478c8cff00.jpg,0187
5699aaac39d04258bbe78c4c40381fec.jpg,0240
569d0b0d77904164866b98e7ad561463.jpg,0065
569d8991e3264cb896254000c6211d0a.jpg,0368
569dd5af90414189b8218ecafd8d9b92.jpg,0484
56a0583b042440078ba065cfdbf0d3c0.jpg,0047
56a28c7aeeb64a9e9372c14d91fe38b1.jpg,0099
56a3cf5684224d58b6c90ce2aa177435.jpg,0049
56a41ca961684d579535163a712a1470.jpg,0315
56a49ad210b84304a5a291233782f34b.jpg,0189
56a5756c9a6b4fc78c4226ea3c561427.jpg,0008
56aaa3d12c3e4dff85d0b17ed2d24e9c.jpg,0221
56ab1989bf2a4c749ccdcb4b96dc310e.jpg,0222
56b07c74698648c2b6cf49b35ef4bf7a.jpg,0461
56b1dfb9045b4a0eb18a59b182292b98.jpg,0379
56b633e8e0a1422f8f1d501ae0c21ad3.jpg,0497
56b991534d384be095709bca657c87ca.jpg,0429
56be8253f1aa4cfa8827ae0fcb56f407.jpg,0231
56bfda7d1a1b4729bd19009833a3751a.jpg,0245
56c1c7d584f04925be63c6de437cd828.jpg,0006
56c37f3083d647648720efaa404238e8.jpg,0387
56c4aa23ea924008a82fe00ffb546ded.jpg,0255
56c4faaa8fd0420ca549729d4915953b.jpg,0392
56c58178636c4bb58d80d08dae37ea91.jpg,0032
56c66207971541fa8037fd0fca11c980.jpg,0334
56c682ba22be463ba55ba627d2159c76.jpg,0276
56c7f6d3bf9041dc9999547f6c1b2980.jpg,0076
56c8db396ad246a9897acad49ef336da.jpg,0480
56cff222b82e4ddf81c11dc048cf9714.jpg,0213
56d1a7a69256428f80a59a2c5c5fc96c.jpg,0405
56d22a5ff39544fb8093158222e44cf2.jpg,0056
56d26c891c2e4dc69f65012b851c89c5.jpg,0224
56d3e512ee53403db0989e274acd7136.jpg,0152
56d5377b8bae408f81e2bd3a756ca306.jpg,0458
56d9e36ee41c41548c85905d1740c026.jpg,0275
56dc2c247a5c4096a485cdc4390d0e44.jpg,0044
56de8d41b5de4d6e9b6a241398087a0a.jpg,0183
56e0630bd8b741a9baae059719f12cd4.jpg,0364
56e977bb6c68484983bc3398f0546aec.jpg,0219
56eac10397f04fcabc7146547b8f2e6e.jpg,0164
56f050b42b364a44be17054e8926a795.jpg,0387
56f0e60eed914131864fb46529168f82.jpg,0194
56f8ab1b2d684d678cbc5fe6c29119f5.jpg,0417
56fa16bc01304eceae517fc8f912ca03.jpg,0233
56fa8bcd76254f8e9486a0b6ec0d3cf2.jpg,0178
56fc9a97c1b8458d914a8fe84ead4110.jpg,0081
5702fc1ef01541e6a812b266580a66d6.jpg,0111
570301681fb74ff0bf6853d48fd0ce13.jpg,0305
570b44febf274e878afdbb422c2e128b.jpg,0416
570b5f571859411c88bcb435aa74dded.jpg,0242
570d871a0dfa4a4397f15fe2ef4fde87.jpg,0207
570db726929a4f919c6055921855d305.jpg,0408
570f1255c14a4c649ff881a8a565fd93.jpg,0434
5717963b9f80429287cad18c3082fc96.jpg,0150
571bb0b6c54b43bf8bdbb789a87410de.jpg,0493
571d989845f94080add0b5e773e049e0.jpg,0446
57206815c9de48a7bcc2ad770f0b5780.jpg,0359
572263f2870a4989a5eceba245725e89.jpg,0240
5722bc6cc3e6481bbda43d59f8a5ec46.jpg,0129
5723e6d5ac604de189a41b20c1f6d3c8.jpg,0075
57285a4897b94822831a45c7fe8b0a91.jpg,0395
572cbd60e32a46879e78ae9fcdf60a12.jpg,0136
572eca2b6ee84bb0945da6735984c1b6.jpg,0332
572f5195fa4940559604e9272efa1643.jpg,0009
5732b6def8964348a27f212828aae176.jpg,0427
5734b8378a904be581327f111a99a345.jpg,0302
57388153b3144d3780b56ac7958e2102.jpg,0450
573a737740ce4204a537be9677a42b13.jpg,0431
573cb02097694536bd8295356fabd62e.jpg,0440
573e93205f2b424f85cb3fbe853578b6.jpg,0002
574318d20c0b4679bfa1c7d5002ad198.jpg,0333
5749eaa0dd9440a78aea31ec87e15dea.jpg,0161
5752b2f151434a48a3c0bb1703042ea3.jpg,0189
575590e79ba84f9bb6e69c79cf1367ba.jpg,0206
575c2878d1f7436fbbdf6418184a7f12.jpg,0003
575cb2898c584baab01c91d3c6a02597.jpg,0490
57629e4574684c3e9517ea069399c26d.jpg,0151
5766bc56336948149704dfbb994e7fa0.jpg,0373
576c08da11654bbbbd5ddb04b3b65ac5.jpg,0139
576cdf6324c54ad195dc8e371b72d4b0.jpg,0216
576d78d915084081ae7a2e050b0f2e2a.jpg,0264
576d7d08d7c24ad4a2b8143e5f613e04.jpg,0425
576e65ef441147fb82eaf7ea75107ba6.jpg,0251
576f7d95990a497b88e649e32eb529dd.jpg,0008
5770327cae3245dc9310fba0efd4a6bd.jpg,0015
57716f62471744b19e25b5be4435e839.jpg,0117
5777476d8c634bc189147f58e24ee951.jpg,0347
5778e1b1096344d6900e189a2869cd7a.jpg,0107
577b20ab2ff84285aea234fb14c488f2.jpg,0186
577cd1f7f23e40a188b165a1f42b1e3d.jpg,0238
5781c20ef63445508706fe07ad616bb6.jpg,0119
5781dc1ffff94b7b88f3a48698e55156.jpg,0258
57845ce639674fbaa1495d875b9ed144.jpg,0150
57851b0c5dbb4577b4356f9c4e4e4174.jpg,0142
57857d642ac74d1e97da544ef0945557.jpg,0137
5789a1d42f9c46b89248bcbd6397b57a.jpg,0237
578b802f1eae4da5a2a93b1533c35206.jpg,0413
578d1639d58947c38b283c2ccb173b61.jpg,0244
578e017402514330a2b86a0b464ab2f7.jpg,0314
5793ba6004cd4d29a7783dc8c19523bf.jpg,0334
57977b08c52047d3a571af8d2c26ec9c.jpg,0007
579c099eb4da448ea8014dba2d1d2c63.jpg,0459
579c487d7179414394d6ac8777e23c73.jpg,0203
579cf2cb7a49466baec4ddc1a578758c.jpg,0213
57a02f78d7f04a268e6ccb4d1a2a77ed.jpg,0146
57a199ccbf7d4fd6a1fdbd0ef00a72ef.jpg,0185
57a1a2b3268447a2b6d0b3fa1c73a869.jpg,0479
57a4cf5967bd440a8fe469cd8ecdc20a.jpg,0176
57ac09731f4044e882ec96fb280dadd8.jpg,0083
57ac6d05c5024aa6916204b43ee61b15.jpg,0495
57b1ca75bf894c4dafab55f38245a846.jpg,0291
57b33e9d4be247b789cfc4549721e459.jpg,0266
57b606b9264e4c06877ef31a26a6984b.jpg,0029
57b6df507c5c4b9099d1ebd3a3d038a3.jpg,0156
57c2154525f04d1e8cd75e82264c7887.jpg,0010
57c2fafd1ab64723bc27515e6581d130.jpg,0173
57c4597e7f484d07a4990cd5f9282707.jpg,0202
57c8408fd938481aba7dd7287147c205.jpg,0038
57cc14644fcc4b31b512cd881c75bcbb.jpg,0193
57d25767a1494e378e3a97ec23510c1a.jpg,0285
57d340be621848778e8f8598a5dba0cd.jpg,0405
57d3617831344c289ad4787b506d23ae.jpg,0418
57d609ff21ff4b22bcb9dd42c9d5eb04.jpg,0177
57da642a8106454293768cecc311dfe8.jpg,0186
57dc8300758b4c808f176f8d6884e05e.jpg,0148
57dd52d75bb748e980a5e4cc888b8aa3.jpg,0065
57dd7577ea0b48579b8efc30cc1a58f6.jpg,0346
57ded3e0610e4595bff7bbfe397bd487.jpg,0093
57df27cc5d964cf4abc54918347a0d85.jpg,0049
57e2cc6c64264c3cb397ba9b0afa0f3b.jpg,0258
57e38700c20147b7959d45164504a10b.jpg,0424
57e4b1bde99f496e9609a4e7bcd9d80b.jpg,0256
57e7ab8e88ec4961beea1415d4d0a52d.jpg,0300
57f23c787801477d94df095045e8a39c.jpg,0024
57f9a0eaf4834c33b5b6fc7befa5b6ed.jpg,0153
58042a116d874a5084e6bf39d6f1c410.jpg,0045
5805e8ba80754ee48b1441cc4bdb51c2.jpg,0102
5806e606089e493cbb36251943469238.jpg,0166
580902b04559481da9efe8950fa335d3.jpg,0150
580965466ded49f18a938aa386d74fd4.jpg,0024
5814d9597f0f4c31bea8faa1b9997cd8.jpg,0417
5814ec6f651f41088e7d1ca6bc1ea412.jpg,0370
58166fbefa414cf4bfe5b4237f961d70.jpg,0150
5818467845794c38887d88791eeb2ec4.jpg,0385
5818b44eeb1e4225b965a22e0c47d1d2.jpg,0069
581e9eb38e4f49fc8a90eb317c150238.jpg,0185
582111213e1d4c7cb517e75a771d5b23.jpg,0033
582e2de3a67548f28afc3fcecaaad894.jpg,0287
583158de1b7f49f4bea20dded12ef169.jpg,0259
58371f79bff441beaf8d39904e69cd97.jpg,0368
58390944dff849ceabbc33b7b5957269.jpg,0370
583c13e2026c403cab42d5492e8206e1.jpg,0453
583d90885ef847879d6b6e513c30edf3.jpg,0330
583e74e932074d6e93e0783ee3d5861c.jpg,0190
583fe6d1af484ad4845504b577f9e224.jpg,0096
5841fff11601410ba12cdddc53e7ce1c.jpg,0079
5842d8f6f5144b63956649bdac704336.jpg,0123
5842e4aede61452cbad19c67842e05a6.jpg,0203
5846bcecdcfe494690275ba79af1dd67.jpg,0139
5847ec8ee8c2473c80598dc7c9b36345.jpg,0009
584a810e03bd4a9bbe921008374aff1c.jpg,0052
584c64ca33204e83be9034b62ab93c98.jpg,0424
584c78b285e74f848c4db1080cdd2875.jpg,0220
584dd6e381794cf0a37335f57a474f19.jpg,0263
5850f00d2ddd4dfdaa225070a9d648dd.jpg,0305
58538a2d0b9745f59bc5c54bf5a80011.jpg,0439
58544441fe91454c9160f505a19e8bd0.jpg,0404
5854948b5d244434a9b71592a88606e8.jpg,0327
5854cd66e5e14cb290519db51647b0f1.jpg,0261
5858ef79df8f430aa04dd37380834018.jpg,0033
585a5585d5ca470f9c4934f434dc75b3.jpg,0279
585d679049a94c77aca53e62726bb085.jpg,0455
585e2943bb564e9490851f490c98f93b.jpg,0235
5861a4cf4b48456dbffb06fdca962ed0.jpg,0100
5861ba2aa6b6465584d29c8762ce8649.jpg,0046
586834a21f16418f8605ccd35b1c677d.jpg,0181
586b21bba9d24a94ac1961da760dc64a.jpg,0112
5870934c59c74b9f9eb38fb59eda90d2.jpg,0029
587621d54712448a8d15b8e5057410e1.jpg,0265
58774db97a884b89b13bcb4ff646d40c.jpg,0417
58785e74beb440f0ac994dd576e00580.jpg,0110
587c97fcfebc4c45af15b0fdf4b788ca.jpg,0040
587d65a5e8f943a7a9a4a92f062206fe.jpg,0130
587d9820e30349fdb9ae0ab291f57149.jpg,0246
587efefadfb54e33b48e72d65813e220.jpg,0105
58836400ca8b4bebba980b857031da2c.jpg,0361
5883ad19c1e4447dafc19fab58ef8976.jpg,0114
5885e8e215fb42829958fe02c951ca1a.jpg,0233
5887066e51144b9a9aa8ac591bde69b3.jpg,0399
58873f8de8064d94a9b7d97b27b70248.jpg,0445
5887f6d3acd048f485967c1879ef0144.jpg,0488
5888063cb5bc468a8736a8888a6d78e1.jpg,0099
5888be4bd5a3447f8c3ff6f85a4213fe.jpg,0328
588903c7f59748999de9faf17f3343f7.jpg,0061
58908760ae67406a814a4d1c7462ee21.jpg,0469
5891648ae61c4a1286b88b88d284c3c2.jpg,0024
58920440965f46b4b9588af8ec252893.jpg,0352
5892e4d63df545ba9581c4204a7c36f5.jpg,0064
58960c0a9c994c83a8ecce9196be4ba5.jpg,0069
589c911e70294e59af744aa0674f44f8.jpg,0497
589dba46835f44069ef4f90ac31bba59.jpg,0466
58a4cf7ed55943c5b5dac430388d9226.jpg,0196
58a710043a7a41479905f31de10806ee.jpg,0142
58a8be978c4f4b8ca85c4f9b82b2fe77.jpg,0424
58acb5a868914a029d46695d67ee73c6.jpg,0172
58ad57a64a6d4324933454be93bffea5.jpg,0330
58b6e58062cd489b9333639a5714be2a.jpg,0110
58b9ff474a974f98bd4b1e4bb8c57cd2.jpg,0259
58bbb4ad8c7d478d83845b61e3101f6a.jpg,0032
58be3879c13545aba7aeff2361fd7e96.jpg,0499
58c0850dd1ce458abff5988f4239c70f.jpg,0136
58c267b6b5794a15bea08926965f4033.jpg,0094
58c28d411c674cd88c7564dd490db1d4.jpg,0199
58c793cc1276494aaf08eae577cbfd09.jpg,0350
58c8160caa7b4058b27320de143e088b.jpg,0428
58ccbab0971b4b12b4aa7891eb7ec1a2.jpg,0430
58cfa6d8052f47e9b7d7f1664432e1aa.jpg,0134
58cfbca5c321416b97940df6cd4c1baf.jpg,0284
58d0a963b9dc4b4fbd0648f6142c02a0.jpg,0329
58d1e1d329c446d0b3b88e98dc80baf4.jpg,0002
58d26d9b8e324468833e80995fd93c23.jpg,0293
58d35826b55d4994b42ee5893c602421.jpg,0392
58d73c7d0f544d60b2dc0f26db887fc4.jpg,0484
58d9273987a34907948201fa68f07fcc.jpg,0381
58dab458788b49a4b069e734a74a858e.jpg,0124
58dde40216264fed81701273a0480be8.jpg,0045
58df45c20463493c985deeb554531040.jpg,0145
58e0fbf767704fac9c013f68e4f98aa6.jpg,0431
58e51c56cd934039838eeffd8fc14f61.jpg,0043
58e523b188c44099a09a79e8ac73628e.jpg,0409
58e6186c20ad44e4806e1790060c5c88.jpg,0464
58ebce5a139340d589882a54a083f4ce.jpg,0205
58ec187f50a34d58b7f6b46f724b67d1.jpg,0359
58f1a30974e64bdbaf9ebedac2fd3dca.jpg,0472
58f4dabb1f7643bcad539c79c255dd08.jpg,0347
58f8957678b84c5eae27287c268a501b.jpg,0194
58f9f06da7714a6395ef5b897f4c5eb5.jpg,0450
58fc87284ea64e0fb6656acc34b8a1e0.jpg,0279
5908e08111114be986350405b0943bb7.jpg,0069
5909e1248a254aa589dfd175e16bd8b3.jpg,0176
5909ee7b36f3493e94ae565d88601399.jpg,0005
590b9c9413d8414eaca05efe027b409f.jpg,0008
590cfd4dbac048c7bb123b247d7b78d1.jpg,0476
59146b34deb1421aaf55f25c96084578.jpg,0070
59148cfc432e4085b7d3b5f300e0a362.jpg,0152
591bb38fa4704e34b892a5574bf8f455.jpg,0067
5922504e69664b36a67b937ce32b902e.jpg,0338
5924a69ea5084b50803da581092f9674.jpg,0359
592bcda0b119403aa2eaa130518605e7.jpg,0440
592e690f4147442887c782c05cdcc431.jpg,0001
5931f5955e3a452a927e977b25ea74c7.jpg,0098
5937e81abf81462eb84897ae4f043786.jpg,0424
59384903fd5b465eb54be7eac610e899.jpg,0207
5938930de9064dcdbc2a2eebdc5ed2ed.jpg,0175
5938a18096ff40799833a4f46773fe30.jpg,0142
593b616305734596ac4cc10514c7d4d3.jpg,0031
593ec40110bc44d89986960d369ebe90.jpg,0167
593f23c332244d28b750353f0271a9b0.jpg,0222
594191499b24461ab0f4eb01667637bf.jpg,0027
5942fbd1b7e84cb6b2483e217fcb72ac.jpg,0083
5944f435682a4d148ec5c4691b6aba15.jpg,0288
5948704877a5475f9fff4e069440c3b7.jpg,0249
5949f443c679464a94ae868cce348d49.jpg,0098
594baa70d9e245bb8ecffacda66a7660.jpg,0031
594c3e80f8764655873ac993424c1fa0.jpg,0054
594ce3357e3a4629a0194aa36e0b6805.jpg,0078
594f8922253a4cedafce82e46a2d83ea.jpg,0436
59512923fd9846839aaa7ceee3f5dea6.jpg,0267
595260be51544e8a813c99640f703972.jpg,0343
5952f1769744488eb86cc87fb1b75e23.jpg,0145
5955f33ec97641da8fbd58fdc446ee97.jpg,0372
5957affbc2e1417a90310ec7c2acf975.jpg,0225
595a07ce73364775aa6039ed5c1be005.jpg,0341
595a247fd2dc4d599e0ee1dc9f9d8b32.jpg,0205
595b1e42f7384ef39db4f3653280d516.jpg,0357
595ce5eb3e474716a838ec08207a3ed4.jpg,0351
595ee1fb08d94d7cb57b77cf89425499.jpg,0161
5961172e4948499c83b4bd3a57cdbb0b.jpg,0118
59666e6194fd44f391bc93f085c1cfe2.jpg,0233
5968cda2fd184b0b9c07e3da22ec41e3.jpg,0466
596c43f2dea74e1c9e1c2aa9b78ccfe3.jpg,0244
596e0fe1d6f14e26b0f0b73fbc02d970.jpg,0487
596fc96c15b84df7865049cd01480148.jpg,0044
597213a447ce4e8eb774017ff17131b2.jpg,0192
5976bbc086e94f8faf0ee442c619fe6b.jpg,0079
5977f34f3bcc4ab2a8b8164fda23e9fe.jpg,0046
5977f5c01f6840be9906b1cf7a938a81.jpg,0022
5979f3c4aec545d1b62f45fa136f55f3.jpg,0173
597b42143de34b33aa248190b1adce37.jpg,0219
597b76bf79924a5eb444cf77a9f1fd58.jpg,0205
597bdc510b8c4168a654038968d22b2d.jpg,0453
597c5578660845848b9d85dcd66ac523.jpg,0424
5984af5d89c046fab202d71b9b39db86.jpg,0469
598d42cd1bcd44cbbb1c4a1ea71db197.jpg,0071
598d8b7f165840618d1d255e3cc6c4d5.jpg,0109
5990b97136bc48f89c0f10cee41009e5.jpg,0122
599486196cd747a68f2db11b93cb9411.jpg,0455
5994a3167e2e49329042a84ec634c5d8.jpg,0174
59952d7c1a5f42edbe1947a2a46be8fe.jpg,0365
599a2646a0f84473a56e453a0e79a3c6.jpg,0214
599b9180cd4f4ac19c9886c456e266a3.jpg,0044
599e15f1381f4af8a2f0383e1518c0b7.jpg,0001
599e77510c59484cb0e20634c2541188.jpg,0241
59a0f56b2b0e42fda5c60f72b5543d34.jpg,0176
59a27896a3174d54a99f43a62355d695.jpg,0164
59a40a05f5e54bd6a43a4e697111d6d5.jpg,0446
59a4cb7ba8174c93a56be7cbcf54e807.jpg,0352
59a5ed628bf84ddca2af8b5a1af9195d.jpg,0210
59a938c918a84da49d3e2de6f2194969.jpg,0365
59b310edc09e48e59d0c038b1b0f29d0.jpg,0170
59b5cccd6d1a4e688fe294be015680f8.jpg,0433
59b67086dace49d3a88dd5db9dbcaf69.jpg,0437
59b8428470c44d269aa90d32e0c1d94d.jpg,0392
59ba7ee69b3f4e0bbb4601479754a3e9.jpg,0123
59bf9ae308434de8b76d90682d11dcff.jpg,0095
59c1ec06c1cc4550ba9800697b1650bd.jpg,0147
59c3ab43ba164070ac389e498ed0fc2d.jpg,0255
59c526350da04a609b6dafeac65dae4f.jpg,0189
59c5c9c01db84c319ca09ecf6436b7ae.jpg,0487
59c81e0164154eb98374e8bbef4cda8c.jpg,0185
59c88ce3909d46b78c36b3799af8cc36.jpg,0061
59c9ce25e8a946798b45f7241a33e868.jpg,0133
59ce3fee42934a1eaff222d8743cb6a7.jpg,0379
59cee93b21df428a9992967685d6369b.jpg,0405
59cfdd1fb2384b188394573abfbfff86.jpg,0190
59d162c8a3fd4312b5beb76d50dfe13e.jpg,0205
59dca3f28fa54245bd40bb3053deda58.jpg,0225
59dce48564d04daa8f6d4470328cecb8.jpg,0376
59e115e46439420d99d96f00dfbeeb15.jpg,0085
59ec99fb2e97464a98427006f684be85.jpg,0107
59eed8a01a2f47ae9724d0b575cd853c.jpg,0387
59ef3aa0d517446ab876721a73a99648.jpg,0462
59f4684ed689418db6d0b01dfad12e68.jpg,0138
59f49aded5294dd38fb3fe684cc5a6de.jpg,0428
59f708fb9fa1423689f1ba5b14e69a13.jpg,0477
59ff381e9da14328bd1b6e3a0123e35e.jpg,0326
5a03340e6e704a23be2d8dd9dd095b21.jpg,0457
5a037addaa6a45d98d0f618ae1a3af80.jpg,0253
5a060608f6234cc0a7d9745a4236c024.jpg,0357
5a06ce7a22174091ae2bbffdb0e3f0ee.jpg,0268
5a0db0fea6534848922cce5bf833bec4.jpg,0448
5a11e5232dc9441e93d6a85dd91a6ccd.jpg,0149
5a128ca6f3a1429ea44d8303df170d64.jpg,0472
5a13864b9d1a4a6b8456517857ea5959.jpg,0169
5a1733b1b54947bf89904e3697eebdd6.jpg,0197
5a19ca34fd864257bd87cd1a9be10105.jpg,0079
5a1a35b56dd64ef29502d77fd5a7afc7.jpg,0091
5a1b8099c2ae4f26aa3b4398ba71b08e.jpg,0249
5a214e08a5344c00b0070c12f3c6cf19.jpg,0426
5a235b2f47ab4f738662523134b571fa.jpg,0265
5a27f769c0ab4ece936686f70f534035.jpg,0473
5a283072d6cf4d6c859816843a3a9aa8.jpg,0441
5a292e8e657643d39f42c6ac8c08287b.jpg,0041
5a2cb41eed684cada6aeccf01418d06a.jpg,0051
5a2cbd4b2dda451892a0b92e048c8dc8.jpg,0205
5a31438341854681b972dbed682a0442.jpg,0273
5a314b7fa520427c8a152ec8325021d7.jpg,0494
5a31af7ec281453795216114509080f9.jpg,0048
5a388d177c5c451f81a83de4b518d1fd.jpg,0482
5a3b39f580544101a22fa6beab18968d.jpg,0082
5a3bc1317a8d4101a1c0e4354f52d834.jpg,0353
5a41ac456d434d419588438b06af79af.jpg,0470
5a44e658ab9a4cc994527f20ba65f55f.jpg,0288
5a494540b6834c9fa613b3c0d1061e31.jpg,0375
5a4ec098f56c444880252e4648f969c5.jpg,0320
5a4effca267340fa9d40fc0d6984ea00.jpg,0186
5a4f2a415252418c8a9f463e3d41b67d.jpg,0321
5a4f3d5c551f40eaac9bd955a93d339c.jpg,0030
5a4f688a37574a8b99f93923b7cab1d9.jpg,0284
5a4f7e7e91a54d63ab2832692fcc0df8.jpg,0263
5a4fce56f08b48b78e2ed62f45676b96.jpg,0415
5a52fdd65c99463586636baf7b084cf4.jpg,0492
5a540a21c29a4af9bc2d21029335e62f.jpg,0105
5a5447abc58546d69b6e95b5691e13e6.jpg,0045
5a5690ee37e24215b01cd11523afb34d.jpg,0007
5a5728c2b61c4545880e432f40627e8a.jpg,0187
5a5993a961b54f769211faeef503c15c.jpg,0087
5a5b662afe8342e59726b91db2e0a392.jpg,0250
5a5bf8a97f6845988b0fba1bcf8a7ea0.jpg,0475
5a62960f6be84ab99c120365c0a9867e.jpg,0159
5a635780c7624982bdae5f3195aa6354.jpg,0006
5a639928fb4144afb1f225d8c21c22cf.jpg,0233
5a64c0a00d9c4bef9f04ae23640da4ca.jpg,0291
5a6545b1313f493da465b4407de09866.jpg,0018
5a65c06d7c1940ae9b008c85acccddb6.jpg,0096
5a676552b431402b963113a830518ccf.jpg,0093
5a6b623bf5824e69acb01eedcc17e7c8.jpg,0081
5a6ccf79cee0401cae3c3f1fe993861b.jpg,0386
5a70536e2cb04f3881caf68eec31fe13.jpg,0013
5a72e14e575342709eee67a8491d73f0.jpg,0140
5a742ef2a5394a12a5192f319fd9a533.jpg,0476
5a76eb31d71d4682b50df03e13ba0f2b.jpg,0209
5a7d8d62a7a245deb6f1197b2fb150e9.jpg,0339
5a7ddb87d43d4fc5a2d3d3b485e77c1c.jpg,0181
5a824203457e4e83a309609774a40f35.jpg,0002
5a85192dcb814cafa1e63eb22ef574d6.jpg,0438
5a855d765245416e9ca2dec893aaf154.jpg,0256
5a85aab93494444f9314bdb7c4d0e9fb.jpg,0315
5a873e71ea63434dbdf9a9ccf559cd72.jpg,0452
5a8bf34087f04bedae804b55df6dbd71.jpg,0445
5a8ea2580cf74be0a3a719a9cbebfea7.jpg,0105
5a900c7fc24f4bd4be15c553ca2b9244.jpg,0378
5a9275fd39ff469a9577e112d1da6b23.jpg,0071
5a9445638fdc43e986e94c39d460fa7c.jpg,0308
5a944ac6684e44aaab9942360865d3c4.jpg,0276
5a975b94a0414a1da16c7cc47ac54439.jpg,0148
5a990f51bdf349fb80ad30c2e9a965c4.jpg,0045
5a9c98b754774436a4b32bb51a020985.jpg,0001
5a9e0fc8d8a049d68a3b4dc3f24bd6b9.jpg,0439
5a9ec19243354efca5e8489b3bb4f49c.jpg,0490
5a9f79a1ef764b269be7f7ed6e7c1fca.jpg,0316
5aa43aeb5bb04c50a78306cb15790f9f.jpg,0212
5aa72f29f3974c07987b83b922cef0d0.jpg,0493
5aa76ad1b2b04217908db1c2d93bac71.jpg,0337
5aa80b4104d34c1fa7eb428698ca771d.jpg,0297
5aa94a31ae304f93aa61294f85f1e2af.jpg,0064
5aad402e03e4489b9cdb6056d040d21b.jpg,0461
5ab13ca1cbca4063b5e62028b3edf9b6.jpg,0228
5ab2df68f13346f6be3649bf21229099.jpg,0255
5ab465d8a9a14870a4ce7118ba241996.jpg,0344
5ab68352b93a4882be0297a3eeef6fb6.jpg,0281
5abc48b08ea64a7c9c40b927b1b4f5a3.jpg,0218
5abc78b3cf3742c9b75cc79cd9d841e9.jpg,0366
5abd7b4f35d04cfdb240fd92c46d605a.jpg,0042
5abecc6b51bb462a84cd88f8d0eecb9d.jpg,0054
5ac26440aac049628cb2f9edc2caacbe.jpg,0436
5ac3cdecfbfe4575b55b64e95e3c7dfb.jpg,0020
5ac7497843374df2a867c7fa2b3b022a.jpg,0206
5acb178155c04cac8385a7e1f876123c.jpg,0266
5ad1296646224821ade69e49e77ca5d2.jpg,0369
5ad374ac33f54044822e4154aded6428.jpg,0123
5ad3e117d69d49c5acf82bff0083a774.jpg,0427
5ad7ea66a8974030a3bb752ca99bdb5f.jpg,0258
5ad8d79f30204a1989891828cbe71b2d.jpg,0344
5adc33c16c3d418a8a263a22ad584c4d.jpg,0123
5ae20cffd85d429f811a4c805805d916.jpg,0140
5ae35fe45f7e4b76a56d8ca45db29f04.jpg,0431
5ae3916799a2483aa5ee5009e0cf4d30.jpg,0244
5ae40c02cc364c4eb76276411d9bfd14.jpg,0465
5aecfb16c3db49eb923b3efd1c1ec0fb.jpg,0429
5aeda11d1b8945e5888278195284d24d.jpg,0351
5af1b3ae7b7c42c5abad50a27dd15809.jpg,0259
5af3e6c2e17542e1bcf7ad88e6dddeda.jpg,0061
5af44dda590e41ddaa3704760c3d2196.jpg,0122
5af61d76357146ef8e028d9b85d0281d.jpg,0202
5afe4975346545b7aca7452f1a45e3cb.jpg,0385
5b00a5432f1e421992c0d477b1dd2cd9.jpg,0446
5b00b3dd650147d9b87ac32d88b64eea.jpg,0305
5b01adfcccb148d4862a2b3d97942107.jpg,0374
5b02a167becc41e19cc228c4d8ce3934.jpg,0336
5b0397be7de240f083180010e8fca068.jpg,0189
5b0659e1c3a84705ae6f9c5eadaae1c8.jpg,0175
5b0805824bc547d4aa1454d34fb62a34.jpg,0190
5b0fe6f4094347d2a0c8a8e1ae10361d.jpg,0124
5b1b902229d9464095196ea2be33dc63.jpg,0001
5b1d6ac6fd2140dcb452491e8e47d46d.jpg,0201
5b1dee00c8314b099d8f9629d3e33b76.jpg,0389
5b1ecf4a0be743bfa10bb2cb560450f7.jpg,0365
5b2059170d4d4376be9ebb93f829bfab.jpg,0394
5b22294f606042feb36340d333a80c1c.jpg,0084
5b27fa6f770d47dd9615df6daff91b29.jpg,0072
5b2b45c29d204a04b809505fb5106f01.jpg,0352
5b32c3c012984c06b5ba669e8146578b.jpg,0015
5b3824977d024e0589c12095c3dbb884.jpg,0076
5b39526786c54efa8d64fecbee95bc52.jpg,0129
5b39b0d58da545e1be855e48713e1613.jpg,0341
5b3c82d429684adb9b98076b00aab787.jpg,0416
5b3ced82b431490181fb7a1f88a4a55a.jpg,0141
5b3d5b48fa5c48f59bfd0462081e05da.jpg,0402
5b3efe7f4979438aa2ba90d3819e711b.jpg,0444
5b47eb42137b4f21bfdeaa6fa222122c.jpg,0469
5b4b736bd5d24f25abd122cf14d17742.jpg,0460
5b54ad74bad644f1ae79dc2359c18f31.jpg,0143
5b54ba3606c14810ace76a26a09595a6.jpg,0286
5b5b62fcb930404f839ea854823c6069.jpg,0428
5b5ba38c19214699b938c6f3b156dc4a.jpg,0164
5b5d9204d8734d7ab92a26f9e1e4bf59.jpg,0447
5b5da63b0cca4c0ca21ed49a645dbb3d.jpg,0199
5b60d6bd30e7486f9690ee7c2c31f4e4.jpg,0386
5b610229054a4f3dad4486b39f19fe6a.jpg,0150
5b62b37597fe4873b060a92334fc8abb.jpg,0136
5b67704d313940f89b769aa04a6c7c97.jpg,0334
5b6ca3110d5446c7b426884c297b831b.jpg,0322
5b72ddc98fe04730b178e2bcd00270eb.jpg,0364
5b75d6b5f74240cbb30ca368e2418629.jpg,0037
5b77ecbe41cb4b06b9fece6a7749ac93.jpg,0068
5b795fd8b0074466ac874762e93d624d.jpg,0085
5b7b40b59889429aa30864346a218778.jpg,0443
5b7be7a0d8a44376acb2d88236e52d6a.jpg,0242
5b7deffa7d1b44598fb6ed4950ea9f29.jpg,0374
5b802fc10670479f86f5157caef58703.jpg,0291
5b837ebb2e824717afa2a5e4b49e9bc2.jpg,0284
5b8459d17c004e249215948b6d27d8fe.jpg,0384
5b87210b85544745b451740bd3d128c2.jpg,0011
5b87c408403a40148276ff8d23a470c5.jpg,0170
5b8ba57eb8da4b01b75e679de3f33e85.jpg,0494
5b8f6d0124fd4394885377a1692a85e6.jpg,0024
5b8f71ad12c14656861ef4b862cd07a1.jpg,0393
5b90fbf6c26b4e88a321c3e031a031c2.jpg,0103
5b919344a1ec4f2fbb46686133592c66.jpg,0358
5b9210225ce348c28bcced82c070388d.jpg,0204
5b93df374cfd4c4a852199f16f3e9b77.jpg,0080
5b9655e0c8644f33b77dfa19c7ce7afa.jpg,0115
5b98a8c03ded45ad8b63ee4fff1d4f88.jpg,0086
5b99ce4fb44649c5aba119874349c729.jpg,0166
5b9addd53a57474685c2b3e654223f82.jpg,0173
5b9ae4080ed149309ac2b01532286ea1.jpg,0462
5b9fa527d74348ceb8d5a567fff96f0d.jpg,0061
5ba1aa0c05d446b0b4e66de3fdef4510.jpg,0220
5ba3414a48114e20a7c2f3ecaa8fa534.jpg,0396
5ba445aa93ef4b64af2c68ebfb69ac43.jpg,0196
5ba467c44bac477992cd04d9a16fe357.jpg,0235
5ba67c7737114015b3585792b65e00a8.jpg,0492
5baaa6cb15464c36955c2d5e11d940dd.jpg,0058
5bacde66c05e45d8a96ed4531906428f.jpg,0253
5baf6916a5a147828621497b325b9072.jpg,0061
5bb2084628594626953ecb0e4a9b6907.jpg,0374
5bb65446367c4ced9398e17db26f98c5.jpg,0453
5bb7cc171db34e1cb47203f0dc76a009.jpg,0142
5bb8c6482a6e403ea09524ad9a69ff47.jpg,0389
5bb95e7432744b1d837d1b7b503f7249.jpg,0421
5bbf2a3d90cc4160b6360e1ff329c2f8.jpg,0432
5bbf3e568a4545c7b95afe8d976d831d.jpg,0232
5bc193fcf5b044ff87607e20250b5876.jpg,0459
5bc2faff6e214d009d6edeaf5f90aa15.jpg,0241
5bc6148ff53c4e53ae38b732a7fab92f.jpg,0475
5bc749e443f84e7e932152fae130bf02.jpg,0272
5bc7e7bcd3b140ae961e512ee6f59aef.jpg,0499
5bc9e98fc801494ca8f83ecb1db0d8be.jpg,0292
5bcb29477f014386a84eca012bb71689.jpg,0069
5bcb7e4a6b014ce3811fa5e6baad1a9e.jpg,0307
5bce03e1eb02406cab656a04a859310c.jpg,0344
5bd156f120a94ee29ffa75a4adeea98f.jpg,0160
5bd31849e9f54113b6713fa0e93852d1.jpg,0116
5bd480ce46b04e85b225ee41311af2a9.jpg,0396
5bd5c2205088488eb4861578d79da9ed.jpg,0415
5bd8131d0c2e43b783c1a14d928a9b08.jpg,0409
5bd8b4fb0b1e47c98801ebc27471e71c.jpg,0176
5bdacbf700174c43af8085ac643783f0.jpg,0221
5be04ffece104291a7766a7f2fa7406f.jpg,0140
5be1b277ad26495f8d1f85078f7a63ff.jpg,0433
5be5ce501b924dbe9be8f9f9546fcf43.jpg,0347
5bec993f4a654bd8927fa73d0d33aae0.jpg,0081
5bee355cca6d4a3ba40ae65469dc0007.jpg,0077
5bf05cb57b2b4d37a5d45e34ca9ac621.jpg,0057
5bf1e81642044beaac79b23550bc738c.jpg,0345
5bf465c9a4094e91b446cfce3492142f.jpg,0480
5bf4a919e9c449e2985c895c590674ff.jpg,0311
5bfcce42d2cd4590a75f626d8505a2a2.jpg,0475
5c01ba774824447091775c5ac5fd2536.jpg,0388
5c020fd7488c4fcab2632ee1c6bad9fa.jpg,0298
5c05e460a7d14db5be926926f17fc7d2.jpg,0232
5c0783da608b44dea3244e0bb915a4bc.jpg,0387
5c0860dc72274359b56c3d0900a6bdfe.jpg,0475
5c0c9ec41f5244f2bdb1444597bf4460.jpg,0262
5c0d3fb9cc4b4642acd5b9cd166663bf.jpg,0388
5c0dea5baf7349a0b2ce748a4cf84d25.jpg,0267
5c0e2469d36849529893c8b22f886778.jpg,0163
5c1068d32908410e8a2d39e4358148e3.jpg,0075
5c12bd1962ca4b6c8b6f7b346bbd9da2.jpg,0484
5c14de56d97f4d6cbcc815efa02a0c2b.jpg,0484
5c160afb3229442881c02203b2569531.jpg,0202
5c16d67dd4d549568cf73d40bfc9be45.jpg,0035
5c180ccb19224baaa59e53f74697d71e.jpg,0066
5c1810130ff441d19974b89b2e66b990.jpg,0354
5c1e10e712dc44439e4eaab64d7e7bf8.jpg,0013
5c223bc0c91c4cee83bad9f6cf175714.jpg,0152
5c260d13766b46f892046965681bbefc.jpg,0188
5c268cf88dbe406b891911635b562170.jpg,0303
5c28fb5915f54718884c67c512e63b1b.jpg,0183
5c2c56bc0f0144ebb4510c582ab5273a.jpg,0210
5c340e48214c4db58172073f54c51ee3.jpg,0491
5c34aaf76a094ccda77571c99ad5a51e.jpg,0008
5c367aa3e249485ca229485a3620fce6.jpg,0039
5c374e144566432f950566f15bf0e803.jpg,0343
5c3a250c63b44fb3b1bc23dc163941da.jpg,0135
5c3bd5ece7494605b307e91011c41732.jpg,0027
5c3c0ff249f84815865ae00239f824ea.jpg,0276
5c3c29fa91164da4b81b2017e1771850.jpg,0408
5c3d9d293d93415c82719a1627c37cf2.jpg,0433
5c42a68d11834911b728f29c9cdb51fe.jpg,0210
5c433934682b4059ad92f8a1e8496059.jpg,0201
5c457c9f8e034c9383cac8ffb294682b.jpg,0462
5c45e58fe8044c1a910150942a2498ba.jpg,0283
5c467276d2df48628d82d6007d1d94b4.jpg,0207
5c4912f4a16a4338850065ce30777773.jpg,0380
5c49a7584c5145e291cb78f6abcdd11e.jpg,0005
5c4a29b1c3c74f01976f32697620bcde.jpg,0406
5c4b470094a34f31b240ce67fa500fa3.jpg,0489
5c4d9da8323c485d983e20bb99ef0933.jpg,0266
5c4f47f2c2c74c5fa3e1dd3f7b561c78.jpg,0091
5c4f5168897a449284a0e08e77ac8f13.jpg,0446
5c4f64d9c97f410bb8f3eb00a7977884.jpg,0189
5c51209b79ac4508837915714c7f4c33.jpg,0294
5c517969f67044dcb510ece335b08e0d.jpg,0399
5c521f79fee04f5dbcc809959cf0eb1c.jpg,0479
5c52c0a8b7a149dc852ce750f8407ac6.jpg,0401
5c54267e78354f7faf9a2e424fc561b6.jpg,0052
5c569280d3554574ab9b7507fa9147a0.jpg,0230
5c57f6f6d5f0429fab83c4dc2927da81.jpg,0244
5c5b1c397e874a45ae618edad700bd7c.jpg,0076
5c5df2f1586b460e9103378174d6b30e.jpg,0000
5c610b9651be4b559c32304603a6f5ed.jpg,0330
5c69a475c13e499d89314486c11b8a33.jpg,0491
5c713c66e9b548959e40e10a934521b9.jpg,0491
5c71fa925eed469a84151b3f11b438dc.jpg,0204
5c721e428f3d4a1cbc03fa9eda3d04a1.jpg,0192
5c7603a401774582bfff1e9a30cf4a51.jpg,0129
5c77f45390c44ecfb404a4057d36ba42.jpg,0306
5c7cdb6bf327464fa7ff0883be159a06.jpg,0006
5c7ea7bb7b804fabbedb056dcdbe05f5.jpg,0098
5c80951ef55d4c5f97a55478efae131e.jpg,0069
5c80a21077ef4adfabf5bfda2b27b79e.jpg,0108
5c81df9fde104920b9566848bd67f167.jpg,0446
5c8682b8d5154020a5a7e33efbc58b27.jpg,0293
5c8a9bf155d04854acbd02eeb5e72471.jpg,0141
5c8e1a4cbed1480f9952c0021953d5d5.jpg,0157
5c9137d875b44e44bf41378181a118f4.jpg,0280
5c91c632de914da0963e0e666e85d558.jpg,0190
5c927aa4ab6c4ec89630e2d26a47d3ae.jpg,0047
5c93267afd4d4497b620ce0eabc1e505.jpg,0402
5c9363051f964e6fb61747433a38fd06.jpg,0389
5c95371f4c07452a97d8ba99ef521772.jpg,0038
5c9b7277e301467484a85b9c06270be7.jpg,0051
5ca021cfc91d4063a622a9455aeb5ced.jpg,0069
5ca4b9a13757424d924144843f43219f.jpg,0036
5cac29a1222f4f1cb61261c6271b4b88.jpg,0271
5cb5a804a97644d3989b7e1436d48da5.jpg,0143
5cb6416c8f9045e1b6b718007a884edd.jpg,0114
5cbeaca55a3649aca748328e9ea5b782.jpg,0302
5cc2b6a4c90e428fb8ed58d0c1a627c7.jpg,0118
5cc5080f79264217b5c6060c690f35d6.jpg,0238
5cc678da6f8343f794d8211d80dee762.jpg,0464
5cc76c161525481a8ed277878a7699ca.jpg,0217
5cc7b7398408424eb24936baf83cd1d0.jpg,0138
5cc8494f40714ac091d225db0194e561.jpg,0287
5cd1f11f50c04e8cbf9b7a3e5688a616.jpg,0414
5cd2688dd9d54885816af85aa1e67bc6.jpg,0142
5cd64d78f32e43c6bdb16678671abb76.jpg,0232
5cd93b7c6513441887b7835b015daa0b.jpg,0028
5cdbaeee8c994753a69b8466ab4ab7cf.jpg,0121
5cdbb626fdde4a12abb66b1f75c772e5.jpg,0411
5cdfa7bb10964245b6a030f6b3d46b1f.jpg,0036
5ce4ffbcfe24466183d79a4a10f9b76f.jpg,0223
5cf0eb033a124b058da6ca3279b81b0a.jpg,0217
5cf16008fd4445dcbe517daeade704b3.jpg,0459
5cf48ce52f0149a4bc76d3d970144fe1.jpg,0246
5cf56b1b234944cc9fb6cdc05671bbbb.jpg,0460
5cfce61f662c459cb50a3eff347069ca.jpg,0028
5cfdc7a156cf4fdf95b0caa8f98161ee.jpg,0128
5cfdee0cd5dc4d86bb43b420e38910bd.jpg,0388
5cfed158ea3a41c89a1940b381deec0f.jpg,0335
5d0153d52d3448e1a23fde20445dac80.jpg,0296
5d029d860f26444c8c23f934f64c58b0.jpg,0167
5d0d0a7a30d6496ebd7382f2b20aad81.jpg,0121
5d115189d1cb4dacaa8295c19cb21dd7.jpg,0070
5d1abd6a938d461e923dbdd7f9e93c43.jpg,0314
5d1b1dedcf3549c786c87354bd510bfb.jpg,0499
5d1e3a8a1a484caaa362e42a964004a7.jpg,0332
5d25687b28e24a0a876a34a1e6747eed.jpg,0091
5d26a09872cd4de9833f486f292e7162.jpg,0287
5d26d24c16e646fa9617979bfaa4dea4.jpg,0415
5d2971cbbe0d40cf90669fc7b86c7d6f.jpg,0359
5d2b5a5bc76741159c02e8221f2bb723.jpg,0445
5d2da39d130f44738ad32a8f30002250.jpg,0324
5d2f79c8883e4222be66e43b9b375625.jpg,0480
5d308a12cef0406b90dba1281802682f.jpg,0126
5d3c00b138cb436db84f9b58513f08ed.jpg,0307
5d4467c17ce84080976c222acb8bb410.jpg,0301
5d4650f1186e40c487e0d79627840de0.jpg,0013
5d475e096b4d456f918d2fcc3af0d576.jpg,0159
5d4866b3945442d49edba3b15a635dcc.jpg,0351
5d493057c66947c7862d38162b4f8d2b.jpg,0087
5d4bc81fbff74326a34b90c83091226a.jpg,0008
5d4c73d96473404a9b7b44b768bacdc9.jpg,0082
5d4ed6d27d844741980100b333d804bb.jpg,0065
5d4fc3fe95954e398d3a0312f31f5e57.jpg,0201
5d4fcbf111114e47b4c84936181e3c27.jpg,0262
5d5160808906420cba929318f153dab1.jpg,0000
5d546edccaee488cb2e34b05783b9d0f.jpg,0262
5d553363b8b74cedbeba94a966cee151.jpg,0221
5d5705bc3676438eb574fd86064f8fdb.jpg,0331
5d5c146802814c11946c20374cb08e1a.jpg,0373
5d5d0fb7ed474ef8a809204ce38d35ee.jpg,0466
5d5eace461af45ef9b515ac0bde9a508.jpg,0156
5d618b6e2da2462b942ce224ca04431a.jpg,0337
5d65235bfa6f4fe09ac7cea5fc8cf175.jpg,0173
5d65fb1d087d457caa0253223341e8db.jpg,0047
5d67c6ea7c194967b4b2e7df86744250.jpg,0069
5d692449c97d44b7a981689f87f1f981.jpg,0022
5d730b175f444b419a26a752c5112cac.jpg,0188
5d75092d8d4445e5a13fb72a8d2611e0.jpg,0228
5d775a0f447440bcb6f12ac0d05a660a.jpg,0294
5d7823cf97ee4b6985554f5d673a0725.jpg,0337
5d815b88494a4d3fbee1918c67c00f28.jpg,0223
5d81c04fffb44aecbe58afbc37952c3b.jpg,0340
5d8288af540e4236865333828b8f6bef.jpg,0233
5d83b6a09a1b489d881e333d4772e84b.jpg,0299
5d8542c73ecb4562bea831ea54c65aa8.jpg,0218
5d89186246ba44ba8efbbefd10271016.jpg,0000
5d89356cd3614bd58a8aa0406f7b6db4.jpg,0168
5d8a2ca1fcc842d0bdfaac9b890ed68f.jpg,0152
5d8b85c31b704b4bb87fb27c5a599ebc.jpg,0094
5d8bf3a281114abd80df6fb091824cd2.jpg,0021
5d8cd9ccebe84905a253e76a4803921d.jpg,0225
5d8dfdf3bb4041b6bf72484fb208a7bd.jpg,0290
5d906d08a3994e488b0a0e9d0c886793.jpg,0210
5d96ff039ff647ea95060076c7b9ab97.jpg,0429
5d981fd75a5d4e5a95ae3d2385399aac.jpg,0309
5d99902329c94effabb46a1522bea27f.jpg,0090
5d9b1c16e75746e2b4e3612f50bdbf68.jpg,0065
5d9c67177da24b688c7212b5e71646f0.jpg,0379
5d9e6cbdf1774b22b6218ee10169fad1.jpg,0049
5da104eb17fe4b76bda5f427d634bc37.jpg,0417
5da16ee21966480e89845833c52ca56f.jpg,0315
5da2c86c939a4ce18e82a4f3fd92a214.jpg,0026
5da4a19945ad4fd59e0cd7ded5c67742.jpg,0454
5dad2a82b9ea4b8d9313297e123fcb8b.jpg,0223
5dae4befa0fa4596adb29aefdead8bff.jpg,0256
5db298501c2d420b82456479897b3855.jpg,0430
5db40b952a754e5a940d2ebcd7b169d8.jpg,0030
5db7d17d15f74bbab0d815cb47017c15.jpg,0136
5db9063b3dd94d01af9bbeab323b695f.jpg,0114
5dba580705f642438acfaf7f2f85de97.jpg,0448
5dba64eec5d647f5b517930ced9d4825.jpg,0115
5dc134d790ab40218c736369f92c473e.jpg,0446
5dc2d43846dc4107941e46800f02b444.jpg,0242
5dcaff813b4042df8865ab9fcf90d416.jpg,0385
5dcb307282ba4d8e98c352518adcb5f0.jpg,0254
5dcb6aa97f7e4162b8c7a4bb3711b383.jpg,0028
5dcd55fcbd6748fcbe9d0015dc8e7398.jpg,0279
5dcfc5c3df6f4dc890d7718975886eaf.jpg,0445
5dd1d94581f54d50acde8acd42ad0d6b.jpg,0224
5dd6418e77684bf893caa7a2a7cc2419.jpg,0428
5dda5b84cb79410380bc88490a2ec9b4.jpg,0376
5ddfad227541423b8dd4b8e477706b27.jpg,0035
5de08256b8694216984a892a4695ec5b.jpg,0092
5de113e174804d8daea6585eb230dbca.jpg,0185
5de516988fe645a794cdb878361ae7d0.jpg,0001
5dec6cc6dae948efa0d71143397de28b.jpg,0148
5df0b8563f9c4e589b9c546c4d0f4783.jpg,0145
5df2cb895daa4118ab242bd03bd13e50.jpg,0334
5df5e1955b3148419c916ce28a1d3526.jpg,0158
5dfd7f9b7c9a4a1bae77c550450b9e58.jpg,0037
5dfe4b6868d14e9683019b1e58d7871e.jpg,0448
5e07db0e21ab42b39d13eef023502864.jpg,0384
5e0c7959fbb442f2bbd99fb896178bad.jpg,0174
5e0cd4b8d36d490e8c8f8bdcab24e936.jpg,0240
5e135f4501ed444fb3888ea48f9cbeb2.jpg,0435
5e213fa7d36e420795374d5824bf2a6c.jpg,0215
5e24a4ac558b4db5b1bdd8129c7f790e.jpg,0064
5e24f2fa394143408418dc153ce3642d.jpg,0009
5e2ae29022b54b90a242a06daf0062b9.jpg,0441
5e2bc45395d44a008cc4d9e400e3519b.jpg,0434
5e30b13228f34f7fb7a16e9cd18a9f62.jpg,0345
5e30c00369ad40ab802a03dace05e297.jpg,0311
5e3143839b454e8a8bf999c686101a58.jpg,0062
5e3548e355b546dea7f3e88fc3b242c8.jpg,0495
5e3801fffaa54d02af0d946dca0fecd1.jpg,0030
5e3b209008d742a3a6cb30a09f09adbc.jpg,0046
5e3e57514a644386a9f25411fb6c2547.jpg,0462
5e3efa05c31141a6b45450df63854f8f.jpg,0411
5e44d2138d6f4422914322b02b3f6ced.jpg,0295
5e4a844d15bb4370af48cb7aec0d2959.jpg,0080
5e4da5f31f31460aa1d64587051a8e63.jpg,0448
5e4dae0b7efc48fc9a3c25a0e2131a92.jpg,0122
5e4f9463b53747408786320649bb2737.jpg,0232
5e53d4e58cbb49768475aa7e2ed781e4.jpg,0375
5e53f0b427b143f492ba9273d634e0c9.jpg,0312
5e5896ff9c004ca98b939108ebaaa8ab.jpg,0065
5e591c05af1a45489299d61990ff9633.jpg,0114
5e5b6ac639a64137900f657bd39f4587.jpg,0373
5e5cd5a72e01414494c87b063ead4af8.jpg,0263
5e5f16913e594e728cd81dc5db53d87b.jpg,0090
5e62f1a78e9c419982bca82339cdea2d.jpg,0148
5e64b0e4af9c488d83f7a0b24d214278.jpg,0314
5e64b36805e94faeb84ca3eaadc47555.jpg,0343
5e66ae51ca5d469b96952872566e3fec.jpg,0190
5e6a7857d91b47848e3044d388a1c10d.jpg,0200
5e6ab107e4c84caba3653cde7b07acdc.jpg,0000
5e6c9603855c4258a9e4f5abca3836e6.jpg,0329
5e6d89e98c384d7b95ca865e13f6a439.jpg,0477
5e71afd7e27d4c559f51c1770ffd163a.jpg,0348
5e7a03c77da8420aa4f75aceca6eb6f0.jpg,0345
5e7a936a6164419686ac7d2f5d41362b.jpg,0381
5e7ba23f49bb49b989cf9ed4688d0457.jpg,0178
5e84962a06c64eb2975ac8ca83760040.jpg,0376
5e892d410bd0481498d707b688721c2b.jpg,0215
5e8b33eda6d44114a80d56bbc2faa84e.jpg,0346
5e8bc7316475407bb139d2c4d73fa359.jpg,0267
5e8f5c7110964e2bbf2ba4958d0422b9.jpg,0151
5e91cad468514920995d1dafd14fdc3c.jpg,0065
5e94691678974013995dc76787af23fc.jpg,0114
5e946eb320e54a9b9fcd3c32cbc79a5d.jpg,0442
5e9587ff8f554188bc3cde7fc396392f.jpg,0123
5e95db6d077444ca9934234f920892e5.jpg,0049
5e97accf08d44803a61a8f8ec1d85643.jpg,0447
5e98502b70704a81ac5582e7d7d6ebd3.jpg,0094
5e9fbe6a72264c3387bc6145747fbb43.jpg,0193
5ea029363da340dab52dccc28e4845a4.jpg,0057
5ea0cd77eef54e9c9f917b6484e970e4.jpg,0380
5ea295a9d5874994884fed2a980c7da4.jpg,0283
5ea33855f3d343cbafb127db595bf9c9.jpg,0398
5ea68bc8e30e4ed39bc5c637232d5eaa.jpg,0173
5eaac94e92aa40899ec81c4fbdbfc260.jpg,0435
5eabdab857c34e40a15d390808550ad8.jpg,0004
5eb06f676d1a4dddb5c5908875f1e15e.jpg,0303
5eb0d35b8b8d415a879733b2a1fcf399.jpg,0304
5eb36cd9dfab448ab61c57432bde0eb4.jpg,0246
5ebad10bb0c34aa6947fd3d24b5e09b9.jpg,0069
5ebbe46c944d42498aca9ebf0c98a68d.jpg,0417
5ebf47d9dd4a40279522ac57e399381c.jpg,0025
5ec3f4dc1cfa494a8d574939b66558fa.jpg,0469
5ec46bdb668a47e5af8c2170f6a20c58.jpg,0330
5ec62c436e3448d79f834a077855e8ec.jpg,0015
5ec82297c7ef423f836930b82ca61dbf.jpg,0296
5ec9dfa08fa843cb8bf5ebb7ef93eea2.jpg,0191
5ecb01fc0019412e8738db42c09347f8.jpg,0222
5ecc034d9a8043d89ffd330990d49a0d.jpg,0301
5ece779c7e1642e5bf33a8f51dda5210.jpg,0113
5ed1cdb3877e480db87c07ca2fa7283f.jpg,0223
5ed2f7c70ee943a9b81a60c9f9dcc9c7.jpg,0439
5ed4513ed49c46088878863fdcc23a58.jpg,0123
5ed89d32d70340bc9ad4f20635a4faae.jpg,0132
5ed8f8e481674403a7a85a6faa4a0e2e.jpg,0447
5edce9f9053b47ce841763d9e50d0478.jpg,0008
5edf8689c3794ef99d5f084efdbf5908.jpg,0198
5ee1ecee6c854680bbfd74b1cc5ec0cf.jpg,0177
5ee2416072224dba9ac8890b6aeca3c0.jpg,0079
5ee4796ebf174e878c4efe20e4a6b9c4.jpg,0157
5ee5bce26e674c4d9c8d7127c5f8fc04.jpg,0281
5ee75b440d0645678fa9a2992294a1de.jpg,0116
5ee879b749b34c5aa297474f24344faa.jpg,0239
5eee689ea89e4870aae83120e1065a21.jpg,0199
5eee94af109842e8a7a0e0d8af99cb53.jpg,0418
5ef03d85237f442ca6df25e6cd815375.jpg,0185
5ef3e489af704e4097551a45a4de20ec.jpg,0133
5ef5e52728904f41a31d3b764f375f81.jpg,0257
5ef5eee94d2e4874b29893a52826a308.jpg,0298
5ef7ad2178ed4889a6bfe1102a0607c9.jpg,0316
5ef97f82ffa84ffcb77266bc3e35fd72.jpg,0478
5efae2402e9544be958bff93cc8bb370.jpg,0363
5efe123b7d6141babf59e04b238299e7.jpg,0256
5efe5b0d19404395a430b4d02c99def9.jpg,0079
5f01b11fbbcb448db6aa8af23a11ed43.jpg,0150
5f029f9219d7416899b7a20722b3c659.jpg,0216
5f06bcf77cb940d0be7dfd93e7da84bf.jpg,0073
5f081222c22d4839a915d7cbd4613f82.jpg,0191
5f089c3f59e541368c01bd38809a911b.jpg,0445
5f09da62d3b74e1293b03546c7e51860.jpg,0332
5f0be0169b344a42ba376ac6bc14abbc.jpg,0063
5f0be1430036404b8cbe4c8315713544.jpg,0486
5f107af4ab7d4b8e895d67af0a45a803.jpg,0212
5f121b8fcf8e4582afaf8cf53e6ead5e.jpg,0059
5f1284ea70094e7b9d51f528382757be.jpg,0366
5f13cb4e052c4bf885efca58ac5508b5.jpg,0245
5f151a51d6114c00a6267e175b8a076d.jpg,0023
5f163dc188f6407a9c5dc3cde4215566.jpg,0382
5f1786b4b95e4d8fb3092f425db6983c.jpg,0174
5f1e3b6605e243e39c142b79ea438b1a.jpg,0434
5f2295933690436b89b42b8d0e07553a.jpg,0285
5f24219ff69041b69ada5039c49e9194.jpg,0222
5f26dd8a82544491b2c78aa501821b6f.jpg,0134
5f284b55ebe94f1aa6f8180b1616f8c2.jpg,0113
5f28d93b929e4f8583dac6788c8e0f62.jpg,0057
5f2b82575c07442a8d61a22214fc2788.jpg,0138
5f2bb979e34a4d4da76cc7cb48da00a8.jpg,0329
5f2c7efcfe7e43cdbc4a10e8ddf4e116.jpg,0294
5f2d008cd34347f2bd1cd11e2907b45a.jpg,0419
5f2f30dab53e4c738f970be3a71c5065.jpg,0240
5f322aeb137a49d0be18d1a8cceaecf7.jpg,0182
5f38aa24acd442d2ad25ba9f19e075f6.jpg,0454
5f3f102f77cd43aba45f2c4c4f5bdc4e.jpg,0069
5f443bf3e75a47b7990663d4021bf80f.jpg,0018
5f45d951e7fc4124b4b371bfa5e1f176.jpg,0378
5f480e29cb554e63adb382887304bb82.jpg,0353
5f4c6571d8c144c7b5f055fecc6b43de.jpg,0319
5f4d61a3f0854a29b4a558bf75716af4.jpg,0096
5f4fa7883631465a9af610494ae6a66f.jpg,0481
5f5192564a324c48a3bce97fec32cce6.jpg,0224
5f51c77d68ab4bfd870926dcd30ae0ea.jpg,0483
5f566b88b626431bb12fa37886e52b62.jpg,0212
5f57c343ed55417fa52173be101425da.jpg,0265
5f5afa2c8392470785b03e9aeebd907e.jpg,0190
5f5b1d8ac34c44078c6d27934c52647f.jpg,0307
5f5ff35c2d9b45d883e791c9d84fbcb0.jpg,0210
5f60223ad9ec43bdb4995c9a537a41e2.jpg,0142
5f62f39be0994ed6828dde2bb31c36c3.jpg,0422
5f6cb5f21d354f0788daa03e0b57eb68.jpg,0233
5f6fcf97e34743bf803fdf594f906b45.jpg,0001
5f71689b06c846ecb531e7328129acf7.jpg,0179
5f7504313a214e65be4de313ca737942.jpg,0237
5f75541ee90245d5afcd4401a9fef89c.jpg,0374
5f79928c6a2842918c37c7c0c3542cdd.jpg,0387
5f7c8306c2a84f35bd2b70912c55b61e.jpg,0141
5f80519566974b0d9b14a16b89eaba9c.jpg,0429
5f8515a9cde34bb2ba6e282109ce6c7c.jpg,0016
5f887656eafe4f7fa23c824e060810dc.jpg,0080
5f8b6fb946604d1dbbbc4ffd5e9c163d.jpg,0118
5f8c5d37553347fbadbecdbfc3c6ff52.jpg,0441
5f8f0d44d2a74d5ca19f763c27d02f55.jpg,0443
5f92e922fe3640af854994a3696b3f64.jpg,0235
5f93b1ff0f304d2b9d492e2f2d1deae7.jpg,0482
5f950bf9ae8e4b19b3dfa1ee2cf28906.jpg,0084
5f95e91b054b40d787e33f8deb1cb061.jpg,0060
5f99bb1daef14e9b81a8ac0216964d09.jpg,0160
5f9a53d61e8d4bfca8bd4cd2b1099a3c.jpg,0353
5f9db569238049dd831a826909915023.jpg,0307
5fa1d6b54461446db55858ec4ce1ff78.jpg,0166
5fa22458ff12480391af333b37403fb7.jpg,0399
5fa481622a2a484db176c61200fbf634.jpg,0334
5fa8f308cdd54d4d862ed8f260ef8539.jpg,0086
5fa9d4b5b6764cc48b67f40cf7732dc5.jpg,0227
5faa651a455742f2ab899964084b5e51.jpg,0032
5faaa8983e534d84a15f5a539ab4c76f.jpg,0124
5fac631da9f24d9f9a473dd7369a871f.jpg,0044
5faf4881effc4b2486387228ce862fbf.jpg,0239
5fb6fd70478f4d30977663ca1c6d6b32.jpg,0034
5fb89d571c1b4750a4e7f27ae2d5885b.jpg,0111
5fba9b7537e6476b93a641fee161f6c1.jpg,0177
5fbb6f3f9574493dadf1100d0140b734.jpg,0264
5fc2006d8b5d413995551453c3728a75.jpg,0140
5fc3d614db564f0fa76188a9080c2fbd.jpg,0000
5fc5ef81021a451191e56a2d2386aeb8.jpg,0451
5fc71d66e952427bb1214aa69753ff4f.jpg,0142
5fc8ad82b80d49e4a2306033de1bf47c.jpg,0002
5fc9e0a0be87449f932da67d509b0c74.jpg,0160
5fcc938cd81945ecb6b068d94894a697.jpg,0306
5fd201a4e9f647028363fb756b3b8938.jpg,0265
5fd45d6f493d441799ed6b1f4af998b6.jpg,0403
5fd57f908bf449ccb23306669f8bb4c4.jpg,0216
5fd8641450e44247a00e4d0d951a9ee6.jpg,0108
5fd9e286a54442d59bb41c08df6f88f8.jpg,0497
5fdab90e27a44a77b85af998ac65e138.jpg,0118
5fe0fb1b9712460fb4d17eef120e1f9e.jpg,0134
5fe146905cbb49f480b1544239f943d0.jpg,0420
5fe4af1be784480b8c840f0b251eba11.jpg,0070
5fe5287fb26c4d53b8970d916326e5c6.jpg,0087
5fe87f19f8d64cd5b9aae7af9878fbf4.jpg,0034
5fe98fc03ea04cf09b4952c5217ab7fc.jpg,0394
5fe9f8209427438594342db3c05a1003.jpg,0027
5fea5e7b828142b0a84903845dda735b.jpg,0370
5febfbea32fa4479ac7cec958b1c52a5.jpg,0134
5ff1e60669bd4724a15495c781a3bdeb.jpg,0027
5ff28439ea034c769ba5e5c3a23acdfc.jpg,0156
5ff62f41de004e3e92265bcc471a0028.jpg,0045
5ff64b8f9cbf457bb703be4e54de490b.jpg,0268
5ff908e6ba8a4f9dafc3ad201cfd7112.jpg,0300
5ffccefd48bc4241acde63e89ac64cd2.jpg,0271
5ffe743deabe4424b38a907644eab710.jpg,0298
6003b1135aca46aa82aace28301edf1b.jpg,0130
6005e92c54f849c8be4d46112885e3eb.jpg,0379
60074d2b266a406cbafcf81198a12a95.jpg,0020
60082edabb6a4255be701bde49bb74be.jpg,0487
60095164e02f4eb98a5cafd01e6a83ce.jpg,0381
600b8147bd544b1e919f5a8c801046ed.jpg,0171
600d49bed7bd4899a7d88597d0097621.jpg,0195
600e82b92e4b436281f55af9ee7c3e45.jpg,0354
600e8b04f7a148c696d78635e8cf22ae.jpg,0248
6011b49d7a954511b4df98916d773550.jpg,0074
6012e8fcb70740de87911748f96e95e8.jpg,0375
6017abd8a9ed43ddbb162106c8a0570a.jpg,0218
601e611d40564b2fb3e838a8f0cf453d.jpg,0028
601ff02bbe7948678f6e1cd8b99247f8.jpg,0426
602188ba23e6404b8ab49494ee0014d6.jpg,0239
60227caf3d7e425088b46bc51ad2b7b3.jpg,0099
60233fa46c344a488508b1d356344fa0.jpg,0278
60271026ec824587ab8dd1d511552ebb.jpg,0387
60285a8c49a648238cbd604107da4e7f.jpg,0074
60286a7d5aed43fe8bbb54a8fd33125e.jpg,0434
602baeff81a5464aa4c20afb8cc8e2e6.jpg,0372
602bffbd3c164a45bb523e5d26da0c57.jpg,0058
602f4c2376c64eb2a920a53258a8660c.jpg,0422
603813d7837a46b7bc8f28badb6b3f7b.jpg,0417
6038507e362c4137a5aeb61ce0d459e7.jpg,0097
603955c0af5e4d4dbd1675d3219b29e5.jpg,0325
603a13579c6c46f1a6986471f6e7b2ed.jpg,0434
603ade117ad14368b0b12fdd6fdebaee.jpg,0328
603c00519c174cd585e2ca4bb68b07d9.jpg,0379
603dd4a1b2f74c6798637b1407b95242.jpg,0012
6042e40d375e4e038063bb6682b42453.jpg,0331
604504755e7b447ca549110dcfa79df1.jpg,0487
60466d7fe4aa414e8dab96f909d88dfc.jpg,0240
60467f2f2bd144feaedff22c5d1adf0b.jpg,0214
6047dc7bea7b4edaba773fba0ad60c8b.jpg,0362
6049a7efa4c84dc0b132419d9dec2890.jpg,0354
604ba36521e74f1fac2bde4e126844a8.jpg,0450
604d1b671f574fe092b1baa360e19ac4.jpg,0321
604d1d967e524066ba0b9826e7152a5f.jpg,0098
604ee24c2c754d5fae8410031cedf6bd.jpg,0276
604f6fd62d894b4a9d79f8062d964415.jpg,0257
60509882a18d4a259e3f57527e9c390b.jpg,0451
60526b4ac60949a2afabbbe17e7d1502.jpg,0173
60546d7292ed42e7bc5fd107fd730e32.jpg,0375
6055b6320e104be288f9f714e2632287.jpg,0230
6056e8a4d556427aa38ca6a67b2d7137.jpg,0248
60588f038fa6409ba01f6a8a7021c97f.jpg,0192
605c2ff6e85647ebab74bd2d156d2c09.jpg,0273
605c7f0f7415448d80e4e766feeaae88.jpg,0147
606130e975f140de901246eb1fabd9d1.jpg,0305
60623700f4d2434080bbefbadad757d8.jpg,0317
606285741d594c6c9e75e0af07665543.jpg,0166
60637114a44545c0b69492471ae4f999.jpg,0009
6066f6d316764658af6f8e2ae7efffd0.jpg,0310
6068e85c50dd4ecbb04ce98784db8e87.jpg,0466
6069d73931364425a4d4735a2b2b9d3a.jpg,0039
606b8299a1924891adfafb20f5a553c4.jpg,0477
606be102739d4c40bea48ebd3de18b70.jpg,0035
606d2b0d6f0f41e6be64c0f2ae096ad7.jpg,0174
606edf2249534137bcd90025cfdbd925.jpg,0178
607a3e4dbffd41b7bc55f859417a0f27.jpg,0038
607a849637c74d76b63cb183f050a646.jpg,0055
607baa6b80814c01abe2ea04bd354574.jpg,0309
607e64809d764277a8c48af32533b94f.jpg,0199
6083a919f25e4211912368d91632cd49.jpg,0232
6086639784f24770aa1bd4b7dd025f9e.jpg,0087
6087b71881184541b3c0e476eda1d777.jpg,0468
608e258f529f4b32a90f1749dba5f3a4.jpg,0485
608f2ffc47f6457e885e1ff182a8cbd6.jpg,0052
609006b48a6c43b4be7d05eb2c0757f1.jpg,0195
60912a12b0ab4b53a96836e221ec3fc8.jpg,0135
60928e7935b64a809ac4837a3e170e9a.jpg,0377
60955622128e434d8eaef6e6a065e840.jpg,0462
6097e7115acb4cd7819ef4a3d578752f.jpg,0422
6098b2dbaff440b4ba2b340217b574fd.jpg,0387
609a85af625049dc8a332690d16c275e.jpg,0124
609b0387fc074a44b2afdb0c11e052d8.jpg,0398
609be93c2d64452aa64c608ac309d5a4.jpg,0383
609eee8698844e93ba2463d157d640eb.jpg,0286
60a11f3715d0488aaa612bdbb7bd0b7a.jpg,0220
60a209b868cd4eb98673a4a81e88c588.jpg,0057
60a4f02aefe544a392276f4f62a9274a.jpg,0092
60a506a41ad941e1a898fc692a7681ea.jpg,0080
60aa12f10e5443248541b8f1a0b27c4f.jpg,0104
60acf6f920ef4569a88835baf5135797.jpg,0323
60ae5067228e438d8d23d3f4303e2a1c.jpg,0465
60af18917a2b4377b2a1ca87e28c3b3d.jpg,0061
60af2bcce15940a696d4b71f2f7d8742.jpg,0239
60b0d040340f4c6da285d56c2f3b98d1.jpg,0480
60b48ae8cd874b39ba48895b177b1b22.jpg,0311
60b6487808114ab3bdc68c7709ddc471.jpg,0141
60b69dbd18e14d0abf3b6d9f093b7c4a.jpg,0330
60b8996bafec4d7cbee05f93457302d3.jpg,0351
60b9c7ffb7db433cb9e65c24dfa9666e.jpg,0437
60c2af79861840c7970fafbbe75c8f88.jpg,0295
60c4b3f41ffb4b06aecab2e74ee14328.jpg,0241
60cb95888cbc467d88ae3b54199638f7.jpg,0322
60cf45721ba5483da13709f03e2deaab.jpg,0284
60cf629758ca40caadc31fd699ebca58.jpg,0401
60cfb2b2f0a345b7888afcda8d00fcb4.jpg,0315
60d26813bc294007b4df5951bdc4dfe9.jpg,0169
60d5863a91284fa18d22a5ff5ca9c41d.jpg,0417
60d6097fcbb8495a8205ec91a1ab5bc4.jpg,0357
60d6ab9195d54fcdb265139cd0fd5cb1.jpg,0472
60d747b062134ae693022b7d439a8d12.jpg,0403
60d8ce627a304442bf1d0e8e68dec76d.jpg,0085
60d92da4ffe244da90a0dd4426a17328.jpg,0089
60d9ba84ae8e43b7a19e396fb3c14822.jpg,0250
60de908a5e0e4d439c5c0de4e355b788.jpg,0438
60df84106df24c519475248a2e1ddbee.jpg,0086
60e5f659999742039d7a2c99e8ec1693.jpg,0397
60e94c5824334ea3a17eafde975a0a92.jpg,0337
60ee442c23764e91b0a09d1a83f4f545.jpg,0196
60f173c893a448c3aa12ba17a9cd6911.jpg,0048
60f28cf0a2964bba917cd97abe0739d6.jpg,0173
60f427e2468049adb75f68a7ba848698.jpg,0065
60fc6613c55d46d8a403cffc98d681a3.jpg,0085
60fcb52372d04b22b32a3092b2eb760c.jpg,0035
610154546af04465bda281692214c8be.jpg,0453
610514e239644000b3eb325fbc235aca.jpg,0117
610625bb4597472ea0d214f52d5e7799.jpg,0132
61077b47d7024e0389eb23e8b7864a12.jpg,0088
6108f1c869264ef8b752823ec2760eea.jpg,0416
6109d6d8a9e84bc5bf867845e0e7bf2d.jpg,0317
610aaa62ca6547fea927b65df9155a0e.jpg,0182
610ad742a28b4054aa727c41cb877e46.jpg,0416
610b73afe12148c198480e8d17341124.jpg,0165
611cb50175cd40cabf82e624227505de.jpg,0185
611d7b34b1774a82b251567194e6736e.jpg,0283
612245b290b44fbc95f7c86cec0469b5.jpg,0158
612408761c944895a3113142b0c60f3b.jpg,0255
61257dbda4b64a5c8c373ecbd56f43b7.jpg,0257
612a9c5936814b5d8f9e7be875a2e196.jpg,0185
612afcd08b8c469da6feee36cfd5dcce.jpg,0406
61355e182d6b471fa6c6de97b1ae0274.jpg,0434
61371740070e4662894260fc37659d8d.jpg,0385
6137990afbff4bde839bf2f053c35e43.jpg,0245
61384073cf994a8a8e7a4a5852bafc79.jpg,0119
61388c9d1edd478b80045d0d6f01de84.jpg,0175
6139d96b61e44e5d83f46033a98f3253.jpg,0330
613ad014acb44b93ab2cecbba15193a0.jpg,0361
613bdfd125454d5aa7f31d60bde161e5.jpg,0090
614265c33ec34ac1a8c9228ab0e3426e.jpg,0420
6143ed7ff7af4765b937374787477a5e.jpg,0286
6144b2319cd747d38d447395aa9284ab.jpg,0209
614810867410410680d759809ae46331.jpg,0181
614ac770ed9a4074b4defb5097acd00d.jpg,0167
614c1b062402459b853add2aefd1abfd.jpg,0176
614cb9318a9c435284100660cd18f309.jpg,0352
61522a81785e4acfba387ee53c8bc629.jpg,0209
6153a69f9b2642f0832f099fa0d55681.jpg,0303
6153ad8bf8764e4280d7a54e71a82f1a.jpg,0120
6153f82bb6014ba9aef4b0f0b4a04685.jpg,0028
61568c6d07f04651acbaae7105209fee.jpg,0311
6157a30349124fb18771ad1a0fa2410a.jpg,0006
61599d537bc64c5cb166c2dba1980603.jpg,0211
615f22e94e8c4abe8636ac8ed16a6cb2.jpg,0150
6162111ecd3748b0b3d3aef2dc1101cb.jpg,0073
616224e31952482aa59df5f7ff8559e5.jpg,0108
6164e7a6ecd04c659bda92c882acf012.jpg,0300
61671fe51eb04309822dae7afdf37721.jpg,0039
616ab1ff9d11460eb62e0f4a22852675.jpg,0033
616c217fa9d84017af254c3bdfb85f71.jpg,0039
616d9d0c51474235965b2bee8019fde0.jpg,0202
616e3de8a15c41bf9003353fbd727cce.jpg,0465
616e87c4ca104e97815df5f3be762f38.jpg,0010
616e91ecc8e34a678fcd888b0d2ec4cd.jpg,0222
616ecb7e982d48b5921c15cdc550e292.jpg,0127
616fd5e09aa844a99ed325356f9ce556.jpg,0231
6173ce6db30445bc98d7299653be7f6e.jpg,0252
6176233b24174645a1d9962fffcbd512.jpg,0209
617be14776654df7bfcd569faf2d37f5.jpg,0233
617c33d3f4bb4d3b99b9f8e93dc60215.jpg,0077
617d633edbc142d9929ed045c8b3d3b5.jpg,0220
6183296822f74d1d804802d106b344aa.jpg,0291
6184677e32e04f8f9a19b3897a8ed71d.jpg,0479
618473e34e4e4cef8762d25c24c0b88e.jpg,0119
6186c3b9e55e4554abf8cc205eb00e46.jpg,0015
61881c30d4264f88aa133b68256325e5.jpg,0002
6189a39070fd411b8fbbe8e0391abe0c.jpg,0218
6189d78d020b4e74bce158c3ad747204.jpg,0211
618d551869114923a7d10342d961b457.jpg,0253
618dc5cc978e45d4bc2bf17b91e68809.jpg,0371
618e8c60ca824e10a1bbdbaebbaaa789.jpg,0305
618f867699da4869aa46a665e5308589.jpg,0372
619250ff996b4b828e66f616c3ca6517.jpg,0142
61939e12c2f3422f802a910938f78756.jpg,0017
6193a64e271748ed858d78d571185450.jpg,0321
61941ee9bab149b396b654e8d1cc733b.jpg,0309
6195d1a41caa446ea0c184dd9351fe0c.jpg,0409
6197189ab1ea4fc6bb8c55036130cebf.jpg,0426
6198503dcbee4ccf8a191e9ecf95d116.jpg,0048
619a64da5e7c44ca86448e08ab4d2131.jpg,0322
619b755f50754d649fe5401142697499.jpg,0324
61a032bfa8a241cba39f0f28e2d44a46.jpg,0335
61a339a41faf4587824ee505eff7f273.jpg,0380
61a34d67431741b78092ac6a8686955b.jpg,0215
61a5085555e04d3188d725521d94f54c.jpg,0226
61a69a818a434d5ca94479ca498c7b37.jpg,0405
61a82655716948a1a858d125a431e020.jpg,0400
61b0931dd2ce4a96a0bf2b49602311b9.jpg,0421
61b0933705df457ba97192f62b155647.jpg,0010
61b2dd21d625401db8ff96b0b4adcb51.jpg,0439
61b56822670c4699b6101eabb64e77e5.jpg,0436
61b6153c93164de89c6fc8bc8566e653.jpg,0039
61b86f31307040ac8389aeaca40add6d.jpg,0015
61b90c7fcd004984ab2db0b79bcc3bb5.jpg,0445
61bd9ed01b674cbcad494cec6852d874.jpg,0168
61be5320e2184c2dace8e9e30545eed9.jpg,0241
61bf9a52b4f7423397b76e97f94947ba.jpg,0319
61c2740eed674ceabec12a08208645c5.jpg,0330
61c2ecfcdaf5444a8bfb8a40fc4f9ea9.jpg,0158
61cd0fef5b8d4c6889389c1a70fddf09.jpg,0215
61d1a21438234738bfa59cda9febdb87.jpg,0418
61d41005a9e748a986d27373119233ab.jpg,0008
61d77d6a608a41ceb5b2440430fce6f7.jpg,0183
61d902ce6b3146ac82246dee184fb71e.jpg,0149
61da2934d0ea4cb3a57fa06e8d86a13e.jpg,0186
61da44c6115542529c791f22e93d9d37.jpg,0180
61dab63c136a4f8ca63028132a4d81b9.jpg,0068
61db6614bbd74722a37ae94c8126a27e.jpg,0056
61de5c0570764807924f2b098a072a4b.jpg,0412
61df4bfbe237438985dc18c9bcb953f9.jpg,0477
61e019324da24a428e6428ad7cdb7e91.jpg,0416
61e1a21bda504dbf86c21f6fc633e2ba.jpg,0425
61e458b01bf4419aa40d45eae7f1bea4.jpg,0109
61e45dee88364163acdbd7d8e1cfedba.jpg,0169
61e54a274caa40e79855f2b396ec9afb.jpg,0094
61e7b7bbb51f456b9df5fa842e9cd3d8.jpg,0174
61ea15867b8e42f690fbd8156b10fa27.jpg,0395
61ea97a67a064b96bd07faa29cded61f.jpg,0221
61eaf370ced74fdebc5bfa0ec59af3a5.jpg,0443
61ed677140b0401095883497135ecea8.jpg,0168
61f01b861cdf4c6c8b2bb7061f8324bc.jpg,0345
61f22a3053904d0fa3ec54d2e0148968.jpg,0310
61f2f731fce645d28b6e6fc94c25732f.jpg,0047
61fc1d0f62534eab89d73a821eb31e88.jpg,0316
61ff1c49fb174f80bc50ce63d4144b3d.jpg,0321
6204e00d888e4227a888c9cb8fe2ef61.jpg,0352
620c583100f94fb9aed00693853db2fb.jpg,0438
620eba8184da4d1ca9f30799746a3745.jpg,0495
620f156ea4274479816155e24bccb278.jpg,0364
6210017d256144c2b8cf5f7998448909.jpg,0324
62101cc7983c44bbbd5cabe0acfa104f.jpg,0417
621075515c524994afc123604457dba0.jpg,0314
62144145b2434212a154cb4518174e9b.jpg,0261
6217477f42f14356a52acf1321758576.jpg,0214
6217a54f59874d3e9b9f9e18ca46810c.jpg,0260
621b9614e65b44369a0be501e8723d87.jpg,0452
6222771d1d104068bdd486b8741b962a.jpg,0475
6224779ce0104f0987221e4a7b4af060.jpg,0381
622aeedff60843f6b04afb95b4065829.jpg,0037
622b904b5c594c469b436510128f86e2.jpg,0124
622d19eda745408dadfd8015f6e70287.jpg,0387
623127a758454d46bf43981891c89927.jpg,0020
62329d5bf9f24522b9d969a0698af21d.jpg,0479
6233bac102b94a028fe76b38b0b4e92a.jpg,0055
6237d81d15da47e48af5a9f175515ca5.jpg,0100
623d368d24314b589a2603e0777358e2.jpg,0067
623d8671ed754862a13f8b9dce1d8392.jpg,0208
623f964b11de4b64aaabef5b60d6e132.jpg,0194
6242749df6f44d45b1395750d78dc880.jpg,0042
624295102d7d47dba11c7944a0fac077.jpg,0262
6242af03469847fbb647b27851ba4c0f.jpg,0151
6242c7196d9449e2870d6c7b3e9019fe.jpg,0236
62490502799345e1a54125867908d90f.jpg,0157
624f806a28d34813bb513f263a411e2a.jpg,0403
624fa79a3ba74b6ca94a3e8d881334fb.jpg,0356
62509532461242bd9a84b88eb70989af.jpg,0299
62571fb30748414c8bb36c201a32fa6d.jpg,0107
62577a2fc3314c8ba82f83dd029b85a7.jpg,0121
625b62b1427a4276b4518effe6fcdabe.jpg,0387
625fc1584bc54f3b8318246a27019ee1.jpg,0490
625fc772e5f64f26ae783d744e898a89.jpg,0185
625feb10d67c4d92897e40c9240dd4cf.jpg,0382
626336cd73b7447eb013dcddcc4cfe55.jpg,0056
6264b033f9ec4ac6a9dbdf8dd5c3d8bf.jpg,0480
6264cb8f339849cbbfc722514f0eeefd.jpg,0177
62651eb37a1842709c18450e803233cc.jpg,0062
6267892fe51f47ed954bf501ab4da1ba.jpg,0264
626befb1701746dd8686b17884ba1ce6.jpg,0099
626ec9dd60614e338876c2e8f191f047.jpg,0047
6270f5e5b77f47c2ba9e61cfd3a01fe0.jpg,0230
6271a6e2907d4267921064e8b155bb09.jpg,0245
6272abddf6244b269bd28abaf094c29e.jpg,0035
6275e06e36bc4304afd910080d28a78e.jpg,0127
627626b4f23b4f65a780b1dc88f019e4.jpg,0176
6278d95e990e43b3ac4c56a420fb65fd.jpg,0200
627a31f33d1746faa82f36e16d08be5d.jpg,0388
627d0670e1894b9a87f314052387fad3.jpg,0188
627d27a4d1c641e1946922dbe4b32110.jpg,0430
627d3eb44bc945d6a1da9384545d36ae.jpg,0205
627eeecf13bc4bebbeb33600ef8ba424.jpg,0037
627f2d2a7220419ab874a16aee2ace35.jpg,0165
6281299b54c846e0ac018106e597fc5d.jpg,0126
6285608a4aba4e3191c7d5b3fa690a3f.jpg,0364
6289acecc5034f309048f89281226063.jpg,0308
628c77198c314876b8bf7922c44cbbac.jpg,0005
628dc0cc56ea4e76b9d4751b5b29c45c.jpg,0025
628ff35db416414ca20d57404aa3bd21.jpg,0032
6290fbb448fa49029ff062e41569f866.jpg,0269
629676d05a3f49639e8ecb339424ff1c.jpg,0372
62976b135ad14093ace1de8d63d59c71.jpg,0414
62a0aa01899746a6bd19bd94683b6b8d.jpg,0235
62a4de519df741198c33e32100518f73.jpg,0398
62a4f2f6e7ba43ad8806288f5afcc091.jpg,0081
62a60258c7564e92a675a710d750ce4c.jpg,0095
62a7e0fc44744fcd94365f29fc573789.jpg,0465
62a843fd93f24f49bb318af1a6c7f353.jpg,0145
62ac1ef31ff142549f59e539b779e609.jpg,0217
62aed3f3b1a2425996cd25560b3f6250.jpg,0190
62b65111a67c471686451417edbbf7f5.jpg,0048
62ba772865434e55bb1cb6b17301322f.jpg,0330
62bbe1099ccd420f838011677866e7e4.jpg,0487
62be6c58da48490cabcf1814e60307e3.jpg,0032
62bf147c5b744fa4a08e1b518a9ec1a1.jpg,0406
62c2f94ff676475aa7d316f5cfaebf1d.jpg,0030
62c73bbba0424818ab9fc6d60bea4614.jpg,0293
62c8bf62fe524894b355f58dd3b7da6a.jpg,0340
62c997a8ecea488fa6574685ce655fd2.jpg,0028
62d405e06576402288f61c80709eae81.jpg,0041
62d7d217bef247b3843bb6a9a67b8b32.jpg,0226
62d9fe66271e49d9a50f2a358a31e8bd.jpg,0372
62da557387ea48ad80230856fd7dfef0.jpg,0334
62dc18e94f454a76861fb54ccfa0a37a.jpg,0377
62deda3141554fa29326e89efc65464d.jpg,0307
62dff49dbb184e429530cf8d5d69e64e.jpg,0223
62e0fd3860f944168ad784e15d59221e.jpg,0247
62e470c09e994b40980a09d039610f0d.jpg,0175
62e6aa262ffd46309de089de2c33b6da.jpg,0164
62e977be9a914bc2b3a9e0e01dbc0983.jpg,0207
62ea403e83c84c879127950e326edc83.jpg,0171
62ef5fccba1c4880bcab84dc799dde93.jpg,0122
62f00c30fcd046c08dc887c55087a5af.jpg,0055
62f0adefc5574a97b4636c168f690ccb.jpg,0011
62f58c61a2eb4259a745b27f411ff4c4.jpg,0233
62f5be4298a24688a4cc61456378b281.jpg,0357
62f74b2620c04c1ba5846eb2180587db.jpg,0411
62f82ace43394235936bff260dadd5c7.jpg,0484
62f8c01367e4429eb88a1f8abc3befb4.jpg,0380
62fab09178b544009d0935dd69fc1e67.jpg,0369
63009a432b394d97a430d6b0e8315e52.jpg,0130
6301a232943d4019a09f4ecba826fb93.jpg,0118
63031325daf64de18e852fda53b2688b.jpg,0064
6305f2a70f70459880b1a22fea42c68c.jpg,0292
630cfeb4921746dc94d4d4cdb601c261.jpg,0488
630e8daabccc430ebcaa9dfcf275993f.jpg,0060
631250a233184a4c83d966f8bab9e4ab.jpg,0257
631596bc1fc2419f83cdc2d04b4f5b9e.jpg,0459
631760a3a2dc4501ae15d0c9cd012ca5.jpg,0425
63179873a23e44c6af1dcff674938175.jpg,0021
631cda3eaa1242fe8fd6afc1ab686c17.jpg,0232
631f569c76ca4bb29bb7dbdbe6feac24.jpg,0387
632371ddb31b4072b0d3b0c8a0a5fe5d.jpg,0311
633e0efbbf3d4a9e99545f48efbf7fc5.jpg,0000
6344954bfe9246609f56be2a5bf82425.jpg,0462
63469978edb443c98db2daf92d144e7b.jpg,0260
634758e2b5814cb2aa4a643bc343f90a.jpg,0268
6347c811191e4a2f916a68f5d52875c1.jpg,0447
634fa96fac16456ab29b67f36bf4c98f.jpg,0063
63529c61d1b54734b7b3b1f6645e52ea.jpg,0203
635440e4c75d4415b6abe1e49aa72554.jpg,0291
63566d4465f14243ba65912489a9a2c0.jpg,0249
635ff45063804294a4a751a4cda870e0.jpg,0253
63618b28a8c04235a60d80685bfd0698.jpg,0445
6361e6d6dbc5445f931798386a27b3f6.jpg,0148
6362194014334edaaad3160923c04f04.jpg,0249
63658b8167dd4dfa9fbe326adeb07d23.jpg,0105
6366991abd2f488085267cb1d33cf373.jpg,0276
63699ff6c1444beda4ee563ac2cca332.jpg,0467
636acb70dfab4fa886c2285daf8da073.jpg,0276
636ed3349efc44278ef777b4ca0f597d.jpg,0285
637013cbcb9b40d4865104726b39413e.jpg,0447
6373652b9da143f7af5b872ddb67b23a.jpg,0326
6376a0ca57c14789a6536d8d831f9b03.jpg,0065
637ae463f0d54592bb67f6745476d98c.jpg,0485
637b4af3c1de4bccabbe8bcf6656ae09.jpg,0391
637e3fb2b88e4d85a9ed53a3e47171e3.jpg,0499
637f10ddf4c142eb9479896f86718ff9.jpg,0067
63823cd67653467f8b5541c84162696e.jpg,0179
638c68b77f444db9a1adf26aa6119987.jpg,0073
638d38e95c16457a8ab2c02c1a7d29f7.jpg,0167
638e4d03d731435190071ec320f0a47e.jpg,0136
63915aa9aa4345f282b59058460dc3b5.jpg,0249
63916625d7034d6e91347d019a0f81e9.jpg,0161
6398d58a22a24c6093e66c7fa0210d0c.jpg,0260
639a5383824b4b9888e87f34c67ac1f1.jpg,0208
639bce880a9b4dcebf265c1986585d76.jpg,0108
639bd3a7b2594a8d8ef40abdd277c7e3.jpg,0051
63a49073e3734b75915eeb630c840c1e.jpg,0455
63ab34c644bf4302944b17ad79f898fd.jpg,0277
63ab9939bb0d41499879fd39e12dcf41.jpg,0056
63af9e0f739b4ff3814eddf9c9623577.jpg,0495
63b0a595c7bb4ec58de77f6f40cb242e.jpg,0451
63b299f67d2044ed9ec975100306a40e.jpg,0383
63b93a4f829344c385253849a1f18202.jpg,0356
63bde22805c04398bb2a48c8586b6f73.jpg,0160
63bf7de16ffc456bab3cdffb45856000.jpg,0103
63c130f0a0ef4ed29801bf17b2c7b9bf.jpg,0099
63c4291d16fc4b7bb0c47971d826b61e.jpg,0388
63c9472d021a47269cbb72386f339d5c.jpg,0355
63cc7af529c04bfa9023baac776be9f4.jpg,0188
63ccb580b2a142878f9e449129a8d45a.jpg,0492
63ccfb6226ba4f1a99662a2a26f45be6.jpg,0172
63d31bda271a456681c13632736e8cd8.jpg,0284
63d7c307e6f148efb185c35317f449cd.jpg,0150
63db796a31354eceba3c13532d416607.jpg,0495
63dc41f6913942eeb757e241f8bfd9eb.jpg,0153
63e01c547d1d4d06b6adb060d34dd3bd.jpg,0051
63e7236203354616a596d877a9c3a43f.jpg,0386
63eeb089755245b2848c55665381b4ea.jpg,0048
63f077c1d2904e89b878831fe118a426.jpg,0170
63f94f9a0ef043f2966550f7cd8232e4.jpg,0027
6406b86d791a4f138641e25bb0e9b00e.jpg,0002
640804bb34194cf0b196d41c85544053.jpg,0280
640909cf1fde42268c9689af09951425.jpg,0197
64091ce49942420ea1c01d2ab5206544.jpg,0340
64097f2b8066430885fd51bdb8aff27a.jpg,0035
640ed653aa6d46d79a01476ab382f195.jpg,0309
6411298308ac4f819aa1852b432c9f6d.jpg,0035
64117a7112b64568b57639e406a0a1fc.jpg,0295
641262985cb241f497acd83889419833.jpg,0139
6412a28402e24158b750074d31f66024.jpg,0046
6414e50d3f124d1fba4c52d09913de0a.jpg,0246
641b939dae684f07abf42808e33f133f.jpg,0164
641d09393979436282bf37f064bf745e.jpg,0275
641e9d63aaf1448fb1c895d39489847d.jpg,0446
641f2d1781b14f30b87e91bd5ee9cef4.jpg,0439
642a60072d204adea9f067a34b7622b5.jpg,0392
642c289f73074ee08ae4de2f903b15c5.jpg,0005
642e289c63c34f1382cdeeb4311cb12c.jpg,0404
642e95a5a8034cceaefb07a2dac4661b.jpg,0389
643703b6c2aa4beebc13bbb48fb0e93d.jpg,0444
6437476296c24503927aa890f1ca8a82.jpg,0471
64390cc6b0b24d969b3c3409e7b9862f.jpg,0107
643cb31bbd304e8492384fcb560a8f93.jpg,0107
6440b56fb2fe408a889273ee82be384f.jpg,0437
644275051563405bbed45459ef8c3a85.jpg,0055
6443c21de65b4ba084dbba73bd79645b.jpg,0061
644692a8a6d74393bb2676f542b418bf.jpg,0374
6446edc916874ed9b158f38b0e14a0cb.jpg,0281
644ae0a956b4486d8a31d78fd20ac376.jpg,0061
644f274b31dc4d239a8c574829a1f1db.jpg,0242
644fe63d62a74494a8f337981fd2f642.jpg,0062
6450307856a24fda8b9b182a7d05de82.jpg,0446
6452da95450047f79487ef3c28723db4.jpg,0494
6455609ca1fa4f1c84b861245a61bbda.jpg,0477
64590c490df148b393f1fe1724580404.jpg,0317
64599a3d4e3847f8a10d5d76fe7a1d4d.jpg,0080
645b7f7f815e47a283440be752ccf30c.jpg,0171
645baa40e9fb43749d95ae70c93fb6b9.jpg,0488
645e02bf877a4587aa03c7650278f681.jpg,0299
645fb93d7f5a4406ab1b5c6c19918eb9.jpg,0101
64604efeb7be435f97071ec7e272fe6f.jpg,0033
6464e54c59cd4dd9a5049e5b200efa6f.jpg,0210
6465a2827b9b4a3a9d72e61b01f91f34.jpg,0373
646a1e74121c4b8faff2ba69f7138a52.jpg,0154
646fc51eda314f0e82adc8be63084dba.jpg,0079
6470d5326f23439fb0d5a0b30f78cb17.jpg,0313
64716a9ce2124bbdac6cf61be640181b.jpg,0307
64734d92394c40d6bb141e3b3e47ff2f.jpg,0244
6473601ef1c54c8c8794cf537ad24d17.jpg,0319
64739209035c434186dbb8d18036c43e.jpg,0103
647617a414c140dfafe65f51aa1ffe80.jpg,0178
647a2b52c8ef4fcf938c47d1d82e38af.jpg,0172
647b072797054be2bd184c32358b42a4.jpg,0055
647ce52999924a17bbfc82fd97c84adb.jpg,0298
64848e6e9567484db654012af38f46eb.jpg,0032
6486cd7dfe1b4f1da5d63f60d799c3bd.jpg,0034
6487a9509e854472b97b6cbdcb3c6d58.jpg,0048
6489b2740772443c98eb63a814c5c8c2.jpg,0421
648a4cbd888e4ef79d9f6b2107fe5922.jpg,0019
649518c46b514e61b809679b01f9173f.jpg,0368
649dba576818402f9f3936ec6bd1f59f.jpg,0446
64a02dbb391040dea24c3568ee7a45cf.jpg,0245
64a192d6682a40cdb3178af486ef94d6.jpg,0384
64a447b0a42145e6ac97d3f114bf9967.jpg,0063
64a8ab1617f94f1da1bdeb44c35ab97c.jpg,0030
64ac39e0a70f47bc8464775d0ce6eb6f.jpg,0228
64add76327d54693b3ad948d28fe313d.jpg,0208
64aed53c64754e9480617943e0924f41.jpg,0461
64afee35449045f4887d55a902d62e8f.jpg,0162
64b32ae8d84d476f851387cef59bd4f8.jpg,0163
64b3ab21b40546b2b35c74c741f09405.jpg,0203
64b3b130b319452b8b2dfbf92275d8be.jpg,0162
64b432ab791c4cdea6d12e6f78e54260.jpg,0294
64b55c01e7e343b5ba631901a6e2a89d.jpg,0035
64b5a10c113d406ca8c24962f75b1d66.jpg,0280
64b701146b1448fdaba281b56ed229b1.jpg,0009
64b7839cd36b4b27833b41da31728c62.jpg,0383
64b94b47f61e431ebd832bbb4d619ba8.jpg,0411
64bbc429fde8410f9908048398f2e190.jpg,0213
64bc041df0b0478e8378cb1b4401449e.jpg,0061
64bd042083f54de7992fa6dcf7d8af27.jpg,0378
64bddf7ac6744342b71024786941b8de.jpg,0104
64bfb15db379485c9b0d3a108b85ae56.jpg,0007
64c40dda1bdc4d4983f98746f97238d0.jpg,0055
64c4bdc596d742919222b627b7bb9ed4.jpg,0390
64c96697ac334b87854f0a2c47059b4d.jpg,0369
64cb61e51826480f9e4d409ff29f894b.jpg,0194
64cdd2aff9c94440855198faba7dd8c8.jpg,0360
64cede31b2ca4a19811da91353197c79.jpg,0051
64d04aa573d147daa7158ebcf5691f6b.jpg,0012
64d32c418d78497da522d9300e67b249.jpg,0115
64d4eed193d944999172385cfa3d0e37.jpg,0150
64d6cf627aaf4df084a142f5377aa7e3.jpg,0492
64d71a05f0244c9e9584e72fd064afa5.jpg,0161
64da6cb888fe406fbaf68df62789f30f.jpg,0220
64e077abf43b41f08bf10b3e350ab180.jpg,0231
64e1f1a0b98d4b2e8bc48829d735e9f2.jpg,0156
64e5af353f3e444fb928b2a8338aeff8.jpg,0183
64e733e0882a4adfb7c6dab2e4038268.jpg,0481
64e778b9c62a441b947dc66ac62af496.jpg,0299
64eacfc488174cc7a061bc45fa5e060e.jpg,0464
64ef324977ed46bcb6df4d903395ee63.jpg,0486
64f00db0cc054d1e9996c26601c3e1e4.jpg,0307
64f09c03faca440faa9ddc0ed3da97fd.jpg,0181
64fab89bac04407a812fbf1c130e6b36.jpg,0170
64fd5e2232b848af89fe605cb8699158.jpg,0237
650272b51a294344bae27a69a7abdd38.jpg,0070
65030a6df4e6400d843b804384757623.jpg,0207
6506a4a896654a69ba4508e02d41b4ae.jpg,0030
650b5ae76455483a853b63a4d7e07c43.jpg,0208
650c4e5c376f49859b9f28d277ba6615.jpg,0205
650ccaddb7ce430387081dad4f96822f.jpg,0295
650d47d65f0840f1af8cad504babaeae.jpg,0009
650d8f3c6e2241d1b65d1913deaaae23.jpg,0189
650dc061b78341ac94622d8ecea5f3af.jpg,0223
650e3149f2504064899507f53b7fe66d.jpg,0414
650ecfc464404d8fa86d5d41a9fa927a.jpg,0218
650fe5adecc0482e92e0cb0aa814f3af.jpg,0222
65133396b1cc4f22b219cf8dfd1f7c39.jpg,0263
6518089a0c03449cab844c12b0c17e7c.jpg,0130
651b1a831cc846af911f0fc7273d7d6a.jpg,0366
651c501e5ed24bd2868906ccdb908205.jpg,0365
651fff4854264c488a2f345883ffb138.jpg,0048
65213d656cd34548a14b68494d454920.jpg,0213
6523f1b686cc4a4fab09ddd3298c82f8.jpg,0475
6527eca8d6654a758d6be812e6bacdca.jpg,0222
65289d3d19f64ba09c66b680e767837a.jpg,0337
652da189c934424d98688cc1b07c82f6.jpg,0190
652e2ec906d346ffb1a967dc1ff4cc7b.jpg,0397
6533ecbdfdad4266a1b90705f5abfdb3.jpg,0459
653a07e6369f4372bc0d769193a397a5.jpg,0439
653afc9c27f74478a1abea166afe8c5b.jpg,0294
653b0119806e45b3a615ed00ff937948.jpg,0245
653bdbc8fbad47e8a58a96e9e432fd08.jpg,0453
653c0fd8b680447ca7a0b94ee8632adc.jpg,0475
653e04e2c213432296637a03984c6143.jpg,0315
653e06ac723b46cea74f19095eacc53b.jpg,0363
653e75af0d9f4ad4bb153ce4834b0104.jpg,0453
653ffe96f4194a62ab623ae6d90bf30e.jpg,0323
6541af680b8c4dc5bf11918daaa45935.jpg,0403
65491c229fd74abf84e310f2bed24d2a.jpg,0457
654c11382b734ed882a853f0fad6acf3.jpg,0282
654f99c2310343d487499688063c1cda.jpg,0225
65530e66cfbc43069b5f537b795ffd57.jpg,0056
65552e11479443ae8d600dc688707843.jpg,0210
655c6173a8a7487795d3fcd03e80538b.jpg,0199
65612df9b779494bbc450ccfda531216.jpg,0209
6562bb728c3c4093ba19962212685dd7.jpg,0394
65648b2f90b040a595b039470b816e4e.jpg,0367
6567b10bb66546bab466496194325625.jpg,0196
656afd198b7441808702ceda2b8999c6.jpg,0205
656b929b629c48f884a6101ea41ae602.jpg,0461
656d744995824d2dbfd85fdf64d6634b.jpg,0263
65705d0ac08a4ee8b257f78168c29765.jpg,0301
6570f31146e3458295cd8905b09fa6e9.jpg,0341
65758f17da294a21b687e9cbeb2c291d.jpg,0273
6575c6ffcb1d4a0d81a55fae105f4c8a.jpg,0364
65790128dd874c4ab941c97c529f2f8b.jpg,0276
65797313896148f194d6f6dc8a64f756.jpg,0146
657ce5c09b1e47148dcc102864c4eff1.jpg,0034
657d7b766f5a4aea8dd1497183b3a20d.jpg,0244
657df64a6ad04b738b824042936eb7d4.jpg,0289
657ea9ae4d7045ebb12ff2092c21ace9.jpg,0358
657fac23cb97471e8166e036e5b849d4.jpg,0173
658a100b2a8a4b0db27c443bad9ba5f2.jpg,0383
658b1401790f46b68ca58505a96f68e4.jpg,0178
658d2929f7a64ae6ba1beb22ca8a647d.jpg,0480
6590d3dd65fb42349532463bd0829754.jpg,0294
6597e5388b9d4f0cb3613a910ca96836.jpg,0164
65982c12e3a24775b9d2f903d0192237.jpg,0318
6598dbd09df5433e9a10e4e0e37e2838.jpg,0120
6599abc8877d46b184b6f6b7001152c4.jpg,0463
659a64cc5e9142be8aa39208b9c05d5c.jpg,0311
659c37f55df547b781a9ffdd533c1cff.jpg,0354
659ddd78104e4ed1b02fad2480e42a86.jpg,0462
659fc3eecb4e462aa50c44cd1040b972.jpg,0040
65a05ccf3c6542eb9895d284c2a141a9.jpg,0299
65a143274b2e4dfc9fd37983fff062cf.jpg,0421
65a9b48b76294494911eb1e0d7c50736.jpg,0499
65adf2cd403c4f3aa64d3a7ea0e4b3d3.jpg,0337
65aee038de7c4a32925b85936f48a618.jpg,0439
65afbad6be4a426e86166b2068a6e63b.jpg,0194
65b0963416a14c0d9bbdf8fbe95f5ab4.jpg,0211
65b4f510ae8f455dad2bc79041972265.jpg,0358
65b76a87fa974249b0e3d4b665f24db4.jpg,0094
65b8010cd08949c886d6be17b8a5b87d.jpg,0065
65bab0a596544da28384526f8758af90.jpg,0035
65bffb3f1d474c4ab2b7fcc1a77c9648.jpg,0167
65c2cd5e7ab04921b4f1c4b1ef87889f.jpg,0110
65c3ea77072d48d68480667aacb7c81b.jpg,0271
65c4bb2d1444402796444fb796530ad8.jpg,0039
65c54bfee79046c398a328b98618fb94.jpg,0201
65c763ce28d64741a7ed2564f7085a8f.jpg,0116
65cb4768e46145fc9be80f5da07a52ee.jpg,0356
65cc6e1b476f42378010efe80ce902e1.jpg,0106
65d0185985b14c9983a50b80b65442eb.jpg,0046
65d6c6cbec00465e8ef589b50b510693.jpg,0112
65d7a326c1bd49c7a84ee94e676cdf34.jpg,0424
65d8c952d7b3457cb1d1e86ad4cc4e91.jpg,0317
65da2985fd2d43cb9c18e51f0d9b4c92.jpg,0325
65dc6739b0914ec4b7f445d1796ff37a.jpg,0171
65df1596bed0443fbc267e1275230f8d.jpg,0051
65dfe3dd0bfb4d77aec2d4f4636c35aa.jpg,0496
65e36b1d49b74d4585fe944924be4803.jpg,0496
65e3fafa44e645ad8c38557af6711069.jpg,0343
65e619ab687043b288a50a19a753f14a.jpg,0355
65e6c943170a46908af366a56f087b47.jpg,0251
65e6d5f517cb42118c3ff6634b25d769.jpg,0393
65e83a9faf40486abe66d2f1dd66f487.jpg,0421
65e9331a19b54479bcde82d1e40c9d09.jpg,0084
65e9bd8a27e042b795427d8aa0b5ff89.jpg,0235
65e9cb2b9a754f1686ab0e33b493e99c.jpg,0372
65eb77cf0d50435d81a3fb09c588eb3d.jpg,0045
65ecb2fb4fc04bbfa3a9f255b77faf1a.jpg,0007
65ee5b63969b480ea45fa9c1d4600beb.jpg,0364
65f358be0df44205ba638aded87961c9.jpg,0051
65f4bb3f26d841a2b612a34cfec67d84.jpg,0130
65f69b450b7148c08ff4c86b309a1d5c.jpg,0006
65f6c2f9ca064ad9af5f4fc54dabf08d.jpg,0072
65f7f44f26e94be48aeb23488f341928.jpg,0459
65f8c7b1c8424505865aee90e72ef063.jpg,0450
65f9d220f96744078e9bb5837098c06d.jpg,0024
65fa2438abdd405c8775129494be198c.jpg,0087
65fb0a38fd8e4e939651c850e2ea25f1.jpg,0350
65fb981c674949599e57603f8354d014.jpg,0160
65fdb91084694bcebf0fc7c677a65d19.jpg,0351
65fec2a329194a958f810cdf0c408aa9.jpg,0407
65ff86305b644c81a560ef2756927ee4.jpg,0073
66038a44b8d24599bc7dc78395446129.jpg,0417
660611f24cc7429ab60fee1f40c27e33.jpg,0001
660842a78009454baa389f297cf779b7.jpg,0231
6608752753a444be8546cdc08a36f2a5.jpg,0210
660a9773a3dd4a6aa7176de37a0dedc5.jpg,0143
6610d55c65aa4f8f9a6226b3302d8a33.jpg,0209
6611aa55dc474e9dafd327751c942de7.jpg,0292
6612ac4408cc400bac8b892b1376234e.jpg,0069
6614ad64c5ee4063a300e5f94aa53ca1.jpg,0180
661596d22d5c4e28a20f5a1fe5670dff.jpg,0079
661cfdda42fe4dffbc7de608b699784b.jpg,0352
661d33515c51449a86c541fdd5e20eaf.jpg,0180
661d379bb3b04bfca803d978b7e4ce09.jpg,0061
661f3d46f08c4632855fe371c0549522.jpg,0153
6625d8baf38a48769a9d701fd0a165d6.jpg,0120
662c91b8eb5c497eb71f1f5c2d048bef.jpg,0070
662ea1da3f2249eea3ac4d9e2c5a7d6c.jpg,0117
66313d4fda764a13a1776b9a10acd612.jpg,0035
66323fcb0ab940fa8196d23581aefa5c.jpg,0040
6632788a586b44bc9d06219a799428f2.jpg,0481
6637d5eda56947059001f479f5c13fc8.jpg,0278
66385605aec342558a260891c4d5b920.jpg,0387
66394d911b4644a6a84f585d3d2532e4.jpg,0209
663b16713a8745c59a2cd39e8c0954c9.jpg,0109
663c317a85ea49a8a7623db847f4ec55.jpg,0460
663cb4bacd7c4b47b8409765bcec757d.jpg,0094
663d1fdbeb074ecb965a4cc93640ecb5.jpg,0107
663e13a7d7964c278670402ed863a85a.jpg,0202
663e9562d0024aefa18ccca476dfe603.jpg,0401
6642a89abbb045119479631d547f50ab.jpg,0271
6643d5c7f5704188ac1dc629b726bd20.jpg,0056
66478c6a3b804c229d46cb6b50ede121.jpg,0394
6649990435594cf28feae2af74cd34d1.jpg,0229
664b4ca38250460fbf989a8a16ad9c2a.jpg,0057
6651d2e97a6a4f0583b9f59c4bac3d83.jpg,0264
66532d8188914e44bd03002530ebc720.jpg,0386
665b73a84e524cce946c7d38e91d9324.jpg,0146
665e50041acf48708aa216f5fdcb412c.jpg,0264
665f4005bed74319bafdd949fc288afc.jpg,0029
6663868c284448239aac44596a7af2fe.jpg,0243
6666af1bf71445eca4e4a7729b0e2ef8.jpg,0321
6667719ff6ee43998726624b7989f84f.jpg,0335
667132c925f14dedaf2309f77dac369d.jpg,0121
667408539e49450b99f90a79020f4e01.jpg,0310
6678fe1cad7646fa94c4193ce25af8b4.jpg,0317
6679360e40cd4973b6bbb40657e3c696.jpg,0401
667ad6661e1e44d0be438e61aff31735.jpg,0419
667bf8f5000a4447bb9248449ddf9eb4.jpg,0235
6682326fc3ce4f009dea126dab965409.jpg,0121
6684b1470aac44eea63416e7d1c21f75.jpg,0380
66868527dc1d486ba527c198507646a1.jpg,0497
6686d20603dc4810936383c6b0146b30.jpg,0060
668d392f87c241e89041c041a2ccb2eb.jpg,0145
66901be6dd124eb1977f008e952108e7.jpg,0033
6690de3912dc472399906cda56aa9a02.jpg,0250
6691bf4dd0154659897d306327378df9.jpg,0073
66990a985cda4248966cd9d705061c0f.jpg,0105
6699783f10c242bca766015fe863eaa3.jpg,0394
669e389af0744c758245f87b03eee14f.jpg,0065
66aedb0e57e542239819740e0286e507.jpg,0406
66b0288f5b4241889a48516530b1a54f.jpg,0467
66b04f6afb574168accc5bb5842c805a.jpg,0337
66b40fbf56de4770a5a15f509a2913d4.jpg,0100
66b44712e52040d3ac2dc8f7e03f8a55.jpg,0197
66b9c727602247ae9e519948acce7f81.jpg,0025
66bb0796d6a849b2a4819f4830523278.jpg,0431
66bcbcacf2964c758fdcd091462366ef.jpg,0033
66bcc027d47b4807be63af5e4bb06f7b.jpg,0053
66bd822bc1ac4411a925347e76f6ead2.jpg,0313
66bf582f3a85451ba0f98a878683e397.jpg,0357
66bff72e6eef418fa30cc6317114c4f0.jpg,0489
66c025e68c3e407bb70caac1d101142e.jpg,0152
66c2af5712e64547a9c754415cc3881e.jpg,0260
66c514d9d77146efba0dda02aec57b65.jpg,0405
66cbe80975f849acb51ab8781cf601cb.jpg,0231
66d3de49abdc47d181fc234edd9bf4ce.jpg,0040
66d535441ce14ddbaf88e7c44c82528c.jpg,0183
66d7f63d01294b29a98958d717294e2d.jpg,0178
66d8d4803a484ae9be261f88cfc0f1a0.jpg,0369
66dbd390775e4b89a6ee54b8444e2cad.jpg,0460
66dc867441ee46db9f80d99c4f82b8df.jpg,0103
66e325533ed74e3383c37c5f920f4efb.jpg,0179
66e88333d9be4185af81c7650ceaa5d3.jpg,0404
66ea28df3cb5494587672b7476b9df05.jpg,0275
66f0e307fb6c4307b29c4d4127d003af.jpg,0427
66f17bed05a0474486db478989873efb.jpg,0225
66f242dfabee45da8313c41b0ca44c24.jpg,0335
66f597027e714652b67ebe5fb424faa7.jpg,0033
66f76c0a81d04ff1b13ab9e44628b6d7.jpg,0273
66fc2d89ceb9413a9fb09f5611b8f5db.jpg,0047
66ff67c481014733b6c3c0e1bf0a1044.jpg,0329
66ff7304dddb423f8d49ea1d86ee8b42.jpg,0048
66ff8a0424554a22b16790c11bb42ede.jpg,0300
66ffb82d21a24c60aea8357ebfd7649d.jpg,0442
670085cdda924c7d968d608b839559b2.jpg,0014
6705354ef8174d5b9bc42cfcc0d2d18e.jpg,0005
6709a370f3d340a393586269a841b8a8.jpg,0024
670b91d91ded4e9c97efac058a5c0914.jpg,0066
670decdb87c44615a19d01cfcb1df140.jpg,0087
671109d0049d476a8a67f2aba3766b3e.jpg,0494
67113dc20fb84027ad08282f1ba3e58c.jpg,0387
6711dd36d3254cbaa28c69799864f6ad.jpg,0100
671602f4f33f49bda29212349937c5fb.jpg,0141
67194606bf564dff8a762c730ede49a0.jpg,0440
6719c8ba1d1d46e3bec467fa0a60b2d4.jpg,0231
671abe7031ba42d2ba0a071e2703ebc3.jpg,0381
671bad9941fd4d17915de368f9630259.jpg,0280
671dc7d6333b43c9ba9085a784de4339.jpg,0040
6725fb93ea734b52a499134943c90b0d.jpg,0249
672a6aa5ebe646ff80aeedd85f8937ce.jpg,0267
672ff14df3774e91bcfe1e448ce27d97.jpg,0282
6730d1bc5bf741e0b15ff373a9eba618.jpg,0254
6730d6d5d8324b1b9aafbd2850d47205.jpg,0303
673339f77b8c4e338a9c21291108129e.jpg,0067
67334852127449dca0bbf0bdba10af22.jpg,0100
673602a0e42544c3a7f37dc4b99d36c5.jpg,0166
673c99ef618849ab8825934172150d37.jpg,0322
673e4baad8884f64bfd4145a1c31a40f.jpg,0003
673ef49e8fb446538ad50f39834bf786.jpg,0340
67415a32a3914d369800857673eeeb54.jpg,0069
674255fddd5b4ba5bd0811f740574a6a.jpg,0481
674305ced7c844efab4473ac854c425c.jpg,0020
6743781366a84198a56f33eab9d7d2e4.jpg,0389
674517b205ec478aa195423b66f40f83.jpg,0288
6747c2dcedbd48829765642facf24f80.jpg,0142
674846334caa4acfb45159d4dd68da66.jpg,0339
674b6b6e96f049c8b54e6a3b9129b22c.jpg,0161
674b9e51f78b4ed2905eecd153475d7b.jpg,0129
674bed4171d143e9ab8fde2abd0c3387.jpg,0192
674da8c578e04b4a8e16ec1bfdc46646.jpg,0070
674dbb864f8b4151afa0eaa486ffcea2.jpg,0289
6750dc20ef3743b795e37c4ef54573db.jpg,0211
67520c8da4f14ca8b5d009ecb1f54af3.jpg,0176
675305cbb9b44da787e9a2f4140e976c.jpg,0215
675339277a7b4571a5fbd1fec27a8ff7.jpg,0398
675345c36ff04eff91ec996c1d3a0e7f.jpg,0363
6753ed3b6ee64e19b0c8b9ead4872423.jpg,0431
6754a61742ed4c7893b5a42985fe58e1.jpg,0301
6761509349d44da49f5f4b626f56b66d.jpg,0349
67627e38a24943c68b39cfb3032e9b0b.jpg,0132
6762b7992ace43d2981677c6dd92e4ba.jpg,0083
67636b73ea3e4452a2cac3e7f41dddef.jpg,0325
676615be69054830b86a045b52dd2646.jpg,0109
676954ab0c9c414897827f0ab777b5f3.jpg,0360
676cad0cd68145a3aa7dc9774e49fcdb.jpg,0424
676e06d7d1be43f2a52e3078c55505ed.jpg,0111
676e1489ef7246f488950863e7b9305b.jpg,0373
676e868286b94455b4135c98ffad2c58.jpg,0045
676f3547c81748d8a204499ce4a21341.jpg,0356
677058b6942b4608887e872ef89d9496.jpg,0151
677081ed84b0446cb5d910efdeaa09b1.jpg,0223
6776cbcc805348aaa3946fb76982dc55.jpg,0230
6778b18ab64c4f42a199be97c5197ad1.jpg,0208
67806f308dd04dd0b1f7f649f2a83a0d.jpg,0337
678140936401472894b82b0c9217f864.jpg,0028
67819e6a80904bb1aba5e0d5cb116ae2.jpg,0444
6782a11ebfac412e9ae591911e6e926a.jpg,0028
6783d4ea47f549dc892085c770bfa098.jpg,0310
678530bc09064783ace6f87d33b5ab16.jpg,0438
6786ad8747c04b719033bbad15c710a8.jpg,0428
678d0fc9d8d14cf7ae3a9464237f284a.jpg,0009
6790ff1772c74df69182200ea4081e48.jpg,0410
679141481fa04f8791ccc1f5d141150b.jpg,0199
6797646a722d4f2ab0efea618eac2113.jpg,0116
679b3c71c7ac43bd936300742403f960.jpg,0376
679b62a57b084adbbb25293683ffb423.jpg,0117
679d863a63d84dc5bffaaa5030f69d8b.jpg,0091
679f10ceeeac409d9ea5e19e549d1676.jpg,0417
67a010f715a1482bbfc3a584de62c01e.jpg,0447
67a17708ee44479e850829c8dcc7235d.jpg,0028
67a3cc609b6f48e0945bb54028873934.jpg,0064
67a6b7e50a164ff08ad2ebd93b1e597b.jpg,0097
67a85ade05b548a8885a2741476894e1.jpg,0217
67a93251af224d9d9b0726a5d1da870d.jpg,0488
67aaa2dd17f8402090c4757a34a367d9.jpg,0002
67aabd6874774a82970feb9d1350710b.jpg,0133
67ab61b24e2c4ae19b275f7a7d7a3d0e.jpg,0484
67acd1340f544f7cb68a34ad5851b246.jpg,0142
67ad648d26d24bc08c776860edcc0448.jpg,0171
67ae494b6f8547d19a7a999b07b25966.jpg,0165
67b3b94418bf4ec2bfecb764d9c673c5.jpg,0319
67b5028e0b6c4b6b82a1073b124f0e69.jpg,0408
67b52ab7de14409d990662c7d8986ee8.jpg,0115
67b52b107ac840f39217964324132ffc.jpg,0468
67b88350e7334c999862a2b1d2f02e76.jpg,0178
67b928ec71114e39869d9fe48be7eb30.jpg,0059
67bb75671b1c4bf99d5fbabb470bcb59.jpg,0268
67bbfd9f38ce4fd48cb3c4d1f826f239.jpg,0106
67bf9cd295d84a28a1b8bffc25640f82.jpg,0293
67c01bbabf2e4c5e9eebb3bb1ccc3621.jpg,0121
67c1d8a4604044ad840bb5f49f320518.jpg,0024
67c83d8f7bbf444fb003ae76e72cf6de.jpg,0220
67cb8d8cf4ff4b64aa206a4de05742b1.jpg,0377
67cd086abfc3492d88879ca2697e119d.jpg,0262
67d0ff61b74d41bd8788c2c970eaa960.jpg,0098
67d3ef8dd28b4ed993e39e7fdf30a06f.jpg,0358
67d774102cdc4d07a5215c37dd17f7aa.jpg,0430
67d789b3ea584d8ca8b42cda4e69af40.jpg,0281
67d7cf491c8f49899cb515b0838afd11.jpg,0069
67dedf87e80c46daaa60967066c4b20d.jpg,0253
67df5948c0b945e495f80a7f16665cb7.jpg,0460
67e1bace91444936b144fb472a9a34f8.jpg,0334
67e396d488f442739696922fe6dbfbfb.jpg,0109
67e47d1eb7264e0190c24600f559d5f8.jpg,0479
67e47e073c274f2ea43e9a963a405a4a.jpg,0241
67e6d0d30cdf4e41854e8b0cd3762d9c.jpg,0256
67edba50ff034e81a8870e176b911587.jpg,0000
67f5b454052342a9995dd778523c857d.jpg,0338
67f88802e2a649f1bc5660c98f361f23.jpg,0199
67fee33087d44a77ab0b3cf2afff44f0.jpg,0359
67ff35d56c664b36904533bdc7ddc052.jpg,0130
68016211fcd648579c8cc15957660f09.jpg,0274
680b4316d7404407b8aba3a9cde8daaa.jpg,0451
680fb460ef6e41578b927da0300cb14e.jpg,0425
681129df37494debaad553e5d5be6689.jpg,0219
6813052c7d814a6391389bdac12154e5.jpg,0124
6814ce0154f94533ac7c17447e46c2bf.jpg,0476
681cb25d190b4842a7c3e031ce865318.jpg,0361
681dfcd3923448fcbb697a381a334310.jpg,0254
6821028f964c4c418a05c5d156a4aaa6.jpg,0174
68263b6ef06d4eae81166938256dc24a.jpg,0430
6826e41bb7174a898f0a8c136b75d22b.jpg,0150
682763939546475a8c3165ceb5f5a771.jpg,0203
682f0172954c483da652121357385de6.jpg,0438
682fad3b35194e04a3cbdf3686784067.jpg,0193
6830c0609a534e6b81cd2b3347f24f69.jpg,0135
6835b44eea03490cb929504d030b2c90.jpg,0001
6836b4445921490ea0ed01bc360839cf.jpg,0315
68375c4ff45a4ae2b9df7efacf3a7c71.jpg,0247
6837dcf8180441eda8f0143d7e75b6ad.jpg,0008
68382320daf043a8bbe1c083f127838b.jpg,0421
683b8519916b4282aadbfc788b59e4da.jpg,0023
683cd54b513d4a899f8fb66979371840.jpg,0120
6842a65057fa42408c2f9132ac5c95d2.jpg,0194
6844308c51954a309a1964bf362493e5.jpg,0065
684cdd2aee98447a9b18d4f6ad4309bb.jpg,0156
684d3978e4774917b3f08a53d514710a.jpg,0173
68554290b3b64a05b3db0c3fd8e524b5.jpg,0441
6858202159a6428094367489ef9957b1.jpg,0287
685dd689715643c69667ce9b70ac66bf.jpg,0087
685f4652d7eb4c0999dc8e6c03f3752d.jpg,0373
685fc1ffa4034754b8afca12a6711cde.jpg,0433
6860bf1b2cbe425483a7385c13fd720c.jpg,0235
68633e746c724883bfe0bc42f98d328b.jpg,0166
6868173b909041368cb1b5e2ea4b1a52.jpg,0247
686b8f183dfb432281fb8c828343482f.jpg,0223
686cac29d2c040d995d99936eea45701.jpg,0188
6873fedff9c149a885b0f46f736857b9.jpg,0302
6876b1c27743409faf1b65df75a02b53.jpg,0323
6879752668684a3ba050d49e2ab81631.jpg,0269
687bb76fa6ab417db5719851c66ae2e8.jpg,0111
68822e96db8b4c2298d861eea5a29a80.jpg,0044
6885e20a57714e419d8057c96f3af89c.jpg,0053
688659ef52134c1292440cebfd3ac0c4.jpg,0103
6887c960e3a94e40802328401450da3a.jpg,0210
6889bf971ae14d08b25bd92a860c45ef.jpg,0405
688acd80d6734ba5af6a6a262f4ab86f.jpg,0498
688cd74406034eb59685460ed6c1427e.jpg,0303
689003c4ca494ceb805731496257da58.jpg,0039
68906fc00fdb4641bfa36847cb8f0642.jpg,0160
689291f3dfbd4707a71ecef8871785d5.jpg,0030
6898d5159dae4c99a5c0af92888a04d1.jpg,0253
68a501d4598f4b1b9c8ce1668b48e76c.jpg,0228
68a56faea70b44089c585619c0848bf9.jpg,0329
68ab46db097648c3a3265e2e03ef9391.jpg,0376
68ad57d0ac6643f6bb1872c8ede3de13.jpg,0163
68af37ab306640f6a881385efd7893a2.jpg,0257
68afaf69106e42a0a50182a6150200b7.jpg,0021
68b4239ebb4c4a3bac32057ef943730b.jpg,0059
68b5082c49894ae08e6ba4504905b4dd.jpg,0421
68b64aa109264711b0f4b049fad74bdb.jpg,0250
68b6d995b06542c58b0ab05639f75420.jpg,0059
68b828ee161241948b47c6fd09153f04.jpg,0112
68b970631b0f42de97c376b159744b64.jpg,0123
68b9c8480f474ec1ae726030b254a07b.jpg,0228
68c21924bf794e8080fe6d8b960e9072.jpg,0311
68c4160f3f4e4811b0c0f5d93e595535.jpg,0215
68c8f9ba414e4fd39b6ebbc8a3704229.jpg,0085
68cc28869dce408e96c1197cc2a116cf.jpg,0400
68d3f8413b374991a5d5eef56a8ea870.jpg,0484
68d54b04483b489a960993a2f1fd2728.jpg,0331
68d93a41f5af45c29abd40b9d8a7ad6e.jpg,0332
68dc74374f7b4753b8edf8d87a8a114e.jpg,0233
68e01717a3f6436dad5483d431badccf.jpg,0167
68e0560321f14870b2ec74ffb2d1aa3a.jpg,0173
68e300a72dab438997ff52f0559b2f76.jpg,0347
68e50fff32e94666ba89db15d2ccf9c2.jpg,0109
68e74c9546974202befdadc28f52d953.jpg,0366
68e9fd8c99414a7b85f9b65d6db9f609.jpg,0104
68ea0244a860487186248cf42993eeaf.jpg,0408
68ede0888dae463ca1f8ee068d268f52.jpg,0482
68f12b9a9cdf4d4d92f9302c00d52a73.jpg,0497
68f82eddbe9440399a45181e4d283656.jpg,0205
68f86258416a47d4b426eb79d1d9e5ad.jpg,0368
68fae3c16b8045b5be5960e3d42f9c24.jpg,0241
68fe6446d4a5498a98ba364e7c05cc63.jpg,0134
68ffe0d1143c42ee92f67900ad5671f4.jpg,0063
6900b61875564d238e7921931c37a8b3.jpg,0365
69010d03a5c747db87a3203e79e91962.jpg,0127
69010f9f0fba490085395edeaa48e4d2.jpg,0396
69041bcac33643d5a3c07600b6eab0d3.jpg,0288
6907aae533bd4aefb70000797ca2b335.jpg,0290
690a66a1e74b4c409c42d4b0b1608c95.jpg,0171
690ba099689046838b0a0b898691396f.jpg,0202
690f1afa660f4ac3bc1d50e4a15013f9.jpg,0435
691010c239e14a5a87465fe1dfa01efe.jpg,0277
6915a8b30dcc43bf9bb0955a5089b662.jpg,0430
691f977c170a4757a318d50e3e9ea306.jpg,0146
692025ba392e4c149b478d27519f0c72.jpg,0013
692261120e784215bb515ba74c8aa4d2.jpg,0246
69268017b6b54aa280c80f07c485093c.jpg,0051
6927522c71fd4b9ba1cc71be4e075b4a.jpg,0251
692a9933f059442f9b756a149f94014c.jpg,0066
692d166f35f24c738e4fe3e49fec531c.jpg,0394
692fb85134c043e2b6d8c9c5e9237ce9.jpg,0117
693004d84f7d4ccfa7547f3022c61a8a.jpg,0252
6930853debf84e038d1c5f333bd4c998.jpg,0359
6931d4ff3de84a3f9cf5796c88ed661b.jpg,0478
6933822c4fdc4e50afa37a2fbfa04d52.jpg,0423
69361993e09940f48b047ec175b60b33.jpg,0229
69374b701cc04f0fbf12b23a9d8654d0.jpg,0474
6938714ce99b409e9aad356af23eacaa.jpg,0230
693903c64bb247459f0a26afcca353e4.jpg,0425
693c686340d3429c94cfe040ebcd66c0.jpg,0148
693f2cc6ec2e4325b00e09b4ddee1c9a.jpg,0401
6940261533b94526a0a3f7a26c8ff342.jpg,0347
694171182db94693b08fbd4a0eac41b2.jpg,0205
6941f5a39a364f44998e5620c4f347e3.jpg,0346
6942b1ecbc384113a41322232b5de932.jpg,0163
694533a098d44e39a5944f553832c38a.jpg,0152
694751aee3d644b5a609287e27147b9c.jpg,0398
694be6e9d8aa4a57afed595bd69cde9f.jpg,0270
69528aedc7f541f4abfdf0c5af3e4f22.jpg,0334
69533f570e324be49a9464c9851fc3d5.jpg,0213
6954d4536fe546f48d16c6f44554c1ba.jpg,0199
69554a2dee4142fbaca55a024b104985.jpg,0224
6958e80cf00a42f59f13edb2fe5f18bf.jpg,0287
695cf108d4854508980af2c6530e4324.jpg,0407
695d0ebee7d546dab12eb3265e761c9c.jpg,0144
6964657dff1944998a9dd2bf4306f73d.jpg,0095
6964a53e8ff449d0acca2600e9bccfea.jpg,0404
6965c6f80b654f8abeca4fe30147e3fa.jpg,0370
6966d4f7a825491c9bb6bd9d8abe4a06.jpg,0192
6966df4434fb4467b26bdf4534f5b426.jpg,0340
696a6ea0a49d4e3d9b3a90bad87271fd.jpg,0308
6973164cf6aa49498f81d9026660c5e5.jpg,0232
6979cd65cda24c78a74647d02161fa5b.jpg,0224
697ac59eb2b148d782f092b8a5da4079.jpg,0144
697ec4fb5bde4539a2e55c51efa13d62.jpg,0084
69820faf1de740fb94297051c9f4626a.jpg,0210
69823305abcc40a6ba80dcca3e44c1d4.jpg,0457
69859db208054856931bf36ca55b22f2.jpg,0192
69868406057f4986b1c7f97b80cfa111.jpg,0424
698ca128d292452488f3366dda162941.jpg,0306
698d07107cfa480c9dee97532b88891f.jpg,0049
698f0688427349a385fe97d505bd4ca2.jpg,0119
6990c7b226e849f08a61d6b44ca4a9c0.jpg,0176
6992ec2c8b094001a3231cce9ba60c8c.jpg,0009
69934951c47e44e4aad21732b199d8df.jpg,0478
6993a566466042d088c6b314c0946b56.jpg,0218
6995138f359c41fcb2988f3630c4705a.jpg,0101
699658d64adb43c0bd90b96af11e45a3.jpg,0285
699686cd3a9343afa3d0f98fb0bd606a.jpg,0205
6996f185db834c7fbfc88252e8a6bc1e.jpg,0497
69974d9962fd4d149d192353bba50358.jpg,0239
69a108625da143959d227b51391029d8.jpg,0455
69a237d384c748ea8f01a32c9a7b4079.jpg,0262
69ae736a5d854a328f7a95bcede55a5b.jpg,0423
69b2c98873a44613bccdf4a5b06e8dd1.jpg,0267
69b8734df5f74594b6c22927cb3e6abe.jpg,0373
69be2a553a1b4d94af50d6df3e1719fc.jpg,0416
69c08c0cc8cd400cbfc9e88d8b2327ca.jpg,0101
69c3566ed67a43988faba5bdefef2d5f.jpg,0163
69c5b31d8d8d457196da402fea9a47e0.jpg,0296
69c9b663e74246dd863b334e3d0d0b3b.jpg,0341
69caa98153744328ad91e10ab8d3b4c9.jpg,0394
69cbd4cc9ce54bb584083b2311b595bf.jpg,0358
69ccacf01a6c44b1a2be8c7fe64d6ba8.jpg,0164
69d1c41c9dd3415ab87c50bfd7acec15.jpg,0367
69d2f45d52534fe5ae18b87fea4bfc69.jpg,0032
69d4d7fa86ee468aa9a461848ba64aa2.jpg,0160
69d6908102964382bfa8529a8facf335.jpg,0011
69d797f62e4b4a6e94eb48bea49e85d2.jpg,0371
69d7b2542e6f440dbee7659f0c9b9dc2.jpg,0372
69df1f1edc7947aa8b80c9353ebc14d7.jpg,0372
69df2f05a1ce4004bb546b614fc6ef11.jpg,0427
69df86f3ae3b4b2888e57affa1266369.jpg,0352
69e3fca5a9e145118487c6d0297e62c1.jpg,0018
69e683feb4bb4c25b275ac89fc6686a6.jpg,0314
69e736acbfd9478b9e5305a984c29248.jpg,0221
69e8ee27d80d41a3940f45ac5bf869cc.jpg,0082
69eaea56c67d4338a2c85065c9255f1f.jpg,0123
69edc89732c44316824b58d065983e9e.jpg,0059
69ee8b38c42e4ae381f2bbd6ef69ad4d.jpg,0135
69f0ca404f594f3a9e4f950ae3eb5988.jpg,0071
69f6bc33f3b4403aaf8af5ae62543dbe.jpg,0364
69f780b390d14608844e60dce722657b.jpg,0296
69f791c7d5fe4b3596a9acefdc67c48a.jpg,0268
69f7e41fd75f4f20b4812e36196517b2.jpg,0282
69fe4c83689d45ce9d7d247537d298d2.jpg,0400
6a0212b51b484588b7614e82a1b710d6.jpg,0002
6a0532dc07ae44699a67014be13bfabb.jpg,0397
6a127bb2393a45428abe5d50f1245f6d.jpg,0204
6a13cba8e4f24a2b95a3965cbf2680ed.jpg,0084
6a197a6d10c24ed095dfe253a45cebb4.jpg,0377
6a1bc0848bc54b358b49050fa2b31e17.jpg,0467
6a1ca8b9669643b7a22c81e416270623.jpg,0207
6a1f78c7cd554cfea7251979aaf86481.jpg,0476
6a21506a1f574cce999672754b016698.jpg,0386
6a30ab9d6ebc4aa5a7ade2e5a2874246.jpg,0271
6a30be6ebdbf40c9afffa8543aecbbd7.jpg,0289
6a318d47f885469da76906970373b853.jpg,0254
6a31d4dcd0c945cba413b16ea86a0dde.jpg,0406
6a34c061fe364d63ba47608c59237f37.jpg,0324
6a3703e441d34a78b25629e10bf48f2b.jpg,0359
6a37668092fc48ab9bd2f4d2932d218e.jpg,0376
6a3d8b10d1ce4282802a6e132001853c.jpg,0191
6a3e03d48a1f4650b293c125003d7235.jpg,0475
6a423819d2f949d0ad974bd28fa5bf01.jpg,0218
6a427449003248c5b48efcf3ad5ab7a3.jpg,0067
6a43ee5b656b4cbe8c672b674090d1ad.jpg,0255
6a484b34a2854d3f9a44e9952c91c2f1.jpg,0265
6a49c9be2db649a1895169e210fecfdb.jpg,0460
6a4dc56b67284bc19158965c68cbc231.jpg,0239
6a4fcd3112e349d4a76f16f670a450c6.jpg,0329
6a58e960ac8446d5b05c44cbeb4421dc.jpg,0036
6a5a8a8c9600474fb9e3e3f077ee12b9.jpg,0434
6a5d5d4af9f8496c945e647a6d33ddec.jpg,0353
6a617ef33f964ab9a7d718991ef7c625.jpg,0089
6a64bddf80314906ae83813f37e4e774.jpg,0452
6a652cbe44064477b6c5d3db2a4f1d9d.jpg,0185
6a66d167558c43c18956eb6473ba6776.jpg,0163
6a67f0a711fa47b19e44f5b0e55cdead.jpg,0049
6a6da0351b3a4d0c8e759c4fc8311ce5.jpg,0374
6a6e022463a049dc8e8e6686f4d96d9c.jpg,0335
6a70ca2ff03a4b0284550f9a0d4369ed.jpg,0181
6a73a335cf8e44a0a09bcb6c4f6ef5d9.jpg,0445
6a764122b22d4d598146acafce551fad.jpg,0082
6a786366b6474d86be328a9fedef7614.jpg,0411
6a78e72029d945a7b8a5c68c3593b6dd.jpg,0275
6a7b40e763ad4a0887e2a72a5b55550c.jpg,0476
6a7e71a26a314d918e6635884b276dbc.jpg,0245
6a7f7d3c57db4c5dab538c1efa0b0997.jpg,0311
6a817f5167b24f56bad38f6fa7ae311d.jpg,0325
6a81fc85d4a74180ad4655c86d2c1738.jpg,0021
6a8374baa5954ca192e8b9d698fb59b3.jpg,0328
6a855c68a4464669a4b0ba94c0fb7ef8.jpg,0041
6a8c0fedf11d4184a6267077241e2891.jpg,0187
6a8ffaeca2a04c8ca9e0b6d662e32e6d.jpg,0357
6a94c7000e684dc1a66bf3c7a35b680a.jpg,0219
6a953d40ff2143deb3b491dcdeebfa4a.jpg,0108
6a98ea1f37084871af9e9f7be07fc199.jpg,0133
6a9ad575ae134b20a03cf63ac08e2a3e.jpg,0029
6a9f057366dc4db3af7ded54894c194c.jpg,0358
6aa14d3483dd47f5844769ba10053073.jpg,0105
6aa2b54cc3ed4130851903a1a5f54fac.jpg,0459
6aa4a6bbda3049988ed30ecc34f25936.jpg,0048
6aa8ef176ddc4c029a4ebfca928b5cf6.jpg,0000
6aa90e9d17774de2b4307afe9c410622.jpg,0403
6aaabc071e8543a89b6f51fb0757e507.jpg,0187
6aacf41894e0409c8536365eb0f784d7.jpg,0253
6aad3f46a8974194998920069980828b.jpg,0057
6aaddb2eee2146eaae0e40d2bb906b98.jpg,0133
6aaec5c63f9f4357ada0e3a8ea3f9970.jpg,0410
6ab24685842742cd98dd70c4d253e549.jpg,0473
6ab3dd286e564fd9ba325cf737e38a88.jpg,0453
6ab7dd1542be48119f8f8fae594c105a.jpg,0124
6abd6de485d24bd5a3b040feafb64e73.jpg,0245
6abff702bee844f9be6bcfc43c06c6f9.jpg,0049
6ac2ea5aef444fb9b477c95f0ca6f4c3.jpg,0438
6acbec09acbe4d078d8a3398284a530a.jpg,0207
6acfded3924b48b1a50d021671225acc.jpg,0488
6ad1b410ee664a3e85c493df10db85bd.jpg,0166
6ad667914f6c42488d898774d435fda1.jpg,0367
6ad6dad68cf34861bb67b04792517349.jpg,0022
6ada3fe663db47d6b75ee62b76ad03ce.jpg,0440
6add5ece74d743e59a58be873b0cc02a.jpg,0137
6ae06a093302486aae00d67555dba76d.jpg,0470
6ae0da972f2349f1a1f88a597e0ddceb.jpg,0022
6ae1872c28af4ee88290704fd814f25e.jpg,0086
6ae189108be54eb78f9f92e971e69711.jpg,0074
6ae8577816d5404fac2b383a5039c121.jpg,0103
6ae872158b864014a90655fd16ec257c.jpg,0028
6aeb07c3c6a7437dabe35345cf6cf83e.jpg,0163
6aef6c5463734ff39822abe5cc9d2940.jpg,0120
6af49bfd5f2742c9b700169ca9dadacb.jpg,0215
6afb2cdb3d154c54ae2a8aabaeb18b71.jpg,0277
6b018525f5194b25b1d500fa270ff089.jpg,0124
6b02f734119343aaac881dbecb97c34c.jpg,0193
6b05b710e4d54272ae5d708f7cd2003a.jpg,0090
6b07cc0d78904691bdb6231ca8a01f64.jpg,0325
6b08bf153d944945a2df21c0f6408d67.jpg,0355
6b0d33621bd04b62962ecaf3b7c041f6.jpg,0381
6b0e064599904d66a63911ef39e23806.jpg,0484
6b0fd25b86ce4326abdf8b11f43f83bc.jpg,0136
6b11c5e86af54094b49e555a024277ce.jpg,0458
6b165267c793462f80fbeb9b2f6fd508.jpg,0295
6b17efaf944841718d112c1980810b7b.jpg,0252
6b243165df5140188ca598d123cb70d7.jpg,0315
6b2770ba72c9474ea298b0418328e9e5.jpg,0211
6b2f567b00f747b58127d9814f64a10f.jpg,0090
6b31d99b7eca4d548891dfcb8a52aba8.jpg,0355
6b32e5d597fb4d95b9fb083ea2507880.jpg,0116
6b34a5ca06dc4c1698caa224384efb2e.jpg,0130
6b37a51daee2487884e4a8c5d1abe4bb.jpg,0269
6b401e4a7c7544a38eddb894b9838e34.jpg,0235
6b41f12442244c448a100c2c08d4ca34.jpg,0006
6b43eaaf0cbc4407a2bed5fd2c07756d.jpg,0484
6b4446a4545f488aaa59a5513df011e0.jpg,0323
6b4581e763404e079a1c2f27d0362107.jpg,0173
6b4693de8d5b4b33b63accbd48d2a159.jpg,0461
6b4a5685baf4442bae6ea154f9789885.jpg,0393
6b4a9fa8d3c448b5af59a899f8e438c4.jpg,0031
6b4d826a7ae7437ab7d9ab71941473b7.jpg,0382
6b4e0990a2494388a25b3abbfedf6f1a.jpg,0052
6b4ef949f4d3457cbc59ea928b0a7b5a.jpg,0259
6b5161f38a1140d5b21f7223b72747ca.jpg,0254
6b57b1da817744ca93c74900ca5cd6b0.jpg,0380
6b58f8378a4d429985c4a4cc3651e888.jpg,0028
6b594bb47ee14af3a76d6d17bc03a710.jpg,0253
6b5a0d90991b478885503531af8bc48c.jpg,0173
6b64de45a0c24de4afef5b4dcfb182db.jpg,0380
6b68154074cc41c9a84ebb1be1ae4074.jpg,0343
6b683b86f07c4fce8f96fcaee05e5045.jpg,0042
6b6fd24007294afb8bfe0f2e1d9521b5.jpg,0355
6b72825429c74368be296ee567d7b3a7.jpg,0270
6b72aa191ef043dba8b1522fec96c3ff.jpg,0050
6b7651fde9614902999eb8647cde9cb2.jpg,0306
6b788c47ee144367aa6808239995eb4d.jpg,0206
6b799310fead48a7a0f7daa1c1efe38d.jpg,0007
6b828a8d52a54519a5743917ae473cae.jpg,0119
6b85321e1c3147b39543a267a7b4f557.jpg,0149
6b86788ad96b479084c0494d7aaad420.jpg,0028
6b89a5ffbf3c484d8b783225a78a4459.jpg,0210
6b8ecdd2f2ad4074aa69644aea23fadc.jpg,0193
6b9b7707756d49778d7ede40de438fc3.jpg,0200
6ba0ced3afd646b1a5b53b670c733ae6.jpg,0207
6ba1d054065a40a188375a19963ac369.jpg,0026
6ba547f4bba547e7a2a4b933866d1e15.jpg,0340
6ba683fc201c42ffb1b25fda05be49c2.jpg,0231
6ba86f9b1ce544a38091632b3cc61321.jpg,0069
6ba8afc879ed42fcb6b47670482208d7.jpg,0006
6babefc80f1d439b8c86e32929cf2b0a.jpg,0121
6bae4b44412c4091ae7a1cab1028193c.jpg,0045
6baf328cb628400bb006790d4834020e.jpg,0356
6bb0ced2d3c54a01be939d873c22001f.jpg,0020
6bb3188ad54b4edca27a080b703097dc.jpg,0346
6bb358346b204270a3deb599186b4a10.jpg,0177
6bb3592b6547456faff785bdb9d77105.jpg,0412
6bb592d8694f49fe9bd3da33b26bb882.jpg,0154
6bb76051351746d38d7ded4153988b0e.jpg,0126
6bb79f5308ce4cd8af9bc7effe408bc3.jpg,0412
6bb91d096c9c420d9b9380f4c4adf597.jpg,0156
6bbdca838bcb45809af08f68c042071e.jpg,0357
6bbe67d7a5a0493d87c09b6f25bf746a.jpg,0150
6bbe83374c6c41bfb77afdf698656e9f.jpg,0410
6bbfeb17ea5c4341be687042247067c2.jpg,0168
6bc075aeea414017b8af3049e47a45a2.jpg,0022
6bccaf828d044b109292b412eb1e35bc.jpg,0149
6bd2bdd59f1e4756ac1e22cea8da636b.jpg,0244
6bd528248fd3482f95774111d58782a4.jpg,0068
6bd852ea50a24165b547cb16a49101e4.jpg,0396
6bdc3ca17b6a49df9fb520f90edf8435.jpg,0009
6be19e1dc55e432fbf71eb4a8449c686.jpg,0191
6be948cf879b404ba45a79023d82ed19.jpg,0201
6be9ea430d714ce2ad1056caede453ba.jpg,0366
6bf23dfad2fb4671a2243e7a4e44d7d0.jpg,0220
6bf7fee90f284779b41a1afce92d385c.jpg,0077
6bf89d653a0943429fe2b9741fcb09fd.jpg,0421
6bf93cc05dc340c08defdd8884ffc6b9.jpg,0373
6bfcb0df6f7b4a278bc32f7d45b0a158.jpg,0213
6bfd7a52a1d440a4a6caf1ece74f1e56.jpg,0014
6c017a3337ca4c35885adc2adfdf4547.jpg,0146
6c0698a60f494ecb9a8a00dc8bc0c441.jpg,0107
6c07a5dfee4a441a87584f238b80d30f.jpg,0191
6c08319ca19f4807866b16eed86ecac5.jpg,0218
6c0889f746064436a29bd0f5d6be7ab2.jpg,0029
6c08c11d0c6c42e2a4cdc839fc012cc6.jpg,0318
6c0d985bee0848c792bf3a2f4d5d288e.jpg,0371
6c0e3b6b33694a3baa06050af31622e3.jpg,0038
6c11bb9a4e934fc2bfe03eee80e4f101.jpg,0407
6c1250266053475cb89efa878dd5f459.jpg,0269
6c12cbde9f2746cfb56d561daf1075da.jpg,0109
6c143769ec9a4011a12be9d01e1cc885.jpg,0121
6c17fbbdbeec456880fb32eae93320db.jpg,0359
6c218f28cd304d139eba65c49ae1766e.jpg,0099
6c2215d7cd29401087d2dd9c95a36ee4.jpg,0365
6c234c6ada2941eaaf8c7dcebf2dd485.jpg,0169
6c29faa05c6542df89371f625eaf93b2.jpg,0401
6c2ab7178bee4100afcdf35901bd8c27.jpg,0401
6c2b5b2bcaaa41a1a031e5137c20a292.jpg,0183
6c2bc3d0923248e4884eac90643bab9c.jpg,0220
6c2c01092ad6442e86dbe7543110e8f4.jpg,0458
6c2d8d31dcf643fd8b1e500318ef3159.jpg,0453
6c2ee358bf644dd0a439c14af3d93081.jpg,0140
6c306886b413441aa9a8fed0b26fe6d3.jpg,0209
6c3087f2a1344fb59d4d4b9469c6e6f3.jpg,0342
6c313079077c4be9ad734c2ca0e24e5d.jpg,0120
6c3388e56e3140ebb6c68cf163c4a651.jpg,0242
6c33df09a66a483e983bb190fb17e0de.jpg,0347
6c34b82c1e164f178b1bd180ae4ffa88.jpg,0183
6c36a4d283554332893b5cc69f2a8b5d.jpg,0002
6c38e23a03a542759b641166367c77a0.jpg,0385
6c39c57fc8e74936992a59676e4e0dd2.jpg,0176
6c3b469f95574d07a2bc04cb579707c8.jpg,0258
6c3b99fec16a4be5b8b7c11b8e964b2a.jpg,0169
6c3cfed2da3c48819a35585de21ee2e5.jpg,0375
6c3fb2ca398443c999e9d69e854fe94f.jpg,0455
6c4010aa522d4270853390bb503124ec.jpg,0408
6c44ecd955ab4180b6cfa11db0ed716d.jpg,0237
6c482ada09dc4fd6bd1580d882233669.jpg,0173
6c48ef715c3b449bba01baa23c4e4225.jpg,0066
6c4983bedd904ffda3bcb5e614a49d97.jpg,0313
6c4a3c99120640a3a2954c4bf4eb2351.jpg,0408
6c4ba83ed6b249cfa3cf3a42b728e1cf.jpg,0227
6c4cc47a4c40434888b9d8a3b070bd92.jpg,0422
6c53f36fbe8d4629935a2e1d679164da.jpg,0158
6c54516435234dae876b3415e8811f3d.jpg,0119
6c54533fe6114da2b04375b7471ad898.jpg,0158
6c5d41261efd412687a214e2d2ab38fd.jpg,0123
6c639968b9ad464abb3aa86fa60c88dd.jpg,0186
6c64fab8b8d4486ba6d86313f3b22ac1.jpg,0373
6c669c27a79143058279f2d8cfa86268.jpg,0149
6c6b622410d64d2abacdb35436d659f4.jpg,0113
6c6da734ef894ac2ad3cf166325cbc86.jpg,0322
6c779113fa8a4d9e90e72121dbaf0773.jpg,0001
6c800301e29245e1a66f2d4fe11e065c.jpg,0281
6c81af10971748189216593adf35c731.jpg,0253
6c82ebdf058549ffb4cecccb3af80f65.jpg,0464
6c843ea2c3464117bb09fdb6f8c00f75.jpg,0084
6c85b1c8400841dea070f5d267e0348b.jpg,0218
6c88c79272d949c5aa28a3dd2f058d10.jpg,0108
6c8a0b01da6e42a18d0ceac75fe449c2.jpg,0207
6c8d6485828e49faa4d278417d9bd020.jpg,0136
6c8dec4319504599b733778f1c81fac7.jpg,0031
6c90ad6e63a84ac4b0a50461db62ac6a.jpg,0482
6c91abeac09041a5ab52bd5f3634dc36.jpg,0350
6c95da184f85407eb164ac08f0609e27.jpg,0234
6c981ff3c2f14ffbb6fa2b17c925e9cd.jpg,0294
6c987da8652449a2b4b461acf22bc045.jpg,0117
6c9afd34d4ee4ea78010ea718041e08d.jpg,0415
6c9c1543501747b9be485ee38e0e49ec.jpg,0147
6c9c314efe2c4c79a3cf8dfbeac6b92e.jpg,0327
6ca08243b635434da45780baa18cb381.jpg,0249
6ca683c686134ea295e6032d798e6237.jpg,0170
6ca7fec63b584cb1b91716fcdbae263d.jpg,0427
6cabe9851af14383949e3781a043990c.jpg,0091
6cac3d122ca348e8acc27a1b172c8f0f.jpg,0140
6cac4a90a09749eba21c7f2f31a4c8fa.jpg,0485
6cb059ad93444809881332889049bb4e.jpg,0036
6cb117b384934c4e882341b92880f504.jpg,0241
6cb28e3ec0ac49aea94126718c6e018d.jpg,0421
6cb6a5fc949b4c0093dbe5c7194f209f.jpg,0108
6cb6c960f50641dcad443e866ee15726.jpg,0109
6cb849687efc41d0983ae22bad515046.jpg,0473
6cba79b347ed46659f2fcd2b979aad0e.jpg,0117
6cbba05fb2314ad6ace5d163c7f5c034.jpg,0444
6cbbcadf049f491ab7b1e979cc0c5ed0.jpg,0344
6cbc44c55eeb4036ba081f16a02ace19.jpg,0232
6cbcacc49cb5460f99f43688401bfe36.jpg,0043
6cbf4870bc2c4ed998db4cc9aba98f05.jpg,0453
6cc0a20a5db5416fb00090cafcccd7d8.jpg,0082
6cc1261daea9441ea5ce794878df70b7.jpg,0185
6cc2eb067e8a4a208b56af59b7920f73.jpg,0464
6cc8688488964bb2a68f12128256ea0c.jpg,0482
6ccd008f5b9045849e3641ad53df99bf.jpg,0214
6ccd7f3f99bc4f4e8d9eec5821a8ed12.jpg,0030
6cd179c6f3fc4490945a0f255270d4ba.jpg,0140
6cd1b63a239d48b4a48161f2068a9a66.jpg,0488
6cd213f8d4bb4e82aae1d040fa2fe238.jpg,0056
6cd3500e2afb46ac965b694c741a14d3.jpg,0460
6cd6406f86d74bc8be862b607887602d.jpg,0496
6cd68db1744b45218001474e738913ba.jpg,0133
6cd6d3240874468fb989fab9f84554b0.jpg,0473
6cd7b62a4f2f47559a2f24331745a1fd.jpg,0271
6cda22c9e0944e3cabdbfa55daf2e379.jpg,0353
6cea5a5b751341dfbed93bd26aa7f837.jpg,0062
6cebf6a5bc2f438288ea06097e54a966.jpg,0255
6ceca569c5b947cb9b5c5d4a0bf1118b.jpg,0402
6ced0becc32d4cd2843d0e3d35cbf2ff.jpg,0057
6cee9b3f3f6849348079b4c3bacf66cb.jpg,0163
6cf20a0b7ae7427e9206a6c7f74603c8.jpg,0404
6cf265d96d544055882a776361da97d0.jpg,0249
6cf3cae59b0841c094cac64a57b90527.jpg,0263
6cf55d901c114a5f8a5e87bd28fa9c2f.jpg,0214
6cf5c6cb1e5a49ac86a891b5c8e4c89f.jpg,0464
6cfb1371a6504d68abfd5662e199aee3.jpg,0288
6cfb1bcad84e4147969cb8a244d6f7d4.jpg,0220
6cfb35d707074b008949bd31784e3bea.jpg,0005
6d082787e04e41598f58ac9bf222fdd9.jpg,0229
6d0fc3deb12d40d0830c4a080138864a.jpg,0163
6d12167376c348b4af10f7d73f74c38e.jpg,0113
6d127c25020543d68796fce6cf11035c.jpg,0205
6d14600cdc9641da8a979e47a5f5a322.jpg,0483
6d165cb6064346409fd23a6f46db3392.jpg,0116
6d18dbfe71d848ec87080d34ed7e1200.jpg,0213
6d1af08e54a84d159d35f149436c20b9.jpg,0002
6d1e851482f5429b91c8ce99edf5df9f.jpg,0216
6d2e2a146b7d475e919afac20acaea6d.jpg,0043
6d327d246d054977a84d47803cda3629.jpg,0125
6d33d8df3100476cb892bd24e0354276.jpg,0215
6d35aeff1dc4457fb6f8adfe20c4c393.jpg,0327
6d39e2955389459fbed0609a11879588.jpg,0174
6d4335ee4b8546e684c858ec5d539528.jpg,0171
6d477ffca2414bbcba41be4a26bf0c2e.jpg,0270
6d48d40cccff4d069096718bfbd80492.jpg,0170
6d496696c0b74930a048d5b9fc30dd27.jpg,0164
6d4fbaf6f99d440994dd8b59164e4935.jpg,0083
6d5069e9a9d449b0888ea00351e7a136.jpg,0263
6d514e88bb6f4924855afc0abf0a6a63.jpg,0158
6d51e29573424da987e097ea9debe568.jpg,0113
6d522931f64d4aa6a9b2b247df116065.jpg,0183
6d534f7f6eb54d7a80985903ddc71b9c.jpg,0190
6d5434986cde4e8d81bdab9aba35c269.jpg,0223
6d5c6534006a47a69fe8dff531702bac.jpg,0131
6d5c86497173470d82c05c7e2621fde9.jpg,0049
6d5f19bdcfa64432a5c04652601b321a.jpg,0185
6d6321cd9ac6410c8335de028513754b.jpg,0372
6d637a1b10ad43dbb5e90fd0ad8b9c45.jpg,0089
6d63d1d1d0d947c3af58db010f1ba77f.jpg,0460
6d6af858b12548e2b1d0d6bbed4f6dc2.jpg,0262
6d6d46e469b8464e8634bd9a579288d3.jpg,0182
6d6f6174224e40948aa5663b3164a0a5.jpg,0143
6d74c148daa7462192105fdd65dd1b3d.jpg,0148
6d771e963c95469f9472c2f76fadb1c4.jpg,0410
6d7ade0b4c4145bfbee17db74881b245.jpg,0055
6d7be8a600be4faa8b90cd588cf120a8.jpg,0059
6d7c09d7648a4edaa152c452fc82065e.jpg,0486
6d8909a6fef1410b91e4ad551cc4915c.jpg,0210
6d89a27e5eeb4426b8fc94e9ebe18a72.jpg,0092
6d89a62bc62147738dda4c9880db87b5.jpg,0040
6d8d72ffb6a74621bb37ecf3d46b4952.jpg,0245
6d90cc73457c40888876d1320125ec41.jpg,0254
6d91630e9b264170b3ca7713676efc86.jpg,0487
6d91ce6a2c9a48058504fa0ef1674262.jpg,0102
6d9241fdaa3c432b89a1c79014ec4c2f.jpg,0410
6d9412f0ed4e43c2abdfe13cae18d2eb.jpg,0454
6d96f326d4b14ff9b107f3174529451a.jpg,0466
6d987c9a1f9d436b80c3cf884458ed77.jpg,0081
6d9b7a19eeae464482ff1dc443004749.jpg,0409
6d9dd4d82ef64a3a9c5d68700faf8fec.jpg,0424
6da1cdfc60f843739c073af9e11b114c.jpg,0098
6da68319cab64c3d84ab561e076f3220.jpg,0352
6da7a87c5d9c44b884434325366bbe00.jpg,0023
6da98796017c47eda063222ff55e9a54.jpg,0163
6daa865427ea43d59e59434b2665c158.jpg,0472
6daaf9e0c4494587a4abacb1548346ca.jpg,0172
6db0c28fd75d4ec3a4a36fdbe526ea16.jpg,0483
6db1b4b62e6545ba9371741474499051.jpg,0091
6db4a5464e1a4442b4b307548166c713.jpg,0121
6db4d5f2fefe492e8ca5e670f4c850cc.jpg,0465
6db9cca78bc248328ae2a92c48d1d172.jpg,0020
6dbb13bdf13248a9b554da94f3c5e59c.jpg,0329
6dc13865d0a248edb46c9ac7361f2b1e.jpg,0255
6dc43695609d47e990faaa485c3032f5.jpg,0386
6dc7dc8523164a6bac616c29c355cdb8.jpg,0304
6dcb91a80d914716a16306d711c946dd.jpg,0398
6dcdfa39f0854b188d03d80c7f962a6f.jpg,0203
6dce5b3793cb42c085f2f7091a4fb23c.jpg,0040
6dcf47af3f734bdc8279842bb685354c.jpg,0439
6dcf69023e3549b98e89e19ccf699625.jpg,0151
6dd92d7ab4bc499f9ea499feaa96d5cd.jpg,0242
6ddaefc6a46947a281b3f2f06af2a8d1.jpg,0179
6ddc2aa5c6b7414b9a6203253314c52c.jpg,0491
6ddcb9b2db764e1cbaffea89bcb034ab.jpg,0014
6dde0d458eec4314b1a9a9540150e905.jpg,0146
6ddee70138d04eedb11eb570753a3c57.jpg,0305
6ddf7aa350d74ca29f5142b2a45ad359.jpg,0145
6de15412ab1947d481188e55a7bf1f0c.jpg,0294
6de463cc638448059fa04d724615a3ba.jpg,0204
6ded4fe1dffb476d99608b87b3163681.jpg,0028
6df54f2bfb264e799732890167101a14.jpg,0021
6dfe8dc089d64cdabe0d3af45a67a397.jpg,0101
6e017faefa3046bba8ad49e519f67d85.jpg,0273
6e03db0be68e452393f61e2a21887db7.jpg,0466
6e051568f28c49699a2af860b46f216a.jpg,0225
6e097a40cf194935bb93b212901a1c5a.jpg,0347
6e0b1c3fbfa645b0985e62093cba26f0.jpg,0154
6e0d428100d44ba48f6be6acf6a92c53.jpg,0335
6e0e38c1bead416483681cd9a7025c64.jpg,0477
6e11245044af4b9eab228f099c6d02d5.jpg,0270
6e16d0388905410ca588b17f0a85ccd6.jpg,0116
6e188e1a84ed409285edab83c398653c.jpg,0179
6e197bd30ee54b649f6f9d2e9d6978ac.jpg,0346
6e19d8c647c240289223532009ea04f6.jpg,0203
6e1e84c1b4ba4a02be09a4e944638889.jpg,0438
6e21d2f5eeb8433697d1eaa313fc8827.jpg,0085
6e22ec0b035a4974a591d6462f6f0220.jpg,0105
6e237808347f417d800fdf765ea640ca.jpg,0218
6e23b1153627454d9333fe54950b0d54.jpg,0094
6e25ad30b6b14fe4bb9c13dee1702e0a.jpg,0273
6e25dbe6d5c24e64aaab1f7178c20242.jpg,0036
6e297e634d9b45fe93241bd83670b104.jpg,0189
6e2f9bcb785e47f1968f2a746e9cdb51.jpg,0387
6e302a40b1e84a6e8f5f99a86cc68c5e.jpg,0324
6e34008601ec4378932a87827dbda914.jpg,0069
6e34b0189c52445284142fcc78437913.jpg,0486
6e357e865ab94e2b81a8d1fa32095223.jpg,0231
6e37d197b5d5429fb279af60b3bf943e.jpg,0328
6e3a4d589f254a2dafa66168d764e34f.jpg,0339
6e3af04c9b1f4239bba2d8244305fbcd.jpg,0121
6e3bc7481466468297c74394d201223c.jpg,0469
6e3d97e286ae4739bc150b96abc83172.jpg,0372
6e3db11d672e45d5b43a7e0c2bf5c7d1.jpg,0071
6e40b5466efd47da917b8a65646139ad.jpg,0134
6e443ca351f74734a064485b3711c2c0.jpg,0291
6e48ff574b124c63ac361732dfcadab6.jpg,0318
6e4e7bfadfa94443befa726bccd4e524.jpg,0186
6e4eef1375b04b60a1a9a37986ea31c3.jpg,0321
6e52510fc0cb4b55ba9547c69f255a1c.jpg,0319
6e52a629ebc14ee3931dc2555ef44a79.jpg,0119
6e54a0700b614f7f845ff74507e4e151.jpg,0480
6e551e46a0f04c9998e4f0b7b09fe23c.jpg,0305
6e55416b3b6f43a2bd4944e64ae27147.jpg,0065
6e56bcb6320240eea012c04d9deb831d.jpg,0126
6e57316495574ebdb2eb2197e9d8dcbd.jpg,0027
6e58e7bb05d74601acb2f4dee6008652.jpg,0349
6e5bdd69c0ff47808b0d93234de934e8.jpg,0161
6e5eaa9967724fe2a86ea20e0f28cb6e.jpg,0354
6e6061e2b7a34c178460e707ea541273.jpg,0032
6e62b7d567b14f109597989d1172e96c.jpg,0327
6e658435e90a4a2985a4ef429637a32f.jpg,0286
6e68df8b249d48c297fc396eb63977b6.jpg,0418
6e68e6db14b548a5b88c6dacbd7f1b57.jpg,0062
6e71fa458a144dba858aefa90417076d.jpg,0352
6e80db4b11c84307a17cf53a5eb770ee.jpg,0478
6e87e53678944e5a81ae0f659ce1aeb5.jpg,0287
6e8caed7a329486488582742b02421fe.jpg,0446
6e8cc14da826436ca26756ba658ee6c7.jpg,0037
6e9004f9fc7d4cb1b3ed63940b36fd1e.jpg,0047
6e98f30f7bdb45aa9802e59f5e9ce908.jpg,0289
6e9abd8c59964538a33d3404d3aecd2e.jpg,0021
6e9d6982377046d1b784f2aa1d45af8c.jpg,0398
6e9d87619dd64180a24f6735a237150b.jpg,0350
6ea100b3796d4d8a98464b3eb455f6d9.jpg,0072
6ea8c362683b4269b9fa37a53a226b4d.jpg,0188
6eaae51b0721453b9456c9847400af0c.jpg,0345
6eacef7548e24abbbee5095104aa3838.jpg,0320
6eaf21bb748e4e8c9f61d4e8d8fd4767.jpg,0204
6eb5f8702b354673b044b59d5aaf5a56.jpg,0434
6eb746d96fbc4ab284535a1cec32dc2a.jpg,0112
6eb7a7529e514fa5ac37385a2d8d9017.jpg,0146
6ebc6bc0090142e195ff0ad9e8717274.jpg,0194
6ebf56a8daae4adb9f5e19f8b0a4e3ca.jpg,0171
6ebfaee989ac40e9ad27582dc2093050.jpg,0052
6ec5b6fc45244e4798f334c95402004a.jpg,0203
6ecb865fad9e461a80573833d500caf0.jpg,0175
6ece8b3082ad441e865f6511e8f87cce.jpg,0223
6ed208eb15bc4d2983eeddef495d53a4.jpg,0330
6ed6c7676fa94fe59eef68d34ca4db7d.jpg,0136
6ed6f780ee204517a35e2b9593500b97.jpg,0195
6ed74e41e18e4bbd8134cd43d5b0e2dd.jpg,0479
6eda4bc1e2c341b981960e1baca5eed4.jpg,0413
6eda56dfbc274309b3c3ce34461bb2d0.jpg,0112
6eda8c00b2f74c39b1087d6daec81526.jpg,0147
6edac97bfc6d41988776397b4237871b.jpg,0252
6edaea19606d48e8bada1f06f62124dd.jpg,0288
6edbe39dc6ea4404a82ad007ab4efa53.jpg,0098
6edd5d90866442b698f8f0bbcf993dad.jpg,0156
6ede04093ea944a69482542cee05d316.jpg,0085
6ee9ed30045a42008caa90c2447bc44f.jpg,0461
6ee9fb65b136453689d31d0a4cc97fd2.jpg,0481
6eed8eb7d59945f0a2ef96182601f556.jpg,0494
6eeec80bc0e6409f8746d7f3caee65ff.jpg,0059
6ef5d56c71f14246beca6cd247acea13.jpg,0214
6efde0f96b8f49d8996cb65dfdb9ef45.jpg,0472
6f0441f2710846429977b83f5ff2806d.jpg,0035
6f04b76e585d4eae9852b182bce513a5.jpg,0047
6f0bfbef02884b7395199eb31c3f298f.jpg,0357
6f0e79fb0b3846c0a329102bd8146bd1.jpg,0059
6f0f0d0d72a94f0e83bd5e99b0208d84.jpg,0039
6f1eeb219d3b4b3fb742070ec6a6109e.jpg,0480
6f1f8e79494d405ab99b6251c52eadda.jpg,0399
6f238d8d98b543158c4ac305e1524b1c.jpg,0089
6f23d0770e964cbebd15f2f995c7c124.jpg,0034
6f25c981358d4b91ad8f631206f3ec40.jpg,0364
6f27fee2a4e24c91848552cba0255ee5.jpg,0208
6f2b730cd8b14bcd8e3cbb945ded031a.jpg,0124
6f2d4fb6bf5f4241b71f720225088cf4.jpg,0388
6f2e3b15687742369703842ed30fb04e.jpg,0351
6f2ed0297a694761bd57185e95f5d7a6.jpg,0268
6f3119f0c7624eab96d487289d059e05.jpg,0301
6f313fcb62fe4a93a65f54222a9ddc41.jpg,0053
6f32db28f3204f29813a325c90057f82.jpg,0349
6f385b58f347479fae3e854e3b2da1a1.jpg,0104
6f39560a8a0c40fe9aa1b1ded2b738d4.jpg,0209
6f3a2f703b1249e78a0dab031bba2c6e.jpg,0395
6f3cba8a21954e119f880babfe2ad7a4.jpg,0405
6f3d9ac84d1f48edbbaeaeaa24d0b439.jpg,0409
6f3dd9af6afc46da9edb295fd25238bd.jpg,0342
6f3f0e406b2048febccfcdeafa56e4bc.jpg,0433
6f40ef0e90cc4b7fb2c3bdfeac1352ca.jpg,0467
6f43e1ac2c6344599e233e66c1ab0904.jpg,0273
6f457d2b1e0549d983f6087cb43ae25c.jpg,0432
6f474403712a4d4bbbcc4b4d2fda25eb.jpg,0474
6f496fecd6a04a28a1fdf813034397d8.jpg,0459
6f4c899c0075407ba525ae5a6c736d7d.jpg,0042
6f4ea29d0cc54f669d9cbdf777463c9f.jpg,0307
6f578e336b7246fdab41503efade2f56.jpg,0223
6f5875a57b444051b82bb8ad842ba2a1.jpg,0235
6f58ecc6ba0541ceb941cd1804180d52.jpg,0195
6f596105cb8d47a58f4b5568d99a4078.jpg,0035
6f5d713c8dcf43528335bba7a6804c2f.jpg,0177
6f62f3e05d7f451b8bb815ce3c9600ec.jpg,0148
6f63bcf70c9c498d9afcfb052a50ec2f.jpg,0046
6f68c1cff79d42d1b05722539c96db18.jpg,0016
6f7011be8b004e5e8fc2fca3a2e9f51e.jpg,0162
6f734ddecdb54835929a727bbc51a3f1.jpg,0203
6f73a3b4808e4ae69cce8dcf1d88a915.jpg,0146
6f747786bc4143f8a439a8aaf20e388f.jpg,0422
6f77cb510425451e871e67a5dfc78dbf.jpg,0142
6f7939c8548f4bcda48a67084af96813.jpg,0343
6f7a0748af7e4ab5817f848d7eea289d.jpg,0489
6f7e46ad98334909b3803980a973ae7a.jpg,0329
6f86bd3b3198467586ffe701ce0d27ad.jpg,0011
6f87400db3134309b6037c7f8aa65e91.jpg,0377
6f8f66c9a6c64a8e81c12c9196820b21.jpg,0244
6f8feaf353154c9391053ab8f5174665.jpg,0229
6f90b96787c6453db847e6d4b9a48f17.jpg,0354
6f920b4f563541ee83e0624db33db64f.jpg,0487
6f92e46b40c64a5eb12faf255cd9f5af.jpg,0437
6f97b2175b0f46eb9b220765e4ca226f.jpg,0354
6f97d066544a42f4bff4f7f031cc41ad.jpg,0316
6f9a70eeec534081ab0f7b82cd7e1194.jpg,0188
6f9be7cefa004491ac83a982d10346ed.jpg,0145
6f9ede55436844888bf2140983058d93.jpg,0270
6fa1ac78e6ad4640b9bd35e8f6c75903.jpg,0034
6fa470a64ea047cc96388102fc2130cf.jpg,0064
6fa5f498ab534d4e92e989ebee7b2a6d.jpg,0052
6fac63a738944c5c8e4886e4a65fe050.jpg,0318
6fadaa17b2f9440983dd0c4453a4dcb9.jpg,0352
6faf7c762c0a4c8dbef61aa661098dbf.jpg,0441
6fb686bf8e3345a2ba0fcc36f0c69a28.jpg,0051
6fbbbc24aae24baea0e31ca09e1e66d8.jpg,0085
6fbe8284f16c46bba4d659e1f46a97c1.jpg,0177
6fbe974c6b384b90bb9706c215e1b0b1.jpg,0071
6fc1bcc4107e437ca69271a77760212d.jpg,0048
6fc552a7633f44318533575052200726.jpg,0023
6fc97a2a0cbc461096b53f7dd4e526a7.jpg,0356
6fca00896bef45b6ae6056bd52846190.jpg,0441
6fcbdbc343a94a56a13b015e330d2b3c.jpg,0368
6fcdc4ad56cb4e7aa8343051fb6eb7a0.jpg,0140
6fcfd8e7a11549f2aeadf37f5f50768f.jpg,0282
6fd1084eb41d4045b27c33558e4e7c53.jpg,0217
6fd2ff24faaf4fdf911e1169406fb9c6.jpg,0114
6fd3b8d136404b33bd6366b9c8b1af30.jpg,0279
6fd61286d54244f28733a7eaca05efa7.jpg,0025
6fd797d5e28f4b32bd171683fd388c61.jpg,0105
6fdc2f83e0a4494b97190378349fe2f0.jpg,0249
6fe25423fb544518a065c731a7ccb471.jpg,0171
6fecbd8789234eedb3f93ed32777fc59.jpg,0230
6fecbedf4c864de7bebdbcb9581598e2.jpg,0469
6fefea31623b40ee8e4aefa8ce017d2a.jpg,0394
6ff0368b4fc141248ec7a20b177fa8a2.jpg,0381
6ff0a7297dba410ea6667f5dd9ad7294.jpg,0453
6ff28d4530e344a593f7bef4c3670073.jpg,0315
6ff6fcca4fd649ccb885c64bb30fd68b.jpg,0088
6ff7be2910004d67bc21ab5942fd6288.jpg,0443
6fff3809d6cf45518755d4dcdd6010e9.jpg,0357
6fff5643c5d54d03867296ef121bfb9b.jpg,0395
7002b99f7d764a29af7285990d29db5a.jpg,0341
70038226eda84c7e8d16fbbd38a352db.jpg,0059
70044b425dfe4414bcbbfcb590fa19aa.jpg,0072
7010278732324db183f8a8cceea9c060.jpg,0180
701297c1021e46379f8b6747947f9334.jpg,0009
7013b71f1b0b4cf193b24935b0b660af.jpg,0223
7015ad55338d41aa88ec3157a84bc534.jpg,0285
7016a357325445689b6ff9281100a9d1.jpg,0269
7016d92d73134cb8a9320bf95687b99d.jpg,0239
701977bb644d4284b44e53a760891b9d.jpg,0489
701b9afc66744b288f48dec2538d0f1b.jpg,0419
701cc8f2750d4c3492ed314a859d0a55.jpg,0128
701e56798ee14a2da423bda6c6ef193b.jpg,0108
702044345a174960a6ad59b6304c7941.jpg,0309
702137bcaf354ad692c3b5fcaa12516f.jpg,0308
7021960caf864b66b4b05f7ce2340629.jpg,0293
7021c54a6fbc422c848868109d20ee37.jpg,0068
7021df41fbf74438a64919c7b76b55a2.jpg,0154
70231482064a4e32bdbf8f8a6399d2d6.jpg,0453
7029a79cc0a443989874d898f11e3ccd.jpg,0418
702c82c0b27a468eb23ff1ca13b7de0b.jpg,0458
702e2a30046e4b39a31ae00bbfad05f8.jpg,0095
702ff957cc2a47619c40092471d84fe2.jpg,0060
70307eea7a2b4551940e045ada8786c8.jpg,0074
7030dd8e255b4d0a895fde9e5c0127d3.jpg,0151
703179ce346141ee950e8e46b1ea9932.jpg,0281
7034c8acd54b4ca58ea7d2f977850f34.jpg,0406
7036f916918d42bb9829fd41ac4d67bb.jpg,0266
703795b2c6184629beaa2f836036f2d7.jpg,0124
70459b2a5f9a414db6b6b7dea6ac16b6.jpg,0490
7045d6515ffe4ed2bd048f06b9c3e482.jpg,0402
70466c1acbb946588b1fd54158bd2829.jpg,0316
7047dd07804a44028b53de9c8c8077ec.jpg,0277
704a9d26a30f4976a79d263b4a10f155.jpg,0410
704cfcb72e76459192103da66c82fa4d.jpg,0196
704dbea9350a48399fa6deace4d17182.jpg,0278
7050134544f245f8b8ef4c50b4f89a28.jpg,0278
7050524d72c34c27b28b75a778c9f791.jpg,0143
7051743d82194bb998129fe38f1ac819.jpg,0419
7052bf98b45247c48305ada83813dc26.jpg,0494
7058db3239a24ca887aab278db2d5a21.jpg,0445
705c774c491a470b83829963bed736ee.jpg,0291
705d2d9abc7a4050898b7f5badd6329c.jpg,0146
705dc084485548739205eb3adfdf49e1.jpg,0320
705dd68da3e74ee196e04157bd9b2359.jpg,0442
70667b03b618484c8da8403b6f65dad7.jpg,0000
7067581cfae94842b5457f4c0fa4a08c.jpg,0141
7069cec3cce74ceeab33f50c3b6e264a.jpg,0174
7069e2c2767146f2bce62348452743c4.jpg,0081
706bfacf8d5245558c7a85f0630f1019.jpg,0490
7072e88140ae4d3cb5169b495ed69126.jpg,0469
7076c9177ac14afa9a0fcd5f4d62ad9a.jpg,0432
70794d9daf474ae896e37d25a475f6d3.jpg,0484
707ccee53e5842519ae87e294678f3c9.jpg,0180
707eef72c3f1441080d7dc5d0fbbd421.jpg,0337
707f0933f5254c479d1d85d50adf48b1.jpg,0179
707fb021f24242d881efc8bf896a2e9d.jpg,0388
7083de78b2504f01b2c22e71b891c795.jpg,0461
70867923197948c2a383777a5cd0d90f.jpg,0199
708989b415294973a579ac847f03aeaf.jpg,0428
7090fa04e1974191aa5d2d3a247a75ac.jpg,0182
7098131be190451da7a8f82a258d3119.jpg,0393
7099d689a2df400c9262f1d97dedcbfc.jpg,0492
709c81eb7bd5480fb8a37367961a307c.jpg,0032
709cadcedefe4e75880b2c63e25d1cdc.jpg,0272
70a0af7ab9754a59b3844ee3d2c64a32.jpg,0320
70a13841ce0c414aac24b93a2160c3be.jpg,0248
70a1e16306e24eca9085dcad244493ff.jpg,0482
70a4f9ce96b9405694174d014f9f3441.jpg,0453
70a6cd0cc81842369b3e8af5f3efec69.jpg,0304
70ad13de045a4145902f391d3e1c99b3.jpg,0270
70adc844653947be9bae7c51bb4ea372.jpg,0041
70aec666941d4bb9ae9fececf1a68e7b.jpg,0481
70b1bc3afdf54cb5b5c591913c41f401.jpg,0194
70b3e9123d4247d4af165646f2847371.jpg,0481
70b51d123c384551bcc05a3d428b8884.jpg,0144
70b61457d2164e2badcdb532983df6f2.jpg,0344
70bd15f430db40e083ef72f4a8d6106b.jpg,0016
70be089ed4b646f190e9b057df21af6d.jpg,0344
70bfbdf2d3fc470798d04f72aaab9143.jpg,0124
70c04712e419406e8deac9a13cc88f13.jpg,0069
70c2055c66814ef2b2205edb026ebf0a.jpg,0223
70c80ce39c51494bb604ed801a997105.jpg,0461
70c8569e209f4408be0f7179d67a62e5.jpg,0119
70cd4ea89eb54fe1a772c3b319b2fcff.jpg,0389
70cd5b32b7804fe896896ac1ccc1fc53.jpg,0125
70d5eaa4e21c414586c595b1fda5839c.jpg,0478
70d726a0e3544714b5371b05da512b8b.jpg,0010
70d78129cb2c4957b2468300cd788e3e.jpg,0297
70dd64306f154b809f01e1c25b980558.jpg,0073
70dd81b89aed43e19725bb26b6a9e489.jpg,0417
70df79387e3549bf9a3472b77db16961.jpg,0330
70e07d4c4c714af19d751a869ff2d42b.jpg,0350
70e20bf0cdcf4e0685f6dbfe279eb04e.jpg,0287
70e37e21a94942eabcfeed2f6e1bf41c.jpg,0204
70ea7656f414457da823f00823efd465.jpg,0108
70ebef256cce493dbda20f5964acfad3.jpg,0450
70edc8c01ab546e78c6904d38fa7e9b6.jpg,0337
70ee241695514535b3d8bc5227788c65.jpg,0141
70ee92d0ddcd4ba597e5660d7b268028.jpg,0077
70f1b783a78644f8ac241a2a3c015efd.jpg,0035
70f3e9c102144e1b965e41a5ee2fd145.jpg,0354
70f5f4d1e53d40bfa89a6b94e62ea312.jpg,0332
70f65be8648940228b6781eb6dbfb025.jpg,0042
70f7a7563c0c47e989e517f9f71b92a9.jpg,0066
70f7d2c46f194d36af053a5470434a1f.jpg,0137
70f99b6193634d7caa850f9bee6ba0b9.jpg,0039
70fa46aa37c44f12b81f9ac9fd2c9c25.jpg,0254
7100122155184833af3eaecf3570a02c.jpg,0173
7100e517daaa4f08b4324e8687291ed1.jpg,0404
71045f5604124db0bc6425ff09556ee9.jpg,0357
7105e39bc0d04656b8d9c685800b9b77.jpg,0061
7106e5b2293b4340a12f3c745df4cc22.jpg,0117
710b6983ae4a418ea8261d9e2e5f5e3a.jpg,0126
711134f2bebf4aadb0fce0ffc76d8bfb.jpg,0033
71115628684a49f6bbd17031bca609db.jpg,0477
7112bb88b9984cc492506ef1f849702c.jpg,0456
7115fe4204c84f48a6b8add8addc1cc1.jpg,0439
71173fe06bc942aabf80302e2e0fed80.jpg,0055
711a19d813d84953a8d8fbc675f31abe.jpg,0474
711a25e15c404a18804bb76701ecfbc6.jpg,0424
711ad003dd624b19aef6f685874ba74e.jpg,0311
711c792a47c84f65a6f60c74b2a5dab5.jpg,0393
7120db924fce4adda451571a76a55832.jpg,0038
712109395683426b94da9a9e6af81e6e.jpg,0432
712211fe0a744a009e4e6c4a642e97e6.jpg,0237
71236075c4dc490e9ebda504f4cdcfca.jpg,0341
7123863f76464c19a8efdd17e5edfedd.jpg,0040
712a3e23a1f44016ae2c56809c541ace.jpg,0148
712e82736847419cbfd35dde7db58582.jpg,0356
7130d965c47646f185ca06db64b8413c.jpg,0087
71395cb4afdf43018a901ad3fc9e8abe.jpg,0076
713c636c4f3c42ef9afce365e531642a.jpg,0310
713eb61457714672a2e59c634b768830.jpg,0228
713f1e4d70e541f2bee31a7793951e32.jpg,0311
713f55cf3ec7490db8ea834f70ff9b7d.jpg,0315
7140b2a2c9974efa99352bc5f832421d.jpg,0277
7140f57469b746b6b424f0111a51addd.jpg,0310
7147eea796c744478329ed3cd9b2e4a0.jpg,0380
7148ba9d8bf94b4988de965bf0392ef0.jpg,0101
715151c5ad664bfd860771ef04c2b81d.jpg,0166
71542e76765047f5b3574fe82c2369ec.jpg,0463
7158311a4be445a0ae3a19af792e8969.jpg,0385
715a62d17a3c44b4a97ac602bf9d37fd.jpg,0168
715bffe32b33481f88144630816eca7e.jpg,0339
715da4a39d1942c9988812ae92048a9a.jpg,0356
7163b59d1a8a4ee9a4030d9b4d9ba002.jpg,0117
716a556d10aa449aa8de8e449fd513ae.jpg,0320
716ca75c46694eaa89e721409d01a626.jpg,0287
716dcea7a760406498d9528dacc92d9b.jpg,0411
71708fa8cf434ba6a5d75c83e903ff40.jpg,0364
7177660be33c4a1eb95213f81b0a8ce1.jpg,0403
717946a75cad41c4a6bac26616a6e1cc.jpg,0460
717d899bf6564ec2ae11604f953e2a03.jpg,0336
717dd3560cb04c8e93b2147511a844e3.jpg,0366
7181c4d55bb744e8a12d48de2f108f38.jpg,0135
7181f7f8120d46f69525b5a88a1253fc.jpg,0189
7187987d94c04c8486936132b73009b3.jpg,0115
7188feef95474cb38bd661439160e23d.jpg,0317
718eb85d78c445d9a17b79c72ce27ae9.jpg,0143
719025382c0f4facaf8c80704ba8bd0e.jpg,0481
719508ec96984be5a4e5b51417f8d4b6.jpg,0487
719824863a37424dabf80ae31554027a.jpg,0476
719e8ef2cf7d428fb9015379e092435c.jpg,0202
719f6fccb815445f976e3c8e73c75647.jpg,0098
71a78127fc1b461d842b075cf1a280dd.jpg,0089
71aadfcb99cc42bdbdbb484aa1508fc8.jpg,0117
71aba2b4e99549a09d57144cd92576da.jpg,0462
71aeb67652134338b29e7c6c210da1de.jpg,0259
71b0efb7d4d346259e5808564e48578c.jpg,0083
71b732365fbd45a3ae0a4c9252079524.jpg,0169
71ba399f510a4ff4b0759ec966527374.jpg,0206
71c5743b40bb49159b557e1b95e97561.jpg,0229
71c6b5ad06644188833ccc4af39494b9.jpg,0475
71cbb41b5b104381b3d302247c688189.jpg,0230
71cfa9361e324165a5ee32c37e241115.jpg,0309
71cfc302d1ab4a69aac8927dcbc86b81.jpg,0419
71d35a3c3b3b4bb7ba517da1a06281f7.jpg,0128
71d42a0ad3954e4090ab21bf9c590e43.jpg,0223
71d4a7eb1b9b4c81adda618ee6010cf8.jpg,0019
71d5cef740d4460abec534183a890600.jpg,0154
71d63bf3abfa4384a64189ea0eca30db.jpg,0052
71d96453635440a6a134f6b1d2242f1b.jpg,0209
71e018c87431465fb410e2612738d71f.jpg,0381
71e1f5bc98e741109eaae0f8eb027bf2.jpg,0111
71e56e0b7144441697202fe1b22b9c2a.jpg,0192
71e6ac98439b41558a419864f856bca4.jpg,0318
71e7704505f34fd0a42cc3ae1c9e5971.jpg,0082
71e9a389fd3544a598134cf440feb007.jpg,0228
71f03f23ede541d9b99600fc272f4f17.jpg,0442
71f17b96bab84e22b3b30360cecc62e8.jpg,0230
71f26388290942d88e9c84e633bca70d.jpg,0325
71f427638de34d12810f83d2486493f1.jpg,0149
71f4e802d3e94282b680909b8d3f8f66.jpg,0269
71f6bed4994c45d1b657f562db42891b.jpg,0472
71fa4c308e0e4c06b2a7e731eac8b50f.jpg,0031
71fbb1d8909a40f5b4b2580ca66ca1ec.jpg,0411
71fcc0c845914914b991b012bf7f1022.jpg,0419
7208057b8f3c4cd99ee5aa67fd66ed16.jpg,0051
720b1cd700414f8c8f556443d062bb96.jpg,0297
721196136f704d849b01727ce268a2c5.jpg,0046
72139a7a074d44e8b02f626dd2920b10.jpg,0272
721451ce4467491d8fe0c5a35a92c7ad.jpg,0384
7216f7e1f502460e9122a58d5fe346c9.jpg,0126
721b4512a1db43d1aeb4066f57765fa8.jpg,0469
721c718b6a574113b31c8186e1da9f6b.jpg,0183
721f0a1ff94c4189ae54625413e72d51.jpg,0045
722114d53e85440d8cd96527f2223747.jpg,0491
7229025a0f8e469d9f7ca5e41268cc46.jpg,0221
72292232ba0e4d3b9ff22db02c796311.jpg,0026
7229829e90ec42f386d5b41af1f3b949.jpg,0054
722ae8886d3d4e608d3915e3e89ef44d.jpg,0105
722b46622d8e4ecaa44064b1131f8743.jpg,0007
722d21cf7b22423db13b66d20ea61fd2.jpg,0003
722ffede5909422aab63bf4e13377b2b.jpg,0453
72345ecee5094b339b491ae3d81ceae3.jpg,0252
7236ea28f97b432e8e7cf8cfa54406f6.jpg,0065
72396dea73a44527bd8716f74cec7c2b.jpg,0441
723d151281cd449681ffb6dedd55684f.jpg,0261
72457985d80846a78b70dd2879cc03e5.jpg,0359
724feab45e0f462d85ec080ee69fe4d9.jpg,0059
72506171c1494d648b5cfe8c27851be4.jpg,0106
72534177b1724128b4f595d324a4a9f6.jpg,0324
725363d811604f5daa91d8a699389533.jpg,0470
725a6207d6904c19b91062854f4255ee.jpg,0216
725c1121519c43e6ac5ca783cea7fd28.jpg,0248
72615cd856c74fba99b49d6d4af72fb2.jpg,0471
7261657a728b41d9afcc5f164c3cb4e9.jpg,0431
7261de2cff4f450d95ae9db111e63db6.jpg,0051
726451389e4a44d2ba7feae6fe0ef2b1.jpg,0341
7264fb1d7da84763bf044cd764c635c8.jpg,0331
72669f289de24207bc7a5f83f9ffc2d1.jpg,0355
7266fc0c8a6e484d8c2eaa67ef392907.jpg,0344
72687869bee442e8ac81b3f8725a1f64.jpg,0436
726b7f59600d4b6597bc9e9f74273084.jpg,0197
72711da6aaaf4bd99a146c40df69ec95.jpg,0407
7273f1631b18429b841731ff8e8af399.jpg,0088
7276498c45fb46f59cff81792ddb05c9.jpg,0121
7279413f9b994d3b95d8d9cb3c249e99.jpg,0290
72809eb53b6f448d81215cc12ca66c0f.jpg,0222
7282bb2abf8d4d5cbfb168b9382412f1.jpg,0114
7282dab00fc94829adcff45e53f7ec24.jpg,0127
7282ebc0a2c94b2893555d9535a16808.jpg,0298
7289ca40cd324257a30b242533777df1.jpg,0267
728bddaecb4c4677aef090acb7b9adb1.jpg,0089
72919340990444eb83fdb8c4ec32d962.jpg,0211
7292403258c5430fbe28fe48152166e1.jpg,0051
7292ccb681c84900b364fe5b68302789.jpg,0123
729318784f8f4053bd5d9484da9269dc.jpg,0207
72965dd4cdc7489eaf2a99222ed228b8.jpg,0394
729886089f2a47e281e6d17fb6d77113.jpg,0208
7299f2559b1c4695a0267472da8c7bd2.jpg,0248
729f03440cfc4a0797c19b69ec1408d0.jpg,0059
729f447616144c3da278d380d2852cbc.jpg,0175
72a5bf2fc7ea46b48db16e9206cbaed2.jpg,0083
72a673a47dcf46de9f58598961f5f62c.jpg,0341
72b0b3eb219d4588935f2898015d4824.jpg,0248
72b763b4b49c4300ba821e2f3d6c7b6f.jpg,0473
72b7b1b25b9c4f0197e9a4e84e6840bc.jpg,0327
72b84e00f6f441c1984e5a2af62c1762.jpg,0376
72b972f9f15d4f49aca79ce9c34f2e10.jpg,0331
72beee8521134edbb5330c90a4317a95.jpg,0379
72c115c11a9f45ca9b02804635be06b8.jpg,0343
72c1b7cd70124483a858bafa5f4e64cf.jpg,0253
72c79c228776407da08c630103cd47fc.jpg,0130
72cb92f3140541e1b482fd8a434bcd21.jpg,0096
72cea4d0389242568f6076d39e7e489b.jpg,0011
72cf294b5e4e49589adca59d0cf94733.jpg,0151
72d18c4354874aa292038bb3267c892c.jpg,0360
72d3b0f249e3477bb5f99fd3b4b8df48.jpg,0090
72d5f7f13c424151b1713114f3a7fa36.jpg,0137
72d9555c8fdd487d834237e6372ec06f.jpg,0211
72dbd3aa51714c0bb926474c0375bc2a.jpg,0154
72dfb9bca6f04c6f8b53e3cf56df9b5d.jpg,0349
72e8c5da2d004913b47e022820fd4c2b.jpg,0146
72ebfaf8b68a4a1ba58da6de1379ebed.jpg,0232
72ee2fbdd5d2403ebe4909129fbc2942.jpg,0153
72ee6387f6f2416aba9c271f5bd00db2.jpg,0320
72f0e5fa81ea4127876b28197a840739.jpg,0188
72f98666b99745cbb492639bea868cee.jpg,0386
72f9d85d20d946ce9891eb837cf4d770.jpg,0461
72fc4452ea0248d98630b5d205d8696b.jpg,0331
72fc8b6decc54a13a511ec7fe9e2e05a.jpg,0271
72fd515dfaee42c0bdb47632ff3874df.jpg,0488
72fe9d7f397647debc6e9e0cf69338b2.jpg,0376
730a1ffaa33e445b9667f6e75360fdb7.jpg,0436
730fbf46a9d146d3880d6be9d26c71f8.jpg,0426
7317799337b0428fbdc8890cf981efd9.jpg,0196
7317a9f7c83247d69da9c460b6ae59e3.jpg,0281
731929e436014e849b36f1efa4a95427.jpg,0023
731c5039bbeb465d87fd54d6f9914532.jpg,0317
732494efe134404fbd019bdf2a08feec.jpg,0114
73261ae2d60243a1b8e2893ea4af3e5f.jpg,0140
732741518f934839a4a112c25485100a.jpg,0279
73275b9fc94b48b9b111de8fc5f82a44.jpg,0331
7328411ed19c478a98eaa9168a07becc.jpg,0002
732d8fb4bec340d4b478de2b996e9ddd.jpg,0352
732f74be2c2546dab84af70c7a94eb9e.jpg,0419
733115d0b58b41f9acb366ae6f695168.jpg,0379
73365886738c4592ad7de68d01b2bc7f.jpg,0422
7337a4f358dd4f77b3a0ecff1f3de9a4.jpg,0072
733adaa286a04f74842020eedc1bef67.jpg,0477
733c9c63625b41ad84d0e3632a6c4ad4.jpg,0400
7340dd9d43b947fdb98d834b55c00963.jpg,0018
73426a5f2e414e80b49889903de45117.jpg,0146
734329898e924987a735aa8e49a69a34.jpg,0320
73466d081253483eb96862002c8a6889.jpg,0324
73489a5d852244bc9fbc3d8cf49f2bf3.jpg,0068
7349b30b2e174df5a83d00b15c741493.jpg,0067
734c1521c8564a1387900fa3dd7e9cae.jpg,0293
7350e1adcaa84685a5e06128172eafd5.jpg,0406
735239e8e5e645c3a2b0717c7f17fa31.jpg,0015
7352a44bfb19483182519c3bf9d2e700.jpg,0316
73548ba1edf34ef6867e601ee8a45e16.jpg,0072
73571ebec2144e1fac51735eab226958.jpg,0103
73592db5a163487e8055f9f4ff7c4e3b.jpg,0125
735962507469437db218deaf13148199.jpg,0312
735fa3977dd24bcca874b5659804e65c.jpg,0020
7361af4c3cb949ab8fd1f3307f2b39c3.jpg,0129
7362c75bd8f74d06a7973045509b1098.jpg,0407
736eb5b6c1d4405488eaabcea2ab868d.jpg,0309
7376649e80694c0e8ac55c6821ccfd95.jpg,0499
73780dcf86244808b2e67d14ece5838f.jpg,0194
7388b4d641084a1b819bd4b5b301f342.jpg,0260
738a1a9621b94b00884102dd6e44f2a4.jpg,0404
73900bd4f149420f9da476d80e454e4f.jpg,0228
73946f95288e4cf09d4aa625f9c9d004.jpg,0019
7396a44dd88f427fb2c657ccd70e2be1.jpg,0304
739702d652f546b5914831617ae577a1.jpg,0143
739806c7c9af4149bbbdf2580b20142f.jpg,0287
739a2f22b9fc424d8d079205b9cb1c92.jpg,0289
739a4c39e22a4330839112551fe7d181.jpg,0408
739d80dfe1cf49bb85da7aa03d6143b9.jpg,0339
739e67b7076c4683bff111ba7c0e8606.jpg,0296
739ef9b168c349c0adea092356ceaab5.jpg,0317
73a42b78a60645a8ac0e1de85918efa4.jpg,0099
73a613b0beaa4f84863ad69fe7e4ddfb.jpg,0357
73aaf3d5c32d4725af07e32f2d7b46c2.jpg,0429
73abc716fe63469fae8873f68fe87a5c.jpg,0162
73adc11a470a4de08645c1ffd2b30207.jpg,0037
73af6f0aa6f64f0aa0ef4594a4426514.jpg,0325
73b0c9312ac54aecb79a11889d21d330.jpg,0326
73b42fd083d04b4d81ce92fded8aed38.jpg,0399
73b47e48b9d943f4b190222202cb7459.jpg,0418
73b69d5575ac42fc903a6a188c3d8166.jpg,0196
73b83b3503e043d78954729e147f5310.jpg,0335
73b8c1500e974229aedd7399a9e36209.jpg,0384
73ba270544f34506b90724b12d40c31d.jpg,0133
73baae871d5a401b81b5f64267739d65.jpg,0126
73baf00732594180ae85486bc0efe729.jpg,0083
73bfd8346c61492db6d4b46054f7c9c3.jpg,0193
73c2350ea5cb4d16bb50f3f9c05a72cf.jpg,0165
73c946f1b29f4c1fa23b65c25786e979.jpg,0455
73cb073e0cbe416291773a650e985201.jpg,0043
73cdf53dcd4341cab93ca4c9f9d9e95a.jpg,0031
73cfc6d0eee54f78846cceac5f67afe9.jpg,0458
73d2237e4d0e43819bde6306c8208d6a.jpg,0371
73d412c63d3f4ddda64e586b210511cf.jpg,0064
73d7658756804de991108eb88d8b0c0b.jpg,0195
73daecc02ca34f9094813a051fa4892a.jpg,0212
73dc68d1639f4ddd975cfcdae375065a.jpg,0151
73de68e43afa4fd397f55279fbce439f.jpg,0388
73e2cda209cd427a8045c55deff0c1f1.jpg,0420
73e8155e6c7f43ceab6f02e9972cc1ce.jpg,0297
73f1111116d3412688efd96887005126.jpg,0050
73f41d29533e4634a04e9b336c059f7a.jpg,0088
73f464d3317f4cc7b98116ae3db0d46b.jpg,0386
73f6a6d63c8948b88bbfe8dc36de712c.jpg,0299
73f85e91951942e99bcf8b5fe53a353c.jpg,0308
73f92f13ddbc48a5b0d9c9dcb1e23b00.jpg,0307
73fa953080944e398a78e27adf853db9.jpg,0413
73fc7c5931904f779b62f007b5282188.jpg,0062
7400e96d51c642eb921711d7e974814b.jpg,0144
740401660d2e4d3998821de53fdd1586.jpg,0077
7405202532a04d09b7ddf84f26ebce84.jpg,0317
740a9c53e74e45a1b2708bb6244ad15f.jpg,0316
740b9ccd92e64a8099c46a3cc05f65c4.jpg,0016
740cf24a34504b63aaeacf711f9da541.jpg,0433
740db73453e6411e863482916ff2e961.jpg,0458
7412e574ecd4464e9c00d5e15cc7cfd7.jpg,0037
74137219e0d84e2793c065717f0d6f8c.jpg,0029
7415242103d64660a664e13afb200458.jpg,0453
7415a86a18494aaeb585bdf8e149a6d0.jpg,0405
74194512b0f54589aab4d38c17e1d552.jpg,0343
741949a3cd544c02b517e1da271f4192.jpg,0026
741c6999ddba4740afaa7f0517dda614.jpg,0007
741e5e8f67604921a2ad9f70e14e3fda.jpg,0254
742b9f0822bf4f06a356ae8fd72091f8.jpg,0254
742c72a1bf0248fa8e168d63e49c508b.jpg,0134
742eb2b952f94a7a9ce1dd4608a9abbd.jpg,0151
7436e5dfded64b3ca11297d7495d05d8.jpg,0313
74371670467f46a2bb35b1c7d0c7a91c.jpg,0349
743cf5e7c6984d4d9e9892e57adc6af6.jpg,0242
743da642dc1e4c25bbae12329ca67c2b.jpg,0448
743f11efad0246fa8e4329e568c313e5.jpg,0232
7444b1652bba4c1ea3a7633eeec622a5.jpg,0344
7444f12c0a2c4419a41e3bfe06d5f320.jpg,0066
7447042207be41f69228159ab070c4ee.jpg,0206
7449e582c0924679aa159140d36ca114.jpg,0266
745312b591f74f848cb633aead6ff405.jpg,0114
7453b090f459430b93a8e2dd0b2372e6.jpg,0062
74557c0922174e6790010569209c5635.jpg,0109
745d761fa4f34f9d9cfeaa9dc45d3671.jpg,0246
745f3396b3cf4fd4b538656e80327791.jpg,0253
74604b85944f45c4a7f21a6488fbe7ef.jpg,0397
7462f9f1ab094a86bb86406975249ab3.jpg,0497
7464a8c894a74144ba15dbc7883f08d3.jpg,0420
7464f39ea8ae4318be1cfe12cbdda34f.jpg,0331
7464f7b051694eb5a6407c1dc7a8dbf0.jpg,0329
746721d0436b4fa4a74c021027c8eb90.jpg,0278
7473d950b6c5479da8ca8fa30f2dd995.jpg,0055
7475efb6635841f3baadac9d399249ec.jpg,0068
74788d83867c49c1b4c2e196d107bd36.jpg,0032
7479a13d8a8c410387f0db858e068557.jpg,0446
747a1493d01a443da022c8b47cc05bed.jpg,0443
747d984e96884b45978d8b7b028e9bff.jpg,0302
747e6a1f18854ecf927a5cc0d5dece62.jpg,0345
7487e66de7744aaaab0a10e80c7a007b.jpg,0470
748984faa943460aba63f28304a2fb5d.jpg,0172
7494b6bf139946e0893292486906d16a.jpg,0289
7494cb85236c4a09a09e83f47efa577f.jpg,0353
7496b97ffa924a879b5a7571e93aaf7e.jpg,0267
749ab46be3eb48e2a42977098c39befb.jpg,0298
749b443a7c3d49448349eb01864558fe.jpg,0462
749d34a68e104f198ae6f1e0fe9bd08c.jpg,0087
749e7a7747be4ddd86ea4e1834b7156a.jpg,0220
74a6795bd1c64d44b2c334e714ba9ebd.jpg,0227
74aad5d536e047239461f910ce2f6451.jpg,0063
74b11e4f803647b29d884729f6a71f9e.jpg,0104
74b1ed61d1e942e78c0860252d5f1b48.jpg,0475
74b2e8658cfc40f39a52d70adaa15c60.jpg,0396
74b33487e564455499daa86df2638188.jpg,0260
74b5ec1f3ac64a189f16ac98d2750ede.jpg,0302
74b65bc570394d7d8481cc237e3c0f3b.jpg,0044
74bae9ef302440d1bfa14e812289a13a.jpg,0111
74c1a86aa90c45a98c09ecfa9cc0c125.jpg,0368
74c51731b47044738f934e649018f87f.jpg,0242
74c64f54831d4a2091cbdbd208475c61.jpg,0083
74c68b4d9b3d40f5a9950418662e0d47.jpg,0306
74c768099bdf48a1a85ba86da3ecfaa6.jpg,0368
74cda35d2e2a4010a79b1881a1295f06.jpg,0011
74d13551589547c9a3f3ae3646d202ee.jpg,0226
74d9724c9e5e4fee97dfd4ac5aa7244f.jpg,0148
74da4967bd114acc81c07456ac7cb730.jpg,0178
74dbc959a6ac45cbaa6a799972aa5f98.jpg,0434
74e115085b5c4d93817a2ac9f144b860.jpg,0374
74e13fdd850849418b76255bf7b6bdc6.jpg,0346
74e2feddde2e48e6a828d9aa2a7bbcbb.jpg,0159
74e64aebcf114e64a54c32134f64521b.jpg,0021
74e64e6621f340dcab18847f1a943984.jpg,0207
74e721f4ee964122945d1fa6fed83a27.jpg,0474
74e89312f07e464fa2409f95243a34c5.jpg,0227
74f3155e131f495fa23a2b746c3d93ad.jpg,0021
74f334b695ea4463949121f6bcc058ac.jpg,0185
74f36da7fe5349baa58b69355c636bff.jpg,0398
74f5f163b45a45c2a20c36889a413a3f.jpg,0073
74f78ace55b944e6b0ffbb2919e68cc2.jpg,0020
74fcfa7021d94125a1a2544fa28fa15d.jpg,0178
7502941ec2c44c8a91a574ba0ef31713.jpg,0132
7503084b243b4640b6addf336b0a1418.jpg,0426
75032048338b4796845963132ebc6762.jpg,0118
750702b176964f91aa34e607531aa180.jpg,0029
7509a01661b14704a0256b35093ed43c.jpg,0476
750a1cbe88474b65bfeac8056700f41f.jpg,0401
750a446f2a014a85ac9a5dd098aaaa3a.jpg,0003
750b2bd722784e92a916ff2ae37c6bd5.jpg,0014
750c263a084a442c98e271ea2ec2faf9.jpg,0048
750fe077f3444913ba0695be8cc790ad.jpg,0221
750ff25d16844fb283991edc77b2c99b.jpg,0480
7510483f53614befbdcf58d5261d44e1.jpg,0364
75109edcdae74f8b947e4bff249f0338.jpg,0179
7511d1d735894adabc7b89f17d0a28ee.jpg,0320
7513fc2577b745dab9afd27dea75780c.jpg,0243
751a33bf41b34852bb2b4877ec9191f2.jpg,0072
751b0c72ce614efba0828c04f632289f.jpg,0059
751dd319eaa344f3ae9f1bb60a7bcf44.jpg,0480
751fcd17687a4e98bd8b82e0489f1bc5.jpg,0192
75208cb80a024d598c73a7220dd4677f.jpg,0011
752495750f044dd4a3c1c388fd69c09d.jpg,0206
75264d6459ca454dbb7ae996220871c2.jpg,0144
752759babc9f4ad998621748421b940f.jpg,0133
752c33605ec4402eabcef6ad71d88fbc.jpg,0099
752c47eb4e9241e19ed16fc35b087ca9.jpg,0072
753029daf66a41aebf0f44bd77a5718e.jpg,0021
75348f5937864e61a17464d9ac982058.jpg,0368
75372cba98574b66808f1ccf34c484b9.jpg,0377
7539ecdf45f54d66a3238c20b4dbcb3e.jpg,0415
753a8f1db8ff4ec083a78ea46ff0b904.jpg,0249
753c6c2532ce415ea426c5eed2d5d9ac.jpg,0387
75494520234c467f8046deb0587377d4.jpg,0188
754a6b64178446b8a533ed5d79673be1.jpg,0426
754ee7d96cad4db29567e17d55b9bed2.jpg,0435
7550ff6ab42d43a1ab8ec599706ab6aa.jpg,0176
75553acc58ed490cac619c5fac0b19cc.jpg,0325
7557feed1b2546f6b1ade4f1158e8b22.jpg,0205
7560ffad2f9c4a2d8985957bbe1ec9ab.jpg,0171
756249e892c7424aa93cc7e881db5196.jpg,0495
7562e1fe09734c8a973d66ffcbe861af.jpg,0338
7567616f0f87428088deef2df0361f96.jpg,0348
756779e5330949c48de43c851bd3c1ab.jpg,0386
756c0f9b0bc84502baab66707d01e52c.jpg,0306
7570313c08664065b32b42f83384db21.jpg,0345
7571c2ba50f8416baf191c96cc959eda.jpg,0036
7571f501b26c4ba691d9fccf272453b9.jpg,0426
757391fad2704596ba696872c0ac030a.jpg,0253
7573b80defff42babbb2bdbb82db1a08.jpg,0067
7575f287627040ad86abaa13c5592c75.jpg,0306
757e428561434f68b2aa2d27ccd781be.jpg,0055
757e983926f0414abfbba1838c862d8c.jpg,0371
758c8c1b6adf45af83b3c3ff6da5a836.jpg,0266
7591b419fc044bf29a3daa195be8c0e7.jpg,0076
759237fcd0864ae5bda19d1b0188f1c7.jpg,0060
7596d8dbe0aa4a88873c931cda680974.jpg,0159
7597bc8ef8b34a3ba864fd0a20d082d1.jpg,0394
7597c07e3c244d9b9c374227ac60ab8c.jpg,0101
759947006de14693acc07461a3d193fc.jpg,0476
75994ab18a0540dab063919fad800da6.jpg,0286
759a18cbe4244edfb3e2e7a5dee7ce8c.jpg,0007
759b6c139a574921b86f32d048896d7a.jpg,0037
759bc79fd982426da91e431bb0cfd334.jpg,0318
759d2fbee36943ea8afd15e8349aefe9.jpg,0192
759d3efb71e2470e93bff5c977d28a38.jpg,0030
759e8765dc5d4fc79a8edfa35e21c815.jpg,0444
759ff562834944bf8f3cce9bbd367349.jpg,0005
75a0b1065ea940c38ea15c4ff136a5a2.jpg,0405
75a452fcb6f849ecbedc2743984864bf.jpg,0380
75a5a06ab456499cb1aadbc5e9ed991e.jpg,0435
75a7198413634fdab5cfe8b3fb7c134f.jpg,0241
75a8573be60b4375949cc22e2659ad4e.jpg,0009
75ad38dc734340cf9c0885d6c6a52b47.jpg,0440
75b33c1dcf664cdab0635705e45c1e7c.jpg,0259
75b5d14f735a40dd977daeca22084aaf.jpg,0186
75b75132d81e49c78f0837149b917ce4.jpg,0463
75b7563e91d94c95bb534ef87ea8ea19.jpg,0345
75b80a64f3394878a9504c16a896ccd0.jpg,0208
75b80f6cc8d34524912f74c5d66e7301.jpg,0201
75bb9d9dd054420581095d5d51555033.jpg,0206
75bbd829ac65413e88fdbb6b5b8e2ee5.jpg,0132
75be6410031440d98606fd068e86ad72.jpg,0016
75c2aa1025854b1eb2f964f2953afa55.jpg,0139
75caf96967a7419397a39b5a813825a8.jpg,0006
75cd6796421e491fb6d6c6a375e50dfa.jpg,0023
75cdc2bfe2dd46fdbf31792b0570b6d7.jpg,0478
75cf6f78f4bf4ebcaacd884697ffcf1d.jpg,0131
75cf977dab4f4752b1331402c0386300.jpg,0083
75d68b1e5562462aad75bf4d74a188ec.jpg,0433
75d95ef6efce4bdc92fab11d90a55372.jpg,0127
75de79b2ceb44a7887fa759115f983e3.jpg,0215
75e035f213c3473faa5e86b4bc38bbf1.jpg,0374
75e06dc9697e4e5593739817e03c1d81.jpg,0005
75e1681b08a740d9b657d92d63049f44.jpg,0231
75e186c6c382423295a486ba219b900b.jpg,0458
75e25aede5ff456799f0b4c1cbaa86fb.jpg,0133
75e86ea507cf4a47b07b85da42463c7a.jpg,0101
75e8a9526ccb477992b8d50501a96aef.jpg,0174
75e95c563c4f4d299cca3ff0e508fe3a.jpg,0355
75ef3df1b44b4fb49c6e332acac9c73b.jpg,0140
75f0cf19bcc84593ab0bbbffd8650131.jpg,0242
75f879a49ba449aab6cd646e95f43485.jpg,0068
75fa182e77a14a6ead6bb5e322642f98.jpg,0423
75fbdc485e5e4944aa102f74bf5068af.jpg,0160
76050061416048f6aeff34c58cd420d5.jpg,0136
76062899e3674c50996dca1da6cb8612.jpg,0490
7609c98f9a4a4284b6727e6c65e5f422.jpg,0037
760d6ce9f96943759ad5873229ee3c2c.jpg,0174
760e84027a914186b9ca7114904f4356.jpg,0080
760f60e5201a4652ae5ee354b61eb6f9.jpg,0200
7610632f578945bf825b70cfb7acf1fc.jpg,0167
7610934853b242c3aa54daefad0305c9.jpg,0203
7612184dfeec4566b70ce48786bb81a1.jpg,0224
7614b59d13844aa4a1fe9a4c7577c349.jpg,0242
7615bfa7107f478db9c8d24c27abebbb.jpg,0393
7618b5f57a5f4846a8586f62358467b2.jpg,0042
761c29f080474579bd349807d97642ab.jpg,0484
761e1b6edb0f4ba1bc94edc67551ce23.jpg,0191
761e56e0a89b4bca87a2bdafc671065d.jpg,0383
76217bf3efa748b2b0056a4684b38b60.jpg,0181
7622109b6733405ea2d9b9d2c4ccbb95.jpg,0149
76253474aaa8424e88a4f5da2bafadf6.jpg,0487
76253ac7676a4def969b336c51844c9d.jpg,0421
7628aa62b6f4402fb418e62378e008e1.jpg,0110
7631a57bb339449297852d454e964604.jpg,0166
7631b52c8a754043a690c005646ae613.jpg,0279
763d115b2cef4149884dc29f55f32ede.jpg,0410
763e84d488664f1987cde5152dedae5f.jpg,0306
763f05c349b84fca968791db360138b5.jpg,0057
76412d11fa074df0a2d384769f3c68f7.jpg,0375
76437844e60944fda7b7240137f212de.jpg,0129
7645c9f9755a46b28f170ab0f8737367.jpg,0048
76463ff937f040c5a0c27824fa971a7d.jpg,0160
7646decb39734773a1c79b9925479add.jpg,0405
764ba538ca9348aeaf4ae85126716503.jpg,0480
7650f183ca324412b78cf461e5148be1.jpg,0314
76523962153b4c98ab57eb2588dfa7f4.jpg,0262
7652cc80780b4b2eaf71eed4e0c6ede2.jpg,0105
7652d7abe2c0449692f93fd41f339875.jpg,0051
7655ec0558da4da0ac298fd2ab0ba890.jpg,0045
765822f2ba3549b088cd80f7579691d2.jpg,0077
765974f970ff41f8a93a1a97499840c7.jpg,0311
76641489f541452fbf67b49014fa147e.jpg,0456
7667af3040524b8693f6ff7a299bade8.jpg,0350
76683bde910e4a76836f6f6ce12f4a93.jpg,0032
766e234df9964bf090482f2eb5948a62.jpg,0128
7670397001434adb8ff5315756ac7dd0.jpg,0279
767284d30b184e1a9bf2ca5738c1091b.jpg,0361
7673f0a360d447a5bb476fa24212cc75.jpg,0399
7677fd4774e441a0a562053396485e98.jpg,0090
76785e342b704c73ace522a6e53015bf.jpg,0061
76798aac619c424ba9b1ed33de5b48da.jpg,0413
767a7190c4c64a4692749fe6fad05995.jpg,0074
767c9f1158d64c7295162935e2d3293f.jpg,0062
767dcb1500b14d0fa4ba644409bc326a.jpg,0172
767dd31ae9b849dcac1e60f3cbddfdeb.jpg,0494
767f93bdb6b5441f9ba2f99a9b0e9500.jpg,0122
76820db902724dd5b927023e2f23e401.jpg,0439
7686ee75a49d4ac2b458c9b89cbbd9c6.jpg,0421
7688eb9feaef45fd8986d8e206ff1628.jpg,0032
7689854231af4fccb23b536443011a1e.jpg,0157
768c553fabe24130938f99d923bdc062.jpg,0456
76945ff3341445a484c92cc485870005.jpg,0082
769581f3bff24fd0919e04a15884c454.jpg,0455
76968d4e91b44b96a66801374f212f36.jpg,0377
7697fad329804e299188625ddf46cec0.jpg,0440
769d7144367a487d8ce00bd486c1d4d2.jpg,0231
769e4e05ce674faf8dbaaf104935a5ea.jpg,0419
769e83cb056847479a022ce1a393969b.jpg,0367
769e8668bd8d4a70a3a0c4e379fd880e.jpg,0179
76a369f0d623408891d3a6b74f161a5e.jpg,0242
76a9295e09584b309f1d6523a94b54f6.jpg,0267
76acaa8eec2b489297f812bbb71c4081.jpg,0072
76addedfdba9430eaa451ddd7acbca58.jpg,0233
76af397320e44b358bba320dede82b3f.jpg,0037
76b1b6def07b43a1910005f03e0cc8a9.jpg,0247
76b2b539fcf04485b8cc42f70676f28b.jpg,0205
76b2ca844a8346e688ddae2d0629d859.jpg,0043
76b31cb072574f359da095f6902f4c24.jpg,0329
76b769ba4163449d8aa0dce75a8e7f81.jpg,0191
76b87517092d4e9ba3b70b4ec4dfe429.jpg,0242
76c5b71cb8a84825a6455ee4e3cc7fb2.jpg,0077
76c64a02671848d7b02e8907fdaa6ddf.jpg,0400
76c793180d8a473ea4295d806bbfa469.jpg,0033
76c8c13fc29641f4a93f10a2eb8dc62a.jpg,0403
76ce2106f31a414991ec01f5dc51ca43.jpg,0187
76cee1bdf00646589c18c25a981ca041.jpg,0099
76d1f395020049cd879b0f5778293342.jpg,0488
76d3560026a641e3be26155663f2bb5f.jpg,0152
76d5290743fd4c0abece9350eba5e2db.jpg,0334
76dd46f265ad410fb786b946431f0f3f.jpg,0493
76ddb890fa21462e8bd6bb961ad9c189.jpg,0281
76de7c5b18a24592af41520a7891f2b9.jpg,0008
76e063027328414ca7d14cf20ebe2e8b.jpg,0246
76e1857c183f43e4a102da87b51f37d6.jpg,0024
76e2581ef238496a96bf29ab69cafa8e.jpg,0359
76e3e82f07f4438781d2a1a42d1130b1.jpg,0478
76eae1902b8b423883f9c94688209e10.jpg,0090
76eca2fab185425f8a8df453894c4ce9.jpg,0110
76ef9fcb11a8418dba21369ab0f52bea.jpg,0297
76f10becdb064d11a28c9dcdbd1107b5.jpg,0370
76f1b414dd3c496198eca104058a5f41.jpg,0329
76fb71bc687a4b8c9cf3e13ed2455a34.jpg,0306
76fdf9ab4af04974b31d4317afb1e0b1.jpg,0196
76fe00d50dcf43eb99ef54ee47dcf370.jpg,0476
76ff403c49b54ed6a5261dea82dab8f1.jpg,0483
77093d432b1f44cfb5a05c9b0c97a0de.jpg,0196
77095abac5144c23a174508f3606ba28.jpg,0455
770a0ccbbeb74eb288257807bcbd2983.jpg,0396
770a712f876c4b8ab45f5917bcfe76ce.jpg,0374
770f7b10a0194d92adb970e5c1be0478.jpg,0246
7714ff969eb74f3caf810ce4625e0281.jpg,0057
7715b73b61744ad6bbda28ee6d62ca60.jpg,0210
7716466a8f0a4c4e93baecde4da47943.jpg,0493
7717f9351fb5488f8fbbeee3e8226927.jpg,0232
771a6c4db9fa4f30a45d1543c6717abc.jpg,0139
771ab161a329467eb8c3e5229d4201d3.jpg,0003
771c0f18b3074ab983b9e90287a9e687.jpg,0387
771c39db1e9344ce9332a022c537c3cc.jpg,0225
771fad9885ba49b480e2e039f304a6eb.jpg,0348
77290504c76246ef95b943fd03c70120.jpg,0072
77290efac1224b8eb6530073021ade43.jpg,0299
7731fa1ed3724f18b9b2725ed76d4b55.jpg,0235
77375f58129e44cc830e8d66a72266eb.jpg,0308
77396eeb80864f5d965f25611f810f53.jpg,0055
7743d1955ba04c1cb9b1adefc2957b27.jpg,0075
77453f98d04d4ac18ffaf37e9ee6cd5f.jpg,0115
774611c7a1284dbb88bf6373ac881bee.jpg,0487
77491d2ad95147519f563e8ea0b61de5.jpg,0106
774e592c48e64116a505248912efacc6.jpg,0024
77516831516f414c99ae5f5cb4fa9618.jpg,0274
7751ce6703ce477b9f46696493eb644a.jpg,0494
7757322118184ac6904623469999451f.jpg,0348
775981d56e5e47abbb1bac8abf02ac08.jpg,0481
775a6e82843e4a5294b1b0c18ad79db3.jpg,0194
7771f2ca830f460589fc364387c767f6.jpg,0044
7773bd24e7cc483c9ff0ead3eff7caa6.jpg,0449
7778590463e6484ab0ceb40178d7c113.jpg,0130
7778c26e888b451c9478b2d286089a71.jpg,0165
777debb5130744ee91ea465795d68786.jpg,0262
777f2247e168417289dcb7b1ba6e58c6.jpg,0498
777f2987de8f40bcacff7c13ad03ab55.jpg,0349
77828d3695a9404397bb43ca392038b6.jpg,0483
778cf206a85646b48aeff5c1b17f12fe.jpg,0222
778d5788a17e473aa68b43fc5542f5e8.jpg,0472
778f68e889f44be9a560127556e3c5cc.jpg,0214
778f8ce9d82a4d6abb66ab0d5d2ce35d.jpg,0399
77905bcd4b9d4263856bfb29cc84194a.jpg,0000
7790a8721aa94d138e1106569ece3b73.jpg,0320
7791adfd5b8941be9a00e4e15c254251.jpg,0367
77977e01490a433d90ec77df518fb451.jpg,0266
779ab5cafed84569bcf5b20cb8c8f739.jpg,0487
779f26c95155406d9af16f27e38fcedf.jpg,0000
779fd03413bc44d59d4b188370a6cb88.jpg,0169
77a0b56890824be5a29fd0acec0d20bd.jpg,0014
77a1806776c14085a299f32234cb34f3.jpg,0144
77a7d9548699424bad54d7278b740bc2.jpg,0307
77a87d055a854315800a48c1f9dba20f.jpg,0311
77ab048f037b47adb27e3c30879f95a5.jpg,0209
77abb9b7638448d4b0e698f0aaa7b6df.jpg,0362
77aff8de088640f9b2e6da02bc870b9f.jpg,0273
77b106808f7a4f52bdc8498e6aac9a62.jpg,0164
77b3b72fdb0e4875890326571b9dda08.jpg,0059
77b4ba0750224af4b2118f82cb3ce5f7.jpg,0165
77b8f46e896b41a0b85e6d1579763d9c.jpg,0489
77b9d668ea2d4da7b39ef12effb7ecf1.jpg,0106
77ba1b6b956842db9fa0e1248e2e7a19.jpg,0434
77bc33048d6d495db148868480c3c105.jpg,0106
77be141d03774675ac203126fc04b417.jpg,0440
77bf0febfb0f4378a39a636212c24c7d.jpg,0039
77bfc821937b47f793a9f0f1f9ad33a3.jpg,0167
77c657cd3ffa42aea3b45f43eb635655.jpg,0488
77c6f6fba07c456f8880b32af3d5af99.jpg,0055
77c82d44271d4c8482d9db675334a086.jpg,0374
77ca6f1adc354f78ae249cfc0537074a.jpg,0078
77ce59c7255045999ae83396866385e4.jpg,0486
77cf3d99223942a1846d4647851fce1a.jpg,0302
77d1e57967624392b805fd85fdc1caa3.jpg,0403
77d41a92615e46c293c9ca2546e06bb4.jpg,0088
77d4434465c549d888a44e9a5e8cbb9c.jpg,0007
77d5de9c98c2470f801c6b24eba1852d.jpg,0279
77d66f5214f54c8f88c15dc808a997b4.jpg,0217
77da54b74487492cb77274bd59aff489.jpg,0114
77db5c3af0634a0080b82b14521d3eb8.jpg,0068
77df8e8ad8d54f2380f876ad2cba522b.jpg,0075
77e2f4e616454265884233e63eca1e13.jpg,0064
77e4103e5f994f71aa026ea7a60247ad.jpg,0129
77e532d0ac0d4c179bda6c8a8b439b4a.jpg,0125
77eb17cb5de04d089c3022fc1f3884a8.jpg,0366
77ee365d594341bf900a2230d9678d3c.jpg,0258
77efd3f4be3f40e49c789ff24bbced60.jpg,0326
77f36bdcdc2b4a05bc5787e2c22f641b.jpg,0206
77f3cbe03c8241d6bcd7e66c9179a8c3.jpg,0072
77f6f2eac2ca4b2c945f09904630deed.jpg,0179
77fb39ec03864d479aff017a788d55dd.jpg,0456
77fc34f005b742ecb7d8b61707c108eb.jpg,0152
77fe9f0f184142d5a036db9fefe7d504.jpg,0481
780052e2ea9047ac82d6c8bcdfe506f3.jpg,0373
7803b52ad3d54393a59f3516f1a31812.jpg,0029
78041dedf8744226b3f977bb70bbf575.jpg,0298
780571fd226c4bbc85fb8caabb1577de.jpg,0393
7807012021c64b26bedd8aeafdad8154.jpg,0286
7808818bbd4e466c88133b340acef873.jpg,0097
78094b686c7a4c718e7726c9352a2a9a.jpg,0083
780b00cfe8ea4316aeeb11294bd8e312.jpg,0183
780caae9776e4b708f18e209c5fce91f.jpg,0287
780e3cf0f87e4c4d83e58f9cec9eeffb.jpg,0327
78106505e18c42b4b78297d52e7a5742.jpg,0434
78165bfca2bc4825aee54b7c242cb3ab.jpg,0359
781b16021cf145b49901383a6a701a6f.jpg,0170
781db8b56f6b415d9e4487651085f360.jpg,0353
782220a1d497408eaac118ea9a6b48df.jpg,0343
7826434609da44c69de68f95865fbfb8.jpg,0194
7827b206293e44fc9b844515377d7c0d.jpg,0337
7829911da1164ac69bc80a51c2e547c1.jpg,0081
782b108b8b644106b6e212bd67251d9f.jpg,0344
782b44a4688345248d7f3fcce5f4ed99.jpg,0174
7832b380ac3a44f19df267364e63b70a.jpg,0046
78364f41d7374f329de34adecab0ccf7.jpg,0354
78372945910148759ce574445cb1490c.jpg,0199
7837c3821711459da835471df1433993.jpg,0140
7838609be15c483787c331c7980274ee.jpg,0383
7838ebee867649179e1c1793f46d563f.jpg,0083
7847b096591f49ff8874a02fde96e03f.jpg,0045
7849864763fa4692a2cc3594cdc7140f.jpg,0018
784cdddd7f434d8f8aa9b8fc34e8fe03.jpg,0478
784de4566cc941a4be9b93e078767db8.jpg,0498
7853d87218ce48e48dcba1afcc99e7b0.jpg,0357
785430ab7f1a42caa821ca43e1dca045.jpg,0264
7857c6cb97bc496ca724dcab8184f284.jpg,0141
785beac04dfa46cb955f1de60dc3dab0.jpg,0357
785d682a6c4e43e3b7b775feb5f65192.jpg,0457
785e29fbbc4c47129817e9f1b2bf1f48.jpg,0252
785fb046186f4cbda37fea3d218492db.jpg,0103
78615456df77469d8cad96c9f873cec6.jpg,0448
7864a943294f4a319926deb58558eb29.jpg,0419
7864f52aa67041a8bc52e8b3b59398dd.jpg,0460
7866308c21c44248adae4bd563d3512f.jpg,0259
78686e2511f448b0bf2fe0500e77a527.jpg,0431
7870a725ac714d3ca935ebccb3dce574.jpg,0213
7872c30d3f074c758e3f7945ebfe51d2.jpg,0414
787f85eda40844d4977ee0beed8c3bf2.jpg,0386
7880f43b7bd84ed1a259c1ed82a9642f.jpg,0288
78817ab14c734ee4b49166e44798afac.jpg,0220
7881da0205d34b758a3bd1b8cfc88a06.jpg,0133
78830855ddd54988be51b204f454c738.jpg,0366
7890bdd6a7d44ddcbd278237d073035c.jpg,0254
7892367602c048d18e32d0b72d635433.jpg,0264
7899a8e66bd24ea2b35c5ea6767819fb.jpg,0321
789aa81ab7f9426e88e286566ffcded1.jpg,0377
789aab66d2f34f41a6d82f11f0b1f820.jpg,0186
789af31a5daf4e5ea426827f27cf3b1f.jpg,0357
789b2edf35e948818218425a1a1d5d62.jpg,0139
789db4aa1b814148870a55d46bdc3b8b.jpg,0296
789e14f53253494390d83e1a524c8782.jpg,0453
78a28d89dfd74ca0b0aaf41083326a48.jpg,0332
78a30c94761a4dbca0e2f32a2704d5e5.jpg,0462
78a32a3fb9fb4a7dabc326e77790c5c4.jpg,0010
78bb7dd45dfb49998ae76bd37d6a3615.jpg,0055
78bd9e28fd1c47d3a3e3c7f3a1fbdb7a.jpg,0397
78be9276185848a1b57ea4b71305c5f4.jpg,0351
78c04e2d267b4672af5824742e95bd77.jpg,0483
78c2b61b1efd456aae3db55f5f566b8a.jpg,0427
78cb3a34b1d3409c8fb78678e5f6e533.jpg,0413
78cb9574c48a42f5b18c6b01c4b0c79b.jpg,0176
78cdf78743f34ebe9374df1cd7eb1626.jpg,0398
78d14c435df74454b66a20f031a386be.jpg,0365
78d20ef5625d4d70885f1c95d037860f.jpg,0275
78d311ff67014d01a787a1a28324f68c.jpg,0287
78d3faec86084278bea3959b34eb3d4d.jpg,0313
78dbd444a3314709925e308d4812d951.jpg,0288
78dd38f3b6c941d2921f1adf3849fede.jpg,0291
78e45e12c720489b9c390d833ad94527.jpg,0497
78ec568f372148ffb68cf90804718282.jpg,0305
78f1dc3fd2c8491187eeb8a99d5b762c.jpg,0499
78f1f960e7144b0db351da48d45652ff.jpg,0081
78f39f38ef2642878b9ea378d536dc81.jpg,0112
78f8a0dd1aab4e419882a63bfe82f955.jpg,0216
78fb8fc39cfa40fead7f24a8a8ea66c3.jpg,0369
79002bfd82504ef89ecab407e10b0e32.jpg,0454
7903aa6b977a4fa7813af88de7afb080.jpg,0204
7905b2f19bd644f080bc4a6962c26049.jpg,0019
79062889fcef4495842a9f32d989265f.jpg,0372
79073bb512824072aaa6ff550838d40c.jpg,0258
7909c682704142c68d541b1139b3e2c4.jpg,0043
790bcc2de6434101857411f97d8b321a.jpg,0355
790cd7435884434183ab75830d4d1c6a.jpg,0172
790e2361489c449582e1545cf51debc0.jpg,0118
79106cc1065d41dfb5e03dc0a0fdfc0d.jpg,0328
7910c53a170f47dc8936650cad2c17fe.jpg,0020
79138d51540942fe863d9c0f2a8b0bca.jpg,0133
7915a08b97b14db2bf7ac63f6656dead.jpg,0386
791639e33ecb47b2b7cfb12b619a0813.jpg,0108
7918e07a8b3b4abbbfc25a9c151b6f72.jpg,0308
791f19a12931400497797cb58da09b67.jpg,0142
79273e955ed64b2285e0a5087d5a7e96.jpg,0416
792d4b097f6741198c19b61a26074b40.jpg,0251
792f1a9a758149d0bbf798d91b96fd87.jpg,0453
7931001205ba4bda882534cbb37c1839.jpg,0408
793703c246c84ba7979f820e21c235a8.jpg,0204
7939ef64687e4effba3d5c9b43c90263.jpg,0374
793b40aa882a44219194e7cf85addfce.jpg,0483
793e8fe779de47e38281d3e418a45bee.jpg,0123
7940bd4decab43638b4837d6b1768ce0.jpg,0362
7942fba841f24c418167eb54b7774356.jpg,0017
79443914f1664154a9c8cc53d009c2cf.jpg,0176
794784bca6144e2b8a954d1e5cbd93fd.jpg,0146
7948968fa93f403994738d4f8c38e354.jpg,0355
794bf806c6bb41c18b00236c1e9d4902.jpg,0405
794dc7d113b14d8b95e46df0d5b6df72.jpg,0073
794f420058b54ddf84eb6da0ea2abd2f.jpg,0281
795426fc527649d4bf24ebef7ab61969.jpg,0079
79551ee86537448fab4bcb1f317924e5.jpg,0317
79563dcb26c04406a6db09febb9aa771.jpg,0240
79564e9a1eca401289076fd9345c57f1.jpg,0111
795adb2cbaff440f9731faabd435c7bd.jpg,0372
795b07bb650f433a970ed6addd70e484.jpg,0150
795c04a86d024373bbe456abbb09b8c5.jpg,0176
795e175e9b994de1aa64230a00003a8f.jpg,0430
795faeaa7834461fb21ebf4c4379cf67.jpg,0340
79608d8833a34bd2a917f4de0848efd7.jpg,0001
7962f1e2eb784fa19223fa18669ae0f2.jpg,0159
796302d0346640a586c7f98c4c01a82d.jpg,0141
7965b587b9ee47c286d2b62b4c103be9.jpg,0161
796a8af2e68d4945b8353a645e0d8ba9.jpg,0389
796d6f5cd6954f2bb2bf868209dabfd9.jpg,0065
796d77dd22f74726802185e92eab36b7.jpg,0435
796dd51f529248e28d26c8306f19384a.jpg,0401
796f478bffc74f3eb66341381194b61c.jpg,0030
79724d1a292d40928ff3294c53957554.jpg,0020
79730a927a5442c9b3059c18a2661e8d.jpg,0470
7978c0e4dbbe4e959cd2b0ab256d1e55.jpg,0481
797d4b7870b04eaba5a78984ede96062.jpg,0472
798087282f50487d80381705ce8e7957.jpg,0073
79810a2b5e484c9ebd318cbce078325f.jpg,0081
798281a97a3a4d2c896b28411a1152c8.jpg,0440
7982ee5e76204b388dbb4c5a0bb0e002.jpg,0370
79892307e70443e7bb3cd8de4424a1dd.jpg,0387
798ddc0a0c7a488e8fc67f46e54c1e09.jpg,0044
798f8da21f4a46ba82f0278b4f575ec7.jpg,0071
79908f477b9d4652a22b5b7e57b10b8d.jpg,0030
799227b2abc242fa8ce6160421733f24.jpg,0453
79943e6a17c6462a8666dee8d307bba1.jpg,0169
799683b1e8394560869a025cba6109e5.jpg,0320
799692e4e8d248c29453cb03a717eaa6.jpg,0198
7998fe04639644ee84c83cf57ba8c76f.jpg,0060
79992d91129e4160a4d47fb45bf437ea.jpg,0226
7999e011692b4e258c3dd3e6e58e9ee4.jpg,0448
799bd04192854e2e84f8a03851bff738.jpg,0453
79a098f390ea456cbd86612e0145db05.jpg,0179
79a14b94f35c46ca8e0e10573fd3ac52.jpg,0346
79a14d3371304816ba68de9c3e9a3a2f.jpg,0367
79a50765855c4404976cc8564a309752.jpg,0188
79a8808a97c84889952014142281485f.jpg,0016
79aed77a053c40f7b0a984cc2054d3ee.jpg,0428
79af9a64b14c45bfbcf683e82cb53439.jpg,0243
79b123acd84b42c3a51e569f3f6843df.jpg,0128
79b44fb6655b4abbb84803d0ce033eee.jpg,0406
79b771f18ef6414bad5ee4a30619c78d.jpg,0263
79b923806c454ceda52cdcb411e0679f.jpg,0252
79b9edf2ee594463bba52f907e9ab5f8.jpg,0019
79ba230d21cb4631a4e883da4685fc86.jpg,0466
79bc18f6e10149d386cb536e8ce9785a.jpg,0424
79bc6179c26a459fa06e47e114a1ce8a.jpg,0288
79bcddbc5a5745a6b317a735f2b12f66.jpg,0300
79bf67a169d14c298f82ab790c20c13a.jpg,0284
79c0ae9f6d4b4b26808fe4b5fe4f8aa6.jpg,0043
79c1273515b948df80e448bbfbaf1fc1.jpg,0483
79c504d918ce43d5bf668920bcaa4d0d.jpg,0188
79c92bd3da6d43819df179546446f063.jpg,0074
79cc4a5cba7b42bc9a71760b1f8fb42e.jpg,0058
79cc527649064e939d5afdd3944d7a70.jpg,0022
79d36986bb5d4eac8b1f5d29006e9710.jpg,0220
79d4418dbc824d049311be2153f4d43e.jpg,0162
79dc81ff85a14a31ad6614afad433368.jpg,0135
79dcb015db2740f7ad04ad26e3e8cdd2.jpg,0000
79dd02882cea4bdb943d5532758d1cb1.jpg,0218
79dde4326a2046c4b307815a15aae47c.jpg,0098
79e000ff68ca4bd8b29898d318fdc051.jpg,0242
79e957ddc09546f99cdc54668ac58bd4.jpg,0216
79ea30cf54064a47ad315c2f0df64d05.jpg,0250
79ea437affcc4295a100f583d36f59d1.jpg,0014
79f1b2a7941d4193b85c060802544731.jpg,0234
79f50d3f49dc45528e250c480091bbdf.jpg,0037
79f5f32d3e2142698827d70519077254.jpg,0206
79f7867359184221ad9b516e246fc9b5.jpg,0012
79f9820823814ac6966fa863600f9631.jpg,0132
79fb0c1d2b3f4ded864cce43e787e82d.jpg,0369
79fb11e2543840729cfe70b9d7e445d1.jpg,0043
79fce1667adc467cae4c2f28a1a9a007.jpg,0213
7a06089e50d54d72a54d62f44572ae76.jpg,0401
7a075486a3af4e8ca7ab1e6a15814cee.jpg,0093
7a08089d66cf4aa6946beae356121000.jpg,0033
7a08b90620c04df19af27fbaa328fac0.jpg,0009
7a0ae6cb6bc641d98a1540bc2e34333a.jpg,0084
7a0b898195044c0bad739b230c80ee3a.jpg,0281
7a0e606ebb6140419a213b5dbebed642.jpg,0289
7a150335c9a34b3cbdd2597b882345c4.jpg,0143
7a1d9010122e42f784139a9f7f73fd1c.jpg,0023
7a1efc4c72454a8c800b4b0b86097370.jpg,0416
7a1f6715fba6406ba16a39fff9c8953c.jpg,0087
7a23fbbf2db64de382aa5bc0295a5f1e.jpg,0118
7a2c1fd320e4478b94f2a0e1a5f1ffa6.jpg,0165
7a2cb7d90b5948abaa1d9cf6f12d4481.jpg,0308
7a2ece98f01a4ecab22da258fc5bc9a3.jpg,0049
7a30d15085a14a94be848d1fc3dae5bf.jpg,0434
7a325d7acfa74c5f83caa7495d3a32f1.jpg,0268
7a385415188246ff8414e1b167b8fd93.jpg,0367
7a3d17c4c50e47ae90d1964f0e4248a9.jpg,0040
7a3fbe038b39484f8d86e4559ae42f3b.jpg,0102
7a41c0e3f4624deb8a1e13082e87e8c3.jpg,0225
7a42ac85cc31499f86b86e380f6fb62f.jpg,0146
7a449f9f529b48c7991911ce2aed8282.jpg,0022
7a490ff580484e24a2d39d198a785358.jpg,0204
7a4abe3f38b74f97b1682418c4247e2f.jpg,0200
7a4c430090c341919802a8b7c3cf900e.jpg,0166
7a4c8a235fdb48e1a902aeff927a3580.jpg,0257
7a4d6847647648629e2b6ee48ea954f5.jpg,0313
7a4f270934324cb592a10f51b03d4d6d.jpg,0105
7a4f77a5855f40cfb5c069582b626eb2.jpg,0252
7a4fd6b730344d4aa48ea2a91a53721a.jpg,0328
7a57f1476eb04eda86f82ea63a50ba8b.jpg,0347
7a580caf05b5416b8710be1af0201c6f.jpg,0272
7a5a347b3a5c4d448726d8b0611b7712.jpg,0422
7a5a57f9c7f94edc80aa725ce1a748f4.jpg,0125
7a635245118e4445bd80602d8f815ca5.jpg,0285
7a653ecb09ba46f88d7cdce31cf262ad.jpg,0284
7a69e861f27a446799633482e4e7f61f.jpg,0384
7a709a3d3dce4a73906ac880ac1225f2.jpg,0373
7a73b1c859ab447eac7d96fbf252c400.jpg,0403
7a794e3bcc9b482eaf62334167f1f779.jpg,0233
7a7a3f35e0cb4e8c901ec264d5569c1c.jpg,0341
7a80bd57c6b949318107d488c98b9326.jpg,0389
7a82be231dd04c1aa7acf99f565bb6ea.jpg,0431
7a84d28764014af58a51b217367add8a.jpg,0126
7a86d1823fc04770adf2079d927c6e85.jpg,0194
7a87a7c5c9a04231b9e608859edebadc.jpg,0498
7a8ccf0cc64041d8af0b77b13b8573ff.jpg,0145
7a8eef710c1348cd9a7829d57d631f7a.jpg,0264
7a95083989b240409f96d284c41c9623.jpg,0288
7a96ea2e52ae479d8e48e78983e29c8e.jpg,0153
7a976a3a99c34fd79bfd50ec8b105b36.jpg,0416
7a98b60451a645158c9fdf5a06aaf7c8.jpg,0248
7a9a12d9681e4d18b06b84bb1fa9a8fb.jpg,0338
7aa29218bfdb439591146355098ab522.jpg,0060
7aa2b1c4e1b641738c2915f5307408c8.jpg,0057
7aa2cbef6691432186bc45cb298742c1.jpg,0230
7aa85c8598124abfa7e5b20038c447fd.jpg,0480
7aaa6fbca48c4321abaade414f52afbf.jpg,0414
7aaddf5f098d40ed94fbef9ef5d6093c.jpg,0302
7aae2345c6bf4bf2b4b29d1b7195140c.jpg,0475
7ab0193a5e654506b7b408e2c432a973.jpg,0102
7ab07ab4fba24ba29373f141a3a68b76.jpg,0317
7ab19d8e46684abe833d4e152ba6e503.jpg,0408
7ab2eb5ac5a84423aa6fc2969c85502a.jpg,0272
7abefd017e1843209ea657f9417b5539.jpg,0079
7ac17e51a8114af5a6caa47c82c280c9.jpg,0481
7ac21f20de984fe7988283f17f3c3c3d.jpg,0283
7ac5cd30bc824ce68fd4e163d1a3fb88.jpg,0113
7ad5cebea68346a98e7317bed5c9c146.jpg,0256
7ad5dac59cc74ad4ba89cae7a2ede03d.jpg,0324
7adfb11f151e4314a962ffb807fed9e7.jpg,0401
7ae051a452a1468e99eec75ef3070a45.jpg,0134
7ae095ca664b408484f86927cdb3e222.jpg,0405
7ae1d23ba1134132aaf27894ddd56059.jpg,0244
7ae491b4ac1b477a91bbb681a13ea9f1.jpg,0370
7ae800685b51459eb1a0df6774e0b933.jpg,0493
7ae9ddd6a9cf43d4afc3ff13a5113310.jpg,0047
7aecc01df35a43a78ef5eab08ce165a3.jpg,0389
7aef2a6a47d14a3b8969dfc6e45e29e9.jpg,0138
7af4f8db4b764737b359401e8cd7e4a0.jpg,0478
7af62a987ca84149ac817200b3708163.jpg,0042
7af77f1b2ac343d6a9aa5f7cb8d7f4cc.jpg,0465
7af9f8b9f4d14e80882b05a7d3d9c619.jpg,0196
7afdc71540004f68be5f7ecf21f1fb9d.jpg,0465
7afea093cad1422cb6f3a67946a17b86.jpg,0386
7b02ba0abc864e64be1760d0b2519175.jpg,0359
7b06d341dbd34401b55e3f844e413c36.jpg,0256
7b072ed5350d48fd93db42a2ef5079fd.jpg,0261
7b09d1a742344ed189bf67a2c9bf188c.jpg,0122
7b12243ad21742539cad56689df16681.jpg,0350
7b13c7eba979412fb04e8cfe5a02ca87.jpg,0395
7b14e2a20c814766b619aadcf3dd147e.jpg,0223
7b16da9a36a943d79a99a6524ad87f27.jpg,0300
7b1c3b9e4b8d44349083837fa5867843.jpg,0338
7b2028d8f08f472b9f9d5d928efd4322.jpg,0451
7b2dabf3b3754c68b2c7d75be5e93752.jpg,0246
7b310faa0a154efe9707d27dbb9ab45e.jpg,0350
7b32d9a3046b48148f2dc5829a652a6a.jpg,0233
7b34197fd05b42c2a10fd678638db8fd.jpg,0291
7b3bcb1ff5804c28be2908c43ae526ca.jpg,0034
7b3d45e48f724643ac86ddf19aaa8b1f.jpg,0252
7b3f4907e53742d8ab5d94171fdd4faf.jpg,0463
7b423aae283242c19c30cad86663d474.jpg,0251
7b48adb76304456c99e2b59e85b08ca7.jpg,0195
7b4b43646ef843b5b99aa8ae92b36fd4.jpg,0408
7b5235554f504817bbcc6653c4c411ca.jpg,0319
7b54626ddf0b4cc4b7d3ed41d12e4dd4.jpg,0126
7b58329d838f4ea98e31b3017128c669.jpg,0122
7b58b75d552145bab51ad71bcc887a4f.jpg,0186
7b5df8ee75be49249479e446b4916801.jpg,0065
7b5fcc7786d6465187dcb9237d203d45.jpg,0158
7b64df2181b645aa8191c27eb6f3f679.jpg,0268
7b661fdc503547ff8bade1f54c8126ec.jpg,0131
7b68174db52d4b1aad838eb0f8db2970.jpg,0132
7b6bf42a942541a5b229e76e2924e611.jpg,0233
7b6c7d65c2164a39b78f4d4da4e60d0e.jpg,0487
7b6da77270cc4b1f9af1e81a4cd78436.jpg,0144
7b701263d3e74b709f1473a169ae8b67.jpg,0439
7b71909995a741febf9f632844304e59.jpg,0032
7b71a380617e4060aa0712e90367639c.jpg,0353
7b77f5a1ca754f49b2443b2c1d11f3d2.jpg,0048
7b7d2e70ee5f4e30879f33a6a5ce4fd5.jpg,0119
7b7efd40caf64fd8b67a2bcb245a83ab.jpg,0291
7b8084b7b6df49098d5a8924e7a23eda.jpg,0123
7b825191666b48ff95ce6c7c62c95ddc.jpg,0335
7b85d3e30987457ba428d4ba161ba6af.jpg,0219
7b85edca1fdd43e88128b24775198d30.jpg,0149
7b863a1d8275468d8c1e1a8504df57c3.jpg,0312
7b86b8c2b0f241b0ba9974633b30f60f.jpg,0326
7b87b653434f4fb5b8bcc133faca2da1.jpg,0461
7b89716184c14ba9832191f6a206c420.jpg,0118
7b89d9589e524ebda4f5ecc43b5c1728.jpg,0325
7b8ad654e3e24afaaa8a0712882a5977.jpg,0117
7b901a70766f43878a8150b855403c92.jpg,0192
7b93c378fa3f45b6a5c856d3c057b415.jpg,0279
7b94aeea0a51457c9ca01b0356733be4.jpg,0350
7b9505df7ee540ac886751c4ff397763.jpg,0005
7b98e9aae76442ab8c030bc02298734a.jpg,0227
7b9f1be41d2a47f6baa8d0ec253c6e6c.jpg,0057
7ba05a6a607c4460a2c84b465ee48dac.jpg,0159
7ba0baa924cb4fa8a4d0d15b66d8867e.jpg,0195
7ba2aab5f0f14d5faee3ee2ce976cab5.jpg,0356
7ba430a30f2440a494113d4bc4e13e39.jpg,0280
7ba5c631b75840a49074b1ca2d851221.jpg,0223
7ba6bd810e2b4c8e90ba151fe8a9e5c5.jpg,0491
7ba8a0bab3994b4f980acd7b065435fd.jpg,0278
7bac3862613e4dd798715d00e29406b3.jpg,0401
7bb24e7f30f648818161a8dc0e101673.jpg,0279
7bb375986199423f942a05d3ebc23d6e.jpg,0491
7bb69a1529f948e7ba37ba81258d0a41.jpg,0015
7bb799e6f90a4ae693aa2eaca15a2a73.jpg,0155
7bbc706133c74f9db69cc988d58a12e5.jpg,0145
7bbf820897194dae9dcdd62f1a73a0ef.jpg,0155
7bc2742f0f8c49f0828caae930566694.jpg,0149
7bc2d03f5b0249a998f24709c7ddfc9d.jpg,0145
7bc8484afc0442bd85339ff594df0e4f.jpg,0373
7bca469c3b604e979631ad8c4cb742f0.jpg,0051
7bca53ff4fa24bfb9fc95dba2f3d7a52.jpg,0292
7bcc6ec86f1149b0924afd4995d1943d.jpg,0058
7bd727ed8a7e49d290cb624e847ccfab.jpg,0022
7bd72c8a08b44e4b96e510c77793ed5e.jpg,0238
7bd92ab1e1044bbebb8e6e0d786e4183.jpg,0455
7bd942ff6b994f9690ae62eb12e91a28.jpg,0130
7bdb25a4b0824f49b4c9d26a4e443a22.jpg,0020
7bdec790016d43ff8fa5df45af98afa9.jpg,0287
7be121cc8e5e4660a559633558a9843a.jpg,0146
7be6565ede444f5b85cc180b3cc6c7d9.jpg,0196
7be8ad2502224ac9abe87b3760bb0b14.jpg,0465
7be925a3d0634963b815eef788d8840e.jpg,0024
7beb6865719a41429420dc114e00febf.jpg,0053
7bebb2bed30b4cf1b006fb2fe0c88052.jpg,0365
7bec7d3fbc1b496f9d54b5e272b0d4a2.jpg,0174
7bf20dbe2a3d42e8807238718c4ff0f4.jpg,0141
7bf25b71e0f04323ad1e443279c931eb.jpg,0031
7bf45f8e6d4c427095e5f180a96db973.jpg,0441
7bfebf562f88450fa432569f8e05a1a8.jpg,0215
7c02aa1fb4f141288ef421f28b9c046b.jpg,0055
7c05cc026de844a0872e8ba30bc1b4ba.jpg,0314
7c0a88f6406e4399ad49badcd1046052.jpg,0281
7c0c5782f2a44daba1fbbd13c2e3e515.jpg,0471
7c1449f06aef40f9be674b4f04ba4e64.jpg,0234
7c16cfb6ea0e4896b43be338f7c5be7c.jpg,0322
7c17b396a5d04040bf03aab4be17c445.jpg,0065
7c185f4cbd8545269157a4ba331cd13c.jpg,0493
7c1b01d83e6b494c8fc3000ffcabafad.jpg,0457
7c1c3b2f420248f5b0368d16e0045ff5.jpg,0482
7c1d6520f437482aab539d1ddf1ab7bb.jpg,0086
7c241056f40241e8b9814d8650dd5c8b.jpg,0373
7c2489dbfd7f4e57b735328b3c0def32.jpg,0292
7c2577e748354d34ab33eb0d4452fc17.jpg,0011
7c257b7f5e304b69b6347c451fdfaf2c.jpg,0205
7c2b0fde345c4c9d8bd61d62a68ef874.jpg,0250
7c2b89b51a3949d297c36eef6de08d31.jpg,0346
7c2bb2ac9f8e4619975e95693bfeca80.jpg,0348
7c304faf92254cbaaf44cb7b824dc55f.jpg,0190
7c30b29e78104fa09236c5c6ea4a7a09.jpg,0442
7c36854d33a34c03b6b1338a70071ed0.jpg,0010
7c395e474b1c479392895672c637c57e.jpg,0431
7c3e0d1bb49a49e48981d1b7ccc5741b.jpg,0411
7c3ed3c46c334d4188873a071f40ecb1.jpg,0392
7c3fba9d5c644aac8add0d9d0dc890e5.jpg,0339
7c42dd33c95d40c6baf2b0f37ecaac68.jpg,0150
7c49092156a847f0ab9c67385dee3ba3.jpg,0022
7c49be6ec784499492482809ca17e924.jpg,0200
7c4abb0ab2894f1199e6233c470e9df3.jpg,0402
7c4d077e698f4d43841490bef2cc2c92.jpg,0333
7c57cf5bc99141d8a2715bf17ec1a841.jpg,0111
7c5af373523b430c8d417f4eaba811d8.jpg,0355
7c5bcd4c17c848658739c48464012a54.jpg,0194
7c5cf70197384cb8831f12b6446688d7.jpg,0474
7c5e40e8d15a41a3b3d69e0baa43ad8e.jpg,0451
7c62f18de1344b64b07e2644814e8456.jpg,0311
7c63940fe26a4557acc5cd6711ce0fdd.jpg,0110
7c64e4f83b474ccba7fcfcdb510b1751.jpg,0352
7c65c4acd49648848acf275c026502af.jpg,0092
7c67cac60ec14c5086535d334d64f008.jpg,0023
7c67cc39ce8843ee9cbc709a603f46fa.jpg,0402
7c6a238ebec74b90b4ff62fcc73ac9dd.jpg,0493
7c6c9b045de74b42b4909525e4f6cfa5.jpg,0281
7c6e857df9d54e2093ec4c0201c34dfb.jpg,0300
7c71f24cc3bd4d8aa967cc3762dee862.jpg,0126
7c7482e778b348c7bb9c41d6c087ea6b.jpg,0363
7c74d0d814054124a263f0b89dca0ab5.jpg,0221
7c7aeeddca2343b39ac3530b07b3acb0.jpg,0479
7c7c16d5cc15421f949505899c434e37.jpg,0408
7c7c6ae702f24a74ba1f39e96556ef52.jpg,0397
7c7d8f53d12a43d2a0809b9eb3fd34aa.jpg,0041
7c7dbcb4a2274ea283cc120dfabb4ff7.jpg,0022
7c83edf9a54d4f54a1d021407730664b.jpg,0284
7c8681796d42456da2dc38e1a5960489.jpg,0361
7c89ef2951d84e9ea9fd4aa4d1f74038.jpg,0082
7c8b864455f44451b245299bfe20b7b2.jpg,0386
7ca1f7881d6446d492f333a6661cadb2.jpg,0305
7ca6236f29dd4797bee97471e18bbba9.jpg,0210
7ca79e42c7b6434bb1baf6bc8ea4cee0.jpg,0363
7ca90333ce634783b5a04519278df152.jpg,0356
7cab9b57b2bf41f999cad53aa9b3fa0f.jpg,0136
7cabf4f7d43040728a2a74445429b378.jpg,0239
7cac8847ffd14a4dbf0cba2f6fc64134.jpg,0222
7cad3d5884ca46d9a316114725e1c6a4.jpg,0074
7cae3fec1da345e6a49163187ddd4a7b.jpg,0426
7cb3d6388a94410795cedd02a5e72db4.jpg,0471
7cb5e02bb1e041958c3c0740971c8281.jpg,0116
7cb9efa61fe445c7912857ecf2c78e5d.jpg,0476
7cbcdb0281084205b6de07ef48d2bd11.jpg,0232
7cbfd0502b4b486c9159c1093fefa212.jpg,0332
7cc00e40e16a4edb98b349fd909dfc98.jpg,0318
7cc578b455e74aa6a3c3b6c83260e4d6.jpg,0182
7cc776f6c2b745b58c2d5e2ac3866afd.jpg,0026
7cc9e045906846b28356f272c913bdf9.jpg,0176
7ccc8bc574804538817e1789cfba3d9d.jpg,0474
7ccef1fb77c9497f963033bb306044cd.jpg,0448
7cdbe6d0b23940fe9e424a42cb03e7cc.jpg,0326
7cdefd3976be452db31e03015a73c246.jpg,0001
7ce2b2a10c7e47e79e2331b988b755a6.jpg,0322
7ce50cd177764d8bb2aafd082cb52115.jpg,0232
7ce88642de3442f28a95882ea0dcfd87.jpg,0114
7ceaa00d9550402e90a7a17ad1392904.jpg,0196
7ceec6cf3d644f22a9d5d8e598bcef01.jpg,0314
7cef5e99b9ab48a58495c1bfecf59fb0.jpg,0200
7cf381174449499c879fe735c4ff3c47.jpg,0466
7cf916765cbe477596810636992ae3ba.jpg,0092
7cf9dc2401214e44ad8eff2846b9823e.jpg,0054
7cfbb79e7e0a4e0d901c8bd3a182bd79.jpg,0153
7cfe26a03f2c4a90b89a8176027f5dc7.jpg,0151
7cfef7a291ff43bf915ebd0015f2a43a.jpg,0080
7d0a8f11e8df455194b3357a236f6c05.jpg,0284
7d0b27dfd7d74fa180fbb95c948787fd.jpg,0177
7d0c7307cfa9498f8c5f58014c538815.jpg,0051
7d1093761cb545a38524ae25c6bf9874.jpg,0228
7d152c8c18bb456d9bc52b4062adf0df.jpg,0408
7d175d97b12a4db6ba4b4bfef9617055.jpg,0374
7d1b83b060594aa7bb2a8b54ea56de98.jpg,0172
7d1bb1ab670c437a8f0d69cd1c6f3114.jpg,0245
7d1cea431e06426c8f67e4eaf9110b71.jpg,0372
7d22893ca89c4d839b12e2101a1dfbf4.jpg,0421
7d2460ec3a07414f8023c4e7b1f51e38.jpg,0092
7d26d50a4c874639b6785b50f4a2b6e9.jpg,0171
7d2716c10ba74dff90e1e346505c542b.jpg,0212
7d2a7a11f2d5406a98e65704e448345b.jpg,0149
7d2c8d14a1834ebd8cc1931601c08c00.jpg,0299
7d2d9f5418e146bab41dd93244e02a28.jpg,0243
7d2f9f08b4794f13bc3f1499a1a76e48.jpg,0427
7d2ffadf461c4443bc42d26c5c305073.jpg,0472
7d30a8a07c9240129c7dea30d534cf37.jpg,0050
7d38b46f0dce46c19214ee6ddd324e4e.jpg,0131
7d3a772127ed436bacb79f33bb1a483e.jpg,0181
7d3abde8a556455db276a557e2add5c1.jpg,0185
7d3afe1828e64a84bdd9feb932a44bff.jpg,0164
7d401d1d82a049dda3bcc0fc5be741f4.jpg,0085
7d40a665b07249bf9d3a44c2fe57e459.jpg,0439
7d412357c8314af4b252050b847ffd7f.jpg,0058
7d44c8de2de847c99121754802ee832e.jpg,0347
7d46b6817d7e4f24a20863575d465a13.jpg,0475
7d490394f52c413d9a5d0582a091c263.jpg,0257
7d49a0c7fd41423081a3da4fe09d1c2c.jpg,0101
7d4a9c9daba1429fad4d07bf532149af.jpg,0020
7d4adb92e62644f4941322cc233b1872.jpg,0187
7d4db323473e4cad8801326bce768010.jpg,0425
7d4f9e843ac74fb9aea539ed3d3b25b9.jpg,0423
7d50d214a1fe46ffa9bd914a094dbbd6.jpg,0424
7d51f34f5e6049c3b1d6a54950048c0d.jpg,0128
7d552afdfaf14d5ca9f7624ba2211f93.jpg,0458
7d567fd63c874973afab8c9b534f2597.jpg,0410
7d5a2c8284fc4b0fbc1981fd0e4d1f31.jpg,0108
7d5b1e35cb28446498a3dd3f13c3e236.jpg,0001
7d60d301750647f791194bd736d98368.jpg,0410
7d61af8b0fdf49a394bd9fdf51d08d81.jpg,0493
7d624bb66d0943f0ab2d59c353d6140d.jpg,0358
7d624f56b5884427ba0abe34ed461a15.jpg,0129
7d66499c8a0c4653b74bb5e92fb0b554.jpg,0327
7d6813bcdfe247ea8e561b3460c548ce.jpg,0182
7d69f95eb45844088bde8336d27b4490.jpg,0156
7d6e4506f6e34efb8efe02b0f338b5cc.jpg,0467
7d70328788d34498974bea8a09c5af92.jpg,0095
7d706a2421dc4005b4393f51b70360a1.jpg,0083
7d74e2f525fa467a941ef18e738685bc.jpg,0432
7d76164920b84e17a7fd300f0bfdf6c5.jpg,0209
7d76d4a3aff9473493385706b12d57f4.jpg,0052
7d77ebf95db140b79e47ac4dc203c575.jpg,0223
7d78a026ae0a4e6ca86f6322d110f1ea.jpg,0266
7d7a28f9599941c794654aa43f740f05.jpg,0059
7d7c0576617d4e699d540442aaab2b45.jpg,0339
7d7e4eaf970643f1bf606612aaa64a82.jpg,0183
7d8175f3e6554ee59110540b614332e3.jpg,0141
7d838da4fce24eb5ac2b47d7e1511f49.jpg,0372
7d883a324d6746b082d26a4e055ad423.jpg,0488
7d884179c4da4185ae7b8ffeba8be957.jpg,0142
7d8d64292eb14df8b6cee9617a32377d.jpg,0480
7d927cb749a34d3fb68acc30a609aaed.jpg,0235
7d92bb39322b442f93d15f1a76f1cab9.jpg,0384
7d9501bdb55d47a7827130efd8176846.jpg,0491
7d971545d3684031b9546a40b2aed26a.jpg,0457
7d9b0b1e3629460fba1bd77bdf80e7d2.jpg,0115
7d9c882545024c58b5a3a4b61c2d5ac9.jpg,0079
7da383caca204f41b9b632adf97bb76a.jpg,0084
7da5307de0f64fc4ab29735acdfb55d2.jpg,0381
7da5ba0078e44e428f8d4e1317eba30f.jpg,0144
7da69353c13e4d47b344c96a6932aaf1.jpg,0431
7da94f5b1b5a47fcbdfb0cf05faf18f0.jpg,0389
7dabec41dbf64c1eb13ab1cac77281e8.jpg,0051
7dac8073c9ba49dd84ba662b5ec6c984.jpg,0464
7daed36e0fe54f6f9f42ede641dcd0ef.jpg,0306
7db69b42b21d46fc8a7afcbf7d8e883f.jpg,0479
7dba66bdfdc94aa8b182d864b8e4ba24.jpg,0371
7dbb74fa8a2e429a8dff3071cfe88330.jpg,0200
7dbe578c9c0846eba1ef9174b941ce93.jpg,0285
7dbf69ab168d49a8aa08571b5e094407.jpg,0213
7dc26e5f01eb42e39e33cc9d03827ef8.jpg,0299
7dc543caf3d746549d4e95a0ae9f324b.jpg,0144
7dc59c84e1ab4453a8ffd6934e8b69d6.jpg,0295
7dc6a2448ad94f3abb7f87200023eb76.jpg,0059
7dc753e3e9a448a995ae323b099e7962.jpg,0017
7dc8218c366d403d96e5cabef58ebfcb.jpg,0078
7dc883e63b4f4a7ab356994d898ac554.jpg,0316
7dcad88ede704f5f973784d669fbc218.jpg,0162
7dcb69f1ae0d4cf7a5e362e5e5032ddb.jpg,0391
7dd468679c7442df90d242dac3730dee.jpg,0428
7dd515c4607f47a0bd6eae1a035a7e04.jpg,0072
7dd58f5463004dffbf350b8e68c55ff3.jpg,0247
7dd7cf79433c4e11a7251728675b60e9.jpg,0078
7dd837909e014fc996e9e809beb33baf.jpg,0162
7dda3a28c8e94647ac2f7bb47d6bbc13.jpg,0114
7de711510ba245818432d41f38b6e5b3.jpg,0386
7deb65926f624e43b99deab08e224676.jpg,0096
7dec8eccaeed457482b8b2472e05ad09.jpg,0030
7ded583d52c346f5bdfadc345560209f.jpg,0126
7df59ce7ad1f469293ece0c34af9e08d.jpg,0298
7df804acd8eb4894ae22fd13c45b82b2.jpg,0047
7dfa230161924d5480bfb7ff24f249e3.jpg,0450
7dfe52eccda94ca3be4c43109a0d470a.jpg,0263
7e04bd1c358647d4965c3f56c9ce5f9a.jpg,0237
7e0555eba24d4b35b63cd6b2d3cdb51c.jpg,0118
7e0a3c0154e8496283d6dd6a62eca1c4.jpg,0464
7e0a72af3b3c49e6935dc16b6e9cfc66.jpg,0159
7e111a2850aa456983f2ef017234be0c.jpg,0065
7e116a69302443028c4ca06e5773f6a2.jpg,0131
7e132d22ffaa4a73b21b0558acd2b2fe.jpg,0243
7e1a4b70ef114015919aa79f3a2d7118.jpg,0393
7e1f1951527d40f98b0e3d440a882e65.jpg,0210
7e2465f6eb214773a6d52ba74e9ca40f.jpg,0160
7e24b086a50049cbb6ff98260a4303f5.jpg,0150
7e26ab99108f4eef9662cc74ea16f38f.jpg,0130
7e27558054864793b898bea5873542d4.jpg,0134
7e3032730dfb47d1a5a38cc7f7a97a4e.jpg,0366
7e3144427c844a68b0a95fa19fb927fc.jpg,0390
7e37d727057341ccb9fbe57d274fe4f7.jpg,0375
7e37e9ac869247858322033b11b29864.jpg,0437
7e3ca5d01f0246fe904b1c256294a12d.jpg,0297
7e3caa9dc97440c0a7d4f765554bc3d1.jpg,0125
7e3fe4fd019a48588099d10b9df25417.jpg,0027
7e3ff32fe93e4fddaf450c7828a85859.jpg,0137
7e426e9c7fc04cfaa8cd90346024ab8a.jpg,0255
7e42bba288f94e44aa17ad9e4266532c.jpg,0085
7e44d9d58ee242f69af3f59b69cca516.jpg,0468
7e46d9956c9645598994d96ae2f86d42.jpg,0054
7e472f25f0aa4e379bf3186a2306b18a.jpg,0467
7e49897887ba4ee888bbaef19344621c.jpg,0428
7e49a3aa1d144e0094b0d74da102cfe7.jpg,0046
7e50e62cb4a5402c870ac404d781a011.jpg,0314
7e510f35dc1b4040babb6652aaabf315.jpg,0058
7e53550502fa47ae8b5fa15dfdef0b22.jpg,0457
7e538d352c0b45629a6fe9bc671e8882.jpg,0055
7e54dc90ea7946909933bbd34bc6cf17.jpg,0352
7e5544658f704880962254a988e29e8b.jpg,0294
7e5a854678f44feeb8118ea648c2a66a.jpg,0311
7e5e76d8fbdd4269beb095c3f0607497.jpg,0342
7e5ee4eda755460d88fe57889ac562ce.jpg,0074
7e60e5c76f7c49ff8afce45b851014db.jpg,0208
7e61a42f6246435da3a4312aa9358972.jpg,0382
7e6785f1e04546709e36361163781771.jpg,0295
7e690b155be1478ea2f8aecf0689ff60.jpg,0037
7e6a22bf8eef493c84af8a7f7dcfb226.jpg,0462
7e73e7f61a644514b7df724ef56def54.jpg,0097
7e740e0d57b34fe89bdf4883c60b34e9.jpg,0162
7e74721766994c8681e08a73f3e7aab4.jpg,0112
7e79f1d7ec1a4a9aae7c41b68aee5bcf.jpg,0250
7e7c2973f42c4196bd79c2ef20dde346.jpg,0478
7e7ff2b4e1de43a793d87159600b26e1.jpg,0055
7e882fac7a5549068cd1fc17c193431c.jpg,0353
7e8861a9e1d4452f980b9a2b13cd171a.jpg,0102
7e8b6937687a43a2815fd455e049dc8b.jpg,0197
7e8dce5c47d248a9a4f07560f818b1a5.jpg,0119
7e8f10265e324dd493bd365f5ead8f53.jpg,0136
7e8f9eb536cd45deb537df707db71401.jpg,0337
7e914c8806fe49ab950fc906a533a0d8.jpg,0446
7e91ecd411134acaac50f54f29fbd31e.jpg,0115
7e91fc08c9314578b6800ff1794d2e96.jpg,0387
7e9687b227de409cae0c67db9157647e.jpg,0053
7e978e97192947b2b09fcb4583565be0.jpg,0385
7e9a04bf49c543b4928ae8144ad7aebb.jpg,0088
7e9aaa5c91c1402e856baa0ed9f8659d.jpg,0287
7e9ec65b3c364e31964cd0920b20f6cd.jpg,0327
7e9f81dd178a4aedac235a31e732f3fc.jpg,0289
7ea19b4c63b54d6d91877bd150be0ad2.jpg,0437
7ea9290c80b44f1eab14edb8197d7c11.jpg,0197
7eae09ecc4084e0a9706534c5f25b9a0.jpg,0157
7eae3a4d619c40339acc3a001ba7a7a3.jpg,0439
7eb0236b6e5b46688089cb94b21f87f3.jpg,0275
7eb0e3bff3054231a972ee3a51ed91e7.jpg,0068
7eb297e730374ef38075b78c3ae4e50f.jpg,0315
7eb37095c8d6405f8c73d6c7ebd3b502.jpg,0498
7eba5a00c69b4ba5acfdf088edf8413c.jpg,0180
7ebab328909f442fa4d4541bf024ca9b.jpg,0344
7ebbf8a183e34e9ea15809f1f337a101.jpg,0458
7ebd3d5a32834149bf8aad7eb01429f6.jpg,0121
7ebfb1f391c94f41aadfafecea0559b9.jpg,0101
7ec4abe2ca964477893d715155c44e8c.jpg,0340
7ec6cdba60394116bf37f426574363cb.jpg,0040
7ec763485aee46cc98596e44f5be7521.jpg,0116
7ec8e03d6c9842b1b67f15e48a784ff2.jpg,0307
7ecf3cbb8f9b47a6b29d53b9c826988c.jpg,0044
7ed2672be9734821b66da101d30c5519.jpg,0366
7ed65c96eec745869ea97e7e30ef8f3a.jpg,0196
7edbbd27b3824b8da5cdf5a475b54db8.jpg,0068
7edc651009f7414eb64bbd3681d1e481.jpg,0286
7ee6303f0ebe4dac80e6f9ef4f7987ed.jpg,0207
7ee76821ba684aab8e142c5e8d4fb257.jpg,0005
7ee7c2c0e907475abd04478936f405be.jpg,0258
7eeaafc233c84bd7a6d0d35ce31d203e.jpg,0154
7eeb573456044caf99d0e3f05a4074c3.jpg,0266
7eed85a640064220aa4ef16c69c2c7ad.jpg,0360
7ef1771a50734a3a9320e8f97e3abfec.jpg,0192
7ef7b19f7fbd4928b41e94d16ee23df1.jpg,0185
7ef85d70ebe84246980943815ba7afd5.jpg,0331
7ef8b09a973e420a9e67e1677d126eb0.jpg,0043
7ef9187610ed44cb9826648be3ff51b3.jpg,0349
7efa3e6923bc48d5a0dd72bb1e29b3c2.jpg,0221
7efd097970eb414da44c15fce836ace1.jpg,0398
7f03be258d914a79abf47cc780af640b.jpg,0330
7f0943ee676d492d8d4a28ae4653ce82.jpg,0322
7f0a2707545d46fc88e30e2cc7b9ec18.jpg,0305
7f0aef862dd24663be0215a390bd9cff.jpg,0388
7f1645ef51474d8a8b631d0415d51b2a.jpg,0056
7f19431c0c494b108a3e698d4408fecf.jpg,0067
7f1b2d8106ce4f34850e6d879db716a7.jpg,0185
7f1d5734cbbf4852950c48fb30991084.jpg,0086
7f1eaf7a7e5345b98637a456404da77f.jpg,0428
7f205a4ab59f4c7fb894d3224e9de48f.jpg,0426
7f226f74271f4ffb85e911e0b9af8010.jpg,0492
7f248c3119db44b2ac1a2e5ed06ab0a3.jpg,0092
7f25b73c5ef14452a2193e10ea5181a5.jpg,0392
7f29c8d264864dad85b7de1999aaf885.jpg,0320
7f2e66facfe94ac48bf77722d335f2e7.jpg,0399
7f30f10a28aa4abba2e624026c335d38.jpg,0397
7f311482982a4511aed771a68e0a765a.jpg,0302
7f31d212027f4f6aa90bfc4a25193d8a.jpg,0274
7f347f7770ae466484170f7d71c05bd4.jpg,0037
7f3bf3d2289b4964ab6882f6df7e6b74.jpg,0422
7f47b1874069487fb77e368c42cee344.jpg,0009
7f47c828b2ef4d75a188a7be2c197f6e.jpg,0441
7f49ca55f5724dc192a7b110f82def04.jpg,0190
7f4b51bd0e38441db345b5f86295b4fa.jpg,0329
7f4c0cc0a4d04c2398ddc0cb64635791.jpg,0302
7f4d639625d5493f8de7ef175c84eea6.jpg,0131
7f51e2ac5bb44f99bf7bb0af91b7eb7b.jpg,0360
7f548b0d384d4267822afd9da28baaaf.jpg,0085
7f5875c5e05143cabee26cd35dd36392.jpg,0224
7f5a64cc02cf4c1daa645176eb1553fa.jpg,0493
7f5de40d826e449594c1eb4422bf0faa.jpg,0389
7f610a60de734508ae7ea71f7412a63f.jpg,0213
7f6700c160e448688d85b6ceb8116f5a.jpg,0016
7f712c58967e497887c89b9a2b1407af.jpg,0362
7f74f042bb3447688f78171d5d291fa4.jpg,0228
7f7b694db63347dcbb3a485cb137989b.jpg,0132
7f7d44e1f6bb4793b2eeb18448b79cde.jpg,0353
7f7deee5e09f44b79be0ca49af577151.jpg,0161
7f7f32e509f44a8b836e3ae73f9f3d7b.jpg,0127
7f92c68be1e3455b96972dad7e3261b3.jpg,0419
7f95bf0a6be34713a45b5a9fe6004b16.jpg,0039
7f96ae596bc541b29392dd1e8b7a0227.jpg,0328
7f96c4f5d4f64442be5004bf054af8ff.jpg,0350
7f96d20516e84d92b28c149fe75f30bc.jpg,0253
7f9a3f85e9904b61a0cdb510fac2bb71.jpg,0350
7f9be3e4337a4250a4a02baac45e0939.jpg,0157
7f9bf2aff7014b56abc2b79f70027be1.jpg,0285
7f9db0ef866743a581d033fb81207e51.jpg,0137
7f9f8438da7546d3a17a686fb8b1e7aa.jpg,0129
7fa10a84ef8c455fac86c868b528835b.jpg,0366
7fa1c53286b446b198c5f3845d533a55.jpg,0131
7fa5ba4b1c5f4211b084bcc59c5588b7.jpg,0003
7fa6371872cc4baf9010acc5b7073b06.jpg,0346
7fa745e9a28a4b5b9e016354d71cddb2.jpg,0246
7fa87490d1ec416c878b8aa92a65b9f7.jpg,0003
7fa8e9ef784b48fda096fc5473aba08b.jpg,0339
7fa92553e0354041a000b83a30de1552.jpg,0266
7fa9dd60261f4fc183b89fa03ecae83e.jpg,0364
7fb0791b61e249518e941d892b612966.jpg,0315
7fb07d556e9a49af9f50ddc9f7ffd3eb.jpg,0266
7fb1b3ae83c4476ab3ecf85996a148e5.jpg,0297
7fb362e7260c422b9bb4a3492cc0e19b.jpg,0423
7fb4ccede9da451a86f8490a70e1ea61.jpg,0045
7fb4d42aa97f4404b5029965ab0ac34e.jpg,0254
7fbbcf6a214a4c89be3234168229450d.jpg,0401
7fc1b670813e4cf3954af3730b1e0914.jpg,0386
7fc3e055a7854897a4d0ae8b2b4028b6.jpg,0060
7fc429ffdf2a49b2aeb464910741db75.jpg,0422
7fc446d40f1147aba1ffe4a73328bd3f.jpg,0104
7fc979660fcd473b89d7cae492b1ad02.jpg,0443
7fce3843c2314663a477f21631942dfa.jpg,0125
7fd0b41454cf46ae868563e2ec51c9a9.jpg,0178
7fd3b6977040421d90bda03a5b3b28fe.jpg,0213
7fda6b3046874c99844efd0369325918.jpg,0302
7fdd34a01c814d2f9a22db7e957681e2.jpg,0223
7fdedd1737d54284a84295e1bbf1c9db.jpg,0260
7fe32a63b76d4f9186b712c927fc15e3.jpg,0412
7fe5115acd9d44cfa3e2bdb614a5664e.jpg,0072
7fe69a3af0554ffea7f39ba9f2ba86a0.jpg,0093
7fece650263c454397f0e213d78e2f06.jpg,0332
7fed4981770b4287b1530a49b47cfdae.jpg,0396
7fefd1b8589d48bfb330d842042cb2be.jpg,0025
7ff04b8d5c524596a2e2c30507033290.jpg,0322
7ff6ee4b31b14a41933cb6b3bd7cca04.jpg,0394
7ff76e386f1140abaddfc927629f2f0e.jpg,0026
8004ef37827e44e6baa41b72b3c7c8cc.jpg,0298
80060882db3744fcbce57b24c3f4dc34.jpg,0144
80073532d5eb4bf0846dbfa19bc06bad.jpg,0230
8008cba016494059a4933d482a266a0a.jpg,0248
800b802ef90944728877b894ce2b9895.jpg,0359
800e44e48505445e999e3ad863c27ef4.jpg,0111
801237f78d5d49169da5fddea3318313.jpg,0367
80140cc780624343bc9330457e073fd7.jpg,0353
8015df1092824dc080568343c1e1fe8a.jpg,0134
8016350a095c4193a01aed00a6bedbda.jpg,0146
801a33f06f784d88960ab5ecf4c37dee.jpg,0320
801b3a663f474924ba262e065d49bffa.jpg,0224
801daa0d29544800859455c174d2e80e.jpg,0249
801efe4685fa4988ac90a3122bda01c0.jpg,0019
8027f63182ca4c1fbc25c80f259f292d.jpg,0148
8029f621dea54fa6b664ed7af8e51f77.jpg,0360
802e99f9948a4d77952721f32a350003.jpg,0457
802edbcac6e24349962df1d4c09299a4.jpg,0236
802f2cab2d9246a487a864df18979724.jpg,0243
80373a1be0bc4e1fb8ba0a45581b3feb.jpg,0323
80379286437f4c8e83bb3b636cfd0cc0.jpg,0483
803e33ab3d084ab0af2d71520ca921c0.jpg,0403
803ee94c2b7a4e1b96476082a615c54d.jpg,0223
804389249bb34eca8700f37c598bf77c.jpg,0241
80481d8bf09944c58c3624f270157e8c.jpg,0256
80492f81b75d479493c6789bcee55f42.jpg,0196
804943e8cc5c454f8b3698867388973f.jpg,0033
80496340a77b40319f6a30c8714a38b5.jpg,0239
804e212a08af456d841c1f6b3f0ff158.jpg,0209
80512ec2324e4316a2e7a1ad40e69604.jpg,0097
8051492563b24d44ab88ea498dddc96b.jpg,0397
80519e27de4a4a2d9ab6f330115f8ba0.jpg,0085
8053191e24244c0aadc8b0d64f70b2cc.jpg,0283
805803b637ca49b38817482a1521f0b5.jpg,0319
805866e8277a43c6a7a54149679805f1.jpg,0458
8058e6b8bd1d443f8d0bc5b5a6edca8a.jpg,0423
805d241c607044beac29fe41ddad7295.jpg,0468
805df7ff73514dc69c0f43ee1eec412b.jpg,0428
805f4de834e2451497c9263051839548.jpg,0291
8061ec87e5564073863d3f1f735eb6df.jpg,0420
80639b8df13242cbb5fd77812313ce40.jpg,0009
8063a6f84490446482fcb57b4ba8bcd3.jpg,0205
80686f9369e140e0b68341107aee17f2.jpg,0213
806a9bf8041e4cfb9225d80a7e9c2192.jpg,0089
806dc0447213435fba25c76076be884f.jpg,0274
807044e83ebe4d3fb40730d0bf9a03a9.jpg,0370
80729b0274344913bffdd36dfef63579.jpg,0434
80747ca423df45f2b979831e1386f4e7.jpg,0435
8077280328d0479d8b9dea85a2146006.jpg,0002
8078303c083648d4ac60239d0d90b4c6.jpg,0357
80785ecc72814094985f743445f5428e.jpg,0466
8078ed13116d43f697921cf5c28ff978.jpg,0216
807a80606fb34285af30399f4d8420a3.jpg,0055
807c7d04fc7041a8869d660f26f0adea.jpg,0477
807cfa40f5394621a15fa379af4f5aff.jpg,0095
807f451366ae4aa8ab308de158c64f85.jpg,0006
808be2d5041a498eba41ef01d5498af6.jpg,0351
808cd06b8caa4f46a551d55762b14bbd.jpg,0081
8091214c3743456a9cac8bfe0bc6e3b5.jpg,0072
8093712096a94ecd9c07a214648e1324.jpg,0098
809576dcd14848dfa9d876ba1d306327.jpg,0363
80a00c3632714d719cdf154311e6f737.jpg,0131
80a38ff8e99c4056a33a523f718a5614.jpg,0065
80a73348f4514eeda758dca8328d01a9.jpg,0463
80a84a7ed02647d9bbbf0ac6f4aa7a40.jpg,0440
80a8953db97145b2a124d9c00fccbae6.jpg,0281
80ac1b9e875a4f8289184be37c700d0a.jpg,0475
80ad67620be543518d1f10d8fb062cea.jpg,0099
80b1aa5556144f2cae61f142e3c0ca4a.jpg,0477
80b32a358d8e45cc8d6382ba7db4b9e9.jpg,0292
80b640cfbaf64d86b0153bae2949e035.jpg,0122
80bbfce91b7b4ca78a4ea77ba0620140.jpg,0023
80bcb8d71cf6487a93918fc5b9ef178b.jpg,0423
80bde897013c468ba8e4bac9858859cb.jpg,0449
80c284142a894baaaaf4f6a701bb459a.jpg,0190
80c31bd12e8a4bc0974b4125ac9808ca.jpg,0237
80ccf38b8b924112aadecfa2e5290631.jpg,0126
80cd3baf9d1f4d8286a0940f87bfe9c0.jpg,0409
80cd4307bcdc43109440c9ff3326286e.jpg,0278
80d7489aad424888b7b635aa7c9492a9.jpg,0081
80d9139e508f45658dfa58bc555299d8.jpg,0004
80da6fa06a90453eabd404b0cf824943.jpg,0199
80dbbd3bf35f44f6804bcd9a47f12bb2.jpg,0197
80dc8d0835bf478c94886f2e87e528b2.jpg,0159
80ddec63b6bc4012b9d533d438af6cc5.jpg,0235
80ddf412f6b74ec5820b4103521d6462.jpg,0408
80e140d9ee3c49f5bca428704405680a.jpg,0006
80e172149d7949c8929497ba94399fd1.jpg,0052
80e24b2c90bf450aa2f473ce7f5ce0f0.jpg,0450
80ea387b33da42adb1cef671ae2eb285.jpg,0414
80ebc881e77f4de8bb15cbada0b6b31b.jpg,0429
80ec627e920143e2ba0164daa8a115b4.jpg,0317
80f33c9b130c4d3d873a693a8e56937e.jpg,0484
80f71a01d42b452ab7d893ee836f4252.jpg,0055
80f8d5b2588d4a239481068ce5471ce4.jpg,0023
80f90fc96e2c462ea23d42f1dbe63913.jpg,0187
80f9cf6c2da24e13b16f77c61ddae46f.jpg,0375
80fb3dbfcfe042069c1eaeb9177ff7bf.jpg,0328
80fd67664e564d9291380795a785d307.jpg,0156
810636f88873416b83a4cc0471624d04.jpg,0011
8107059df1e446868388c712a84fc2c3.jpg,0289
8107235528ad4351a85df464ff1f8bab.jpg,0360
8108a7175b3f4bb9b0cc7a2ff8d68ba8.jpg,0072
810f9373f2984e039ab0f40bb484b06e.jpg,0498
810ff08fab2e4bd8984a662cf5a5d79a.jpg,0130
8118793e4c704c138b1a9d4baa17114a.jpg,0465
8122785bcaf8424784a73718550af3c7.jpg,0025
81247a6a75d540bea6a28e768729ea3d.jpg,0194
81287038c4eb401c905e9b9e1303e55f.jpg,0361
81292886f5c04e798f3759abccd6055d.jpg,0272
8129eb24d9c84117ae10694d4e010920.jpg,0360
812ca0afd00d4deeb9e19e03cbf9c4f7.jpg,0377
812df9a7d5814dc4852c7767b2b84c6e.jpg,0198
812f35707f0e4177bd01a41616b2ae4b.jpg,0416
8131b7eed48d41009193e06742727b3b.jpg,0051
81326342a62e4ddc9a00b11922893f85.jpg,0232
81334261ef7442c7a56eb39a41882cf2.jpg,0128
81380376750b4acb9a6bb04420789c9e.jpg,0248
813f249959e7488c89426e7fdeb73673.jpg,0034
8140835cd17740b1a8fbfd33b9cbad96.jpg,0433
8142a4dea099433e8071125b5959346b.jpg,0027
814a67f800844e6fa9a14cd0ce02a5d5.jpg,0129
814d1d0e1a3f489b9566248745ddf289.jpg,0321
814d8d5d42f34eba976f714326ee493c.jpg,0469
8152bc618c454f2da248076a3d26d587.jpg,0067
8155abeaa22840f7ba3a52c33d742527.jpg,0499
8156c5e7b0ed4a47ba5a856254d3c0ac.jpg,0101
8156ce5310754020ae2d0afd3dcc0f96.jpg,0444
81593c09574c4f57a058d07102a718b6.jpg,0264
815a348bb033456289abe030ac11f36f.jpg,0253
815dafc582b64ea8878400481a2ae31f.jpg,0239
815dfa50bfdc4664aca05b56a38f2238.jpg,0448
816217eb98aa4c61a0c4872e0fc15a5e.jpg,0324
81638b48f54a4b7ba260f568da09ff84.jpg,0293
8167db57a6b448a6b2b0e2ef60dbd7ee.jpg,0330
81691efbbbce418ba52ea3a438492ebb.jpg,0291
816d20ded1004db0877212aa99f5cdc0.jpg,0283
816db809afd24a7ba4e9fa7126be476a.jpg,0495
816f98e3c7994b13912631f8471ee86d.jpg,0086
817312096f91405eb741c2031562aa86.jpg,0193
8173652bba2a40cea0e2fca6ad36c884.jpg,0488
8173bb679e064804875d9472d06fb5ad.jpg,0218
81776ce367cb4f209b9d2f88466b128b.jpg,0031
8178c5615fa2465696127b824e3d23c4.jpg,0125
8178f8b838f147f98220bec7d63d37f5.jpg,0423
8179606ca1a44d4883111fce6aeabc55.jpg,0445
817b437d3c2242c186c4c509cd390138.jpg,0298
818227222fb340e89525f9fe58bbb3f8.jpg,0355
81830a92cc794794a3b532c86d498ea3.jpg,0005
818ae2a8629049e3b3fb19d0e6847bbc.jpg,0002
818d5b5ba1af4d2ca19c5a5551bb341e.jpg,0011
8191fe0d14fe4fce82fbbdcb177c1bcb.jpg,0393
81933bc6ba564be3a225862ad0a51b21.jpg,0178
8197906e0f9543108995b09c7e0e6213.jpg,0276
81984ac8e109467d93f6c02152a94dde.jpg,0496
819c561b7ccc46dcbc090cedd5577aec.jpg,0468
819cb8170b594b89a089085f02e96c67.jpg,0086
819f504fab5b4d02a62762982fe0bb1b.jpg,0223
81a3f6fe5b4449a39be9691c58eff389.jpg,0063
81a40182110546e893656d5394840c7d.jpg,0491
81a55ff2c3bd4d8f886582f62b93516e.jpg,0277
81ac5c1b37124e60ab677cbb8c6024dc.jpg,0065
81acc89b125a4565acbb41870da73634.jpg,0180
81aee1e237a1458e96f2b8fb69bde6fc.jpg,0260
81b37c71597d47948615cbb84abc0432.jpg,0202
81b3aa93992344d48f37eba35878eaf9.jpg,0144
81bb589727e34f3bb19f8e99be2a1c90.jpg,0485
81bba826c53c4c8a82f61b8632edee9e.jpg,0006
81bbe5e3cd2241aaae38ab4cc2c29aa6.jpg,0056
81bd1ea61a82467b8890364911242b6e.jpg,0313
81be1d1b23f04f11985a1b8510c36f8a.jpg,0322
81c2af9488654680888d3a48e96da99f.jpg,0285
81c3a3f1807e47d7acabaaa47b7be151.jpg,0065
81c59e246abf447186db72a18531098e.jpg,0040
81c5e48fe29242c68d41d3fad1babd75.jpg,0423
81c899aaa743477787c82adfbe9f300c.jpg,0242
81c943b6791e4575941c7f6ef668cdf0.jpg,0340
81cda7a3faf14897b08bf065248547cb.jpg,0444
81ce34f4d5c64626a07998017cd8b055.jpg,0079
81cfe6e7a4f54d4c8d2fe174dae0a243.jpg,0400
81d42dc4af8b47e4beb8e5b83c4bcd9c.jpg,0361
81d4f18f1e36478ca0156ec7cceadf77.jpg,0483
81d5104e54394957a14d67cf456d7df2.jpg,0480
81d512e655f24211b0045cc4602e8815.jpg,0029
81d6ca36bac24f08b210cbb8915cc88b.jpg,0368
81d8140b3955405eabd9ca5713e8ff94.jpg,0223
81d881cd99344359b55d61bedf7a9997.jpg,0340
81d9ea2b0a39440796a369e29715af4b.jpg,0259
81dab673cb4f421785137fb8a93d9ec0.jpg,0102
81e31e144b404a4e97daf709dbce9018.jpg,0299
81e388cf7f894ba99b9721a5bd302109.jpg,0376
81e3a3f42c7e461dad689c5f45fe25f4.jpg,0234
81e3d97f23e849ee82f16dba8d2ab687.jpg,0411
81e84c6a75b34c819c3c7c754993eea9.jpg,0060
81e8ab372415496f93f9be87162ce31a.jpg,0222
81e90f4dadf348ffa0aba3901a43f4cd.jpg,0069
81ea4bbd2e9d4ca190a72622f87531ab.jpg,0325
81ea85304dc64ae1a9fed212d0e2572a.jpg,0168
81eaffd490ac40848e466a8a5f6eb77c.jpg,0127
81ec8bf7cb714c92af05a8fc3bae7f39.jpg,0340
81f0feee3c8c4774ba1fc0125871a409.jpg,0471
81f12e0276c34311b26bfe2fe7a5c62c.jpg,0404
81f4da915da04658883303ead58f81cb.jpg,0271
81f56aa5221841cdbaa860ee30fe4678.jpg,0387
81fe6e39d65a489ab9a0d1b5f26bde52.jpg,0313
81feedf0f3be42a2ba73267ab3557da2.jpg,0064
8200b08f968346908577b5517622a461.jpg,0023
82039452d7b1411faafa57652a37bed6.jpg,0261
8204e8c181e74506af891f3125a425c9.jpg,0463
820653c9ddac4ec783df249b6252801b.jpg,0113
8209990387b74a0f9e8a397fdec96fbf.jpg,0128
820c5706ae3a4428ad720efff52cabaf.jpg,0183
820db7321bf74d1bb3b7135a2db7d1a5.jpg,0074
820ea1f923574848b620616969d86b77.jpg,0277
821026d3427e4ca58eff0a9d6b739136.jpg,0357
82117d521514458bbe112600244813a9.jpg,0094
821344f8a20040f8a35b33f8768dd92e.jpg,0395
8214ccf730b74838814ed603b77a7db0.jpg,0417
821525e500284509b7a46e7b3993551f.jpg,0481
8216941ef3d948fda60971eefddec9ac.jpg,0028
8218fd4bb93845a0a2b5e50fdad5c52d.jpg,0450
82196408ec5e47d3aae468bea0853b6f.jpg,0307
821a9606a7f548498c3e80afb969f844.jpg,0418
821b662236e34b2c88aa10bf879a60b8.jpg,0287
821ba100dcc64350b0712dae4ef9f3cb.jpg,0005
8220774acb514866847069616728bf30.jpg,0084
8220b86f6701496c8a040a724e9c5e1a.jpg,0399
822324825e044e2a906afb6019e25cce.jpg,0447
8224b2b0f56e49bbb9de924246d84b1b.jpg,0375
822834734dcd41749201887e914798aa.jpg,0115
8228dc8702684c28be243237fe3e651d.jpg,0212
822937e3826341bfa4e717ead0f17c81.jpg,0445
8229c40e8e4e47d7996e9701efc7f5b0.jpg,0172
822b35eb7a904601873331b71657ecae.jpg,0493
822c29bc1a3e466eaabb5545a5daacfc.jpg,0491
822f1e096fd642eaaea2a6e072b36fb7.jpg,0223
822fefab6972494e88c15595afdbbd80.jpg,0462
8230c21ac5f84c618fb53a31867bf2d1.jpg,0381
8237b4f434ab48b7b666bee2380fcf02.jpg,0397
823fd71fa31041379aa2cd00a014f2a7.jpg,0185
824033cf3e1c48f48780de998a8118ac.jpg,0027
824046e73cdf420fb22974bd7ef09945.jpg,0390
824068f6c100416598954732942706dd.jpg,0318
8241ee995b664139b32e9ed09e21d09f.jpg,0407
8243970fd2ad4c7388c45a17d2105a65.jpg,0203
8244f239c3d445b6a280ad66b3af16a8.jpg,0056
824522adb706479ba97ef1042caaee45.jpg,0318
82488fbff3694496bc7be88aaee493e8.jpg,0356
824a34458e6c4c28859eb380be271af8.jpg,0054
824a839b35c44f2db0834b1cb4648c3e.jpg,0417
824bbfeece44490d9751f490867ebf37.jpg,0356
824f2c197e2a4b788a6a2308663605f2.jpg,0114
8251cd82ba8e454d865076f5009a1875.jpg,0397
825971082e014cf6b47d1daee6af9b3e.jpg,0360
825a631e59ef4581952d32c31708ee13.jpg,0006
82615af4a79148bf872622ce3269d343.jpg,0230
8263361ecf9f4f21abfeb310868b20a2.jpg,0071
8265944eed8842a09f4d509109e8aaef.jpg,0014
826c7081cdac40bea85e3b0d5d38f456.jpg,0206
826cf60c67334fb7bbb3d5ec1dc9ec50.jpg,0329
826d33f114174af6be6b0fb12615732f.jpg,0439
826e5c7c3f1d4ed5a8666d83e697476b.jpg,0011
826f317381f6406e8257f320eeee18e6.jpg,0442
8271a2b821304c37bac61cb2f12a2500.jpg,0496
8271f6b5721e4c38820f49254d60d51f.jpg,0251
8272492fe2ba4af2a5474fc929e48d1a.jpg,0334
82727a2da6e04ffa8a8955a3dc89dc06.jpg,0099
8274513c6b694afeae229c308451bf87.jpg,0195
827823ec0b354aa790185782d4f8d7e2.jpg,0314
82786511c3074a3f932991421ab269b6.jpg,0283
827a59922b8c48a5914bea25ca225ed9.jpg,0322
8287d0db808f4801b3bc48301c2aa77c.jpg,0279
828d46fb395d405f9929db32185bc2f7.jpg,0045
828e395c253543e0807214120ae3638c.jpg,0483
8296736c944a492eae905ef0d7303f91.jpg,0091
82974ace9d444df29aecae307542942c.jpg,0239
829854ca518b42a2a41137d7043c84b4.jpg,0325
829b5bee17144f4a8baeef61b57f13fd.jpg,0205
829cb5f4983e418dafc64f6445d6b4b4.jpg,0257
829f607bbf0344a39242a3a44ef81ade.jpg,0457
82a2193b449f4078b22750ae0071f6ac.jpg,0368
82b11572609c4b989fdd18a78ac0e6b7.jpg,0398
82b1c29455f545a386b12dced8859a88.jpg,0286
82b3161f3d774b8886c57f5cd50d67e4.jpg,0369
82bb75f28fc447b6b1b6a184ed517f67.jpg,0226
82bbe191ed9d4bceb4f2e7152151603e.jpg,0241
82bf14e177234f72a07a2c318ffa458c.jpg,0261
82c1cb0a12e94e42a79660438e6f0127.jpg,0106
82ca3ccde89f40518ffc9ce76418300e.jpg,0222
82cc27f895c94ef0b2aae10d9d2884fe.jpg,0447
82cc2f8f1d5748b28330af2e261081ee.jpg,0354
82cd4321772247fbac42f36dc414483a.jpg,0494
82d1cd487e134bccae3f84cd3ca0f7b1.jpg,0056
82d1fdb5592a444e9de7b1228ee8536a.jpg,0394
82d2f26611e94bc89a7fd01c24bd8019.jpg,0078
82d3cb68831749f0bba3469277c27533.jpg,0326
82d3f88ede8e40d983f7590befa6823f.jpg,0090
82dab683f5e345a1a408dc2a6856264f.jpg,0202
82de31f9f9a1484f842c8ae273b2492a.jpg,0350
82e29da6051e48ca99a927880d04a647.jpg,0274
82e3a9e68b954cac8484702aa32df5ab.jpg,0146
82e479a77a3746918ac9a0dff488e2a3.jpg,0319
82e704d563f2479bb5be79d443417768.jpg,0161
82e7b2d982d44f9e8a3e17d4e8dd2bf6.jpg,0295
82ec258b83bb4cf1bdce78fca8f98c68.jpg,0374
82eded938d0f42a38b906996f1934d22.jpg,0291
82eed96f2156421d83d7f179ab596288.jpg,0291
82ef1478d7ef4a7d865fe4bf82765a16.jpg,0046
82f3b662e642439f8df7d42a3495d4d5.jpg,0364
83015bdff51b4d64b21f9fbe2d3c505d.jpg,0328
83017d42057c497b9b22cde549128b64.jpg,0483
83056942b69a42148a0fedb13ce5f629.jpg,0285
8306f69be9264fb69c3f3b631c1e224c.jpg,0375
830790738445457f9b71aed696db7059.jpg,0137
8308d2fa90cc4dcb99bed4ea92054258.jpg,0287
830a0fc992a6470ebfb7bc3a6f6b33c2.jpg,0285
830c790bbbcc4ac38f459155178c4b40.jpg,0268
830f014f30e94123a06290f9d01bd6b7.jpg,0284
831889ce88794e8a8b6a6b184f6c5635.jpg,0316
8318905b2abc4676b99f6899ff5b4994.jpg,0382
831f54a7f8c84c539031bb4f7358379e.jpg,0151
831f586470094ee494b3146edad66aae.jpg,0330
832072c70dc34e10a8e6adcc535c0729.jpg,0443
83241bd04f52457ca9e860b59976998a.jpg,0136
8324dcd9df5c4c15a15862a33b558089.jpg,0329
83273c0c80874ed99306ac5670f6fbf5.jpg,0462
832939cf77bc48c1945c225cc75ff7b2.jpg,0283
832a3ad7bb034ab997819d143fa22061.jpg,0350
832da69be57748a296bf9f1c1a998631.jpg,0402
8331bffd4d1a479293429a4f5cc72c13.jpg,0337
8335b59f74f54e57893d97c89d5b2279.jpg,0011
8335cd0d77b648eb96cbb768b160b883.jpg,0307
83387aaaa5ec4f339f6fe158d9aeb40a.jpg,0323
833b98ca07a84c0e8dcfd66cdef5943d.jpg,0461
833db4d9e84e495098b414cc23bb79a2.jpg,0011
834179c4289e47a2834e882db08f90f2.jpg,0478
8341d86d987a4ea1b6078b6fd9cc37cd.jpg,0001
8348aa67401e4a98a479acc2279934cf.jpg,0114
83494768adc74c48aa741165d8b43317.jpg,0053
8353f1f1eb9846e39ccde84dbeca1eb0.jpg,0143
835446742ecf4cf48e45938e549413af.jpg,0273
835528ffa0a648a4a107ebd12f6be788.jpg,0301
83575e04e6554f15b4bb6ea855b7ba0d.jpg,0233
8358b5eb2ff9441c8393249b471f3dc7.jpg,0294
835a8dcd89134e2d90f4139e80e05f1e.jpg,0323
83602361c5084562981427a6a0bf8719.jpg,0045
836698e318154f7fb3adc77aab22d063.jpg,0418
8368d589882641cda7d8ffa95588b3b9.jpg,0245
836993793dcf43af8c6a84ecf8cb3196.jpg,0273
836e011cbdee446384607c8527295b1e.jpg,0278
8372b088062c4b1aa902e2e8f939289d.jpg,0450
8374920344294e0db8a25111c19e216c.jpg,0279
8376c081b65a4009ab338cfd4739ea48.jpg,0170
837ae8c85b1448c6825379939173647a.jpg,0262
837afb2145454459aa75263729e36f86.jpg,0193
837e1e0390574549af8826dc2b0028a5.jpg,0183
837f877d9cc84307a76f656f993da25a.jpg,0259
8381f2dab3584cf28a16998e907a8e11.jpg,0450
8382ffb92d2f493c80b4d3d4110dcc27.jpg,0246
8383ff9a3a184414b978554c2521c460.jpg,0249
8384dff87f694555b58dd1a928dbc22f.jpg,0165
83860499a9d241ad99eca7f1a35a5626.jpg,0010
8387e332c5434d98ae1644a1a405dc58.jpg,0286
8389443f1a6b4defb5957b78bc4148bd.jpg,0327
838ac09e8bd54f68aea2100c4dbc2a8c.jpg,0365
838dbe6b80fc4163bf92788572f9042a.jpg,0418
838e02cafa5d41508d41ca2ff6ab560b.jpg,0212
838f5dffcdb14d0582a21b9553c4b7d2.jpg,0445
838f869eaffe4dd3a24a65a89c65d567.jpg,0258
8395ee5320d440b68b15eb171809004c.jpg,0087
8399ff59b6704622afef9447d3241728.jpg,0420
839ce205212c450882a7289f926ebcd9.jpg,0318
83a0bb03a5aa4682bdc8c5d02af2778f.jpg,0293
83a112b15d5f4e41b4af82fa4c9fcc4f.jpg,0275
83a27a0ca3b4468784f5761540870743.jpg,0343
83a32a865d774c4b9ddf1d26188f44cb.jpg,0264
83a68dea203a4bb7bc1c8919c310dcaa.jpg,0197
83aaf90c98184dceacbdbd336b1af5dd.jpg,0256
83abe5b1834349fcb5ef587a2a9ebbee.jpg,0187
83b2d35697b84854ae0034edef0ed7e7.jpg,0431
83b3e8203a694527a9e06eceec7e7fd9.jpg,0359
83b54c1fd9254c1d9360332fc801caeb.jpg,0318
83be89fbf5d64bd6a74878078bc1d785.jpg,0299
83c62d78bd92416f9c287bceb4c02874.jpg,0073
83c80fa54f6d4ae6bcf08bcf41707744.jpg,0028
83cde2ec529b4dbba8f5540e260c0382.jpg,0200
83ce402fa92742389112acfc94d6970a.jpg,0066
83d08e46ac334c6886cee5257729f90b.jpg,0041
83d09ce9877c45bc95c2a01fd3d65e7e.jpg,0419
83d15d80180c4987844736355f88a4b1.jpg,0313
83d3def54c0a4a97a2964e83fe3df3c0.jpg,0386
83d415279fd84488b434ecf17268de10.jpg,0073
83d4cd5295e94f6cb9d769d5a9950f1f.jpg,0136
83d9ebc1ebee4c5ea98bc09c485b7695.jpg,0357
83db226c689a4a9b9b8ab2cd438c79d8.jpg,0285
83dbe1bc42364b4db548041bf1115fab.jpg,0081
83dd662972444d779449be5bc14dc272.jpg,0122
83dd670f414e43ee897b84cd69b9332b.jpg,0438
83df953c9dfe47dc8111515c4ddc7272.jpg,0100
83e0f36ebc484e5590bf66b8ff224940.jpg,0353
83e4d23c4df642b4bad59aa7ca9731bf.jpg,0079
83e4d5f1833042ebbae487ccd07b6ce7.jpg,0122
83e5fa8347f84e1fa0845fc06720b855.jpg,0334
83e768c32493405ea4224d35841f5f1d.jpg,0207
83e87b4440284f5190e55d923124ee54.jpg,0260
83ead9e2b4514842af153d57169e93d7.jpg,0055
83ed5b4a3789486682120ddf5725bb85.jpg,0457
83edb6aec4044ac1b8fa8d955589b452.jpg,0392
83eef4486d634629adb95261b76b7ed0.jpg,0455
83f12d1a8e2944cdbe5e5de30d6d3050.jpg,0415
83f6d21fc4fe46f187559a976a378562.jpg,0203
83f886b58e6943edb06949f3425ef85a.jpg,0248
83fa95c9c4494997a6007fda529281a6.jpg,0379
83fc99f8e2db4f14896319a3a54ea8d6.jpg,0443
83fdcb019c1647f4b9885aae9b61aec3.jpg,0170
84022162ba9245a89822874ac7785f69.jpg,0365
8408af79294446c5bb24829814ca3e1a.jpg,0129
840ab89a5f274336a37bb14345a2a391.jpg,0450
840cd190cb5a4504b9470b6ef1578d12.jpg,0316
841185813ff74a588ccc82271ee5cf78.jpg,0377
8412078e46b44027bfa8eca8d217fed9.jpg,0055
84130a40b2a9495cbd6ea7d4d941d3b1.jpg,0364
8418e771a8b9400ea74137a8049c000e.jpg,0495
8424a1f00991481caa2f1c41633daaec.jpg,0254
8428e38bf58e4cae8cf58715f0d443a3.jpg,0307
842a611933a047d9a0c20ff7991ede08.jpg,0153
842e5ddd38c5412e8ffde06dc1c548cb.jpg,0099
842e990caf3b48998e09d471e541be4c.jpg,0070
842fca0c906c40a6ad526ce1482028af.jpg,0025
843071ce9c194f8f870e856d6b1bc0f8.jpg,0298
8430e94058044a01816a6625ca594385.jpg,0369
8430f300742d4f948e6d76475d57a503.jpg,0481
8434b98d4dac404fa8a06e7016c42a42.jpg,0239
8437fb9cfc7d4a0e9ef5fd07c8875882.jpg,0123
843c5929203e407bbf7ba6223dc9b815.jpg,0496
8442c0448f3442418bd730f502c02d1f.jpg,0120
84435269b6d9426a9e76b5f0b6f6288c.jpg,0435
8448157d9fa844549c48eab632988e14.jpg,0017
8448251af64c4b8da1f5caa4297e8ffa.jpg,0296
8449ccf4aff5416a96aacc894c9da8b0.jpg,0148
844a09e204fd466a83344072f2291bbe.jpg,0081
844eb21f521748ce959d4d08c4cbb377.jpg,0466
8458139114374a99bce544ff7821babe.jpg,0018
845e7faba7de478d91989a0c2c6534f6.jpg,0364
84638464ee1e4270a17b25265020986c.jpg,0202
8469af30bfaf4f4193f0588d20181514.jpg,0424
8469ce61b5644870ba4e632111b54748.jpg,0140
846b1ccba9d44fc9a6075f3075bd1faf.jpg,0053
846ce514c0714a21b59528f83fa27f91.jpg,0023
846fe574d69f4f6d849fd949f81a1a54.jpg,0235
8471f6dc6d5047b288d0021125308ddd.jpg,0387
84779cd77c654d5a9e6a4a8ea0352f57.jpg,0489
847877655047457b84ee958461f9641a.jpg,0306
847d67b3bc9e4fbf8e63b51060c7bc43.jpg,0328
847defbfa2cc410dab715f37e1f6941d.jpg,0472
847eae8d3ac24e4fbfdda0c425753c70.jpg,0024
847ff36a1afb4f258a2386b5c642614a.jpg,0153
84811207e3e94ee18fabaa17dcfa444f.jpg,0239
848151ec6eda46c28094a7d3e7d9a725.jpg,0121
8489a2ec676e4eb497b22c60688522e9.jpg,0457
8489fd574a134c9298e98e635eca3a37.jpg,0406
848bff4b0dad4f95937970fed7d39cf2.jpg,0122
848edf6a55d84986a43d45b0adc81a74.jpg,0208
84901806f80f40d19117f1b28f3398b3.jpg,0246
84909687ba16438eaf15cac3a743238e.jpg,0207
849681d57f0b40d69f17ea0d15ce7fd2.jpg,0055
84994d8f3f1b493ba3237ce5a172cba5.jpg,0274
84a2915b23d448698e2e25e82792d572.jpg,0072
84a29c78d0524e5189318045eac6c449.jpg,0071
84a2efdbd14d43e7800f3c388e4183cf.jpg,0330
84a5fc7c369448b1a0017a1a4e7f08dc.jpg,0046
84a6f477bd774462bbdbb78e12c39691.jpg,0077
84a70941f1094a92929d1d62f8d7e5fa.jpg,0146
84a7b44e427e4859b5cf16d3e6b086fe.jpg,0105
84a9ef95c2174a658466ed33d093d88e.jpg,0444
84ad271ff6a94499a983fcf6b1356997.jpg,0104
84aeac93525d4012a9b108d7e6abd3ae.jpg,0126
84afd5ff1bcf4d2ea3a7e20eb61ad032.jpg,0074
84b2e346c0b644a3b3a8bae0aa29ef63.jpg,0080
84b5fd4382b44932adeb68a5064bc3d2.jpg,0355
84b74e6857474147a135f6579aeede15.jpg,0021
84b8ce70f1024bc591742c995d1dfd07.jpg,0257
84b8e3f2d98a456e860b0e416ec16271.jpg,0491
84b9c4ca467e4faf95434bf9a9dfd682.jpg,0269
84bdb37be294405c974091f0dd0c118e.jpg,0412
84cad9d9ebf3459eb389f591b0ea0e6b.jpg,0455
84ce857991104b7e9ea14239b7a250a3.jpg,0062
84cf067d55af43b3a76b97f2109aa121.jpg,0187
84cf90a166724bc5982e0741d81d5f1f.jpg,0484
84d15e3b21df475189c4c793968ccb92.jpg,0479
84d1c206c1094c21854ed2e0b1ed922f.jpg,0050
84d4a4b597e64aba9a82e779bec44029.jpg,0087
84d5e40e06a74e2e8a0f5102f26f82c2.jpg,0486
84d94ad6919d4810b63b1689460c4964.jpg,0192
84ddcaeaac81467eab9c466d6bbd7b6c.jpg,0428
84e3250789e44a7badbab95de89c836c.jpg,0385
84e4dfde9e4e4a38966aff4a51a341d7.jpg,0047
84e9e247943a4c9180999cec5ed49086.jpg,0148
84eb2ee6c5ea4a9a842dd5580d66b8e5.jpg,0226
84f0630f54ac420da3feadee4f0e25ab.jpg,0365
84f51b5911994af0bcd7532ab39232fa.jpg,0472
84f6102260c14a898656e10ed3d6486b.jpg,0300
84f67086ef6e4e77b9d94a55648f8b76.jpg,0338
84f7e029b02c4b52b8bece7ccbd0964a.jpg,0440
84faf37f0c6e4390b33b31276fbdeac8.jpg,0003
850251a5e77b4cb4be0ae70280fc38a5.jpg,0240
8503d79642bb4f34aa217730a689e319.jpg,0073
8504cc5bbe324c61a3b687a90c46403b.jpg,0244
85057fd2c9a1465b9c627fe50ce6d6de.jpg,0359
850bc60d2d7d4f229a8b2a77f8839b78.jpg,0389
850dc3991b704c35ba6a8eb371261c33.jpg,0116
851225b9b0394cf78185880e91876d57.jpg,0440
85169ea5efdd4fe3987f8052a1990f1c.jpg,0206
8516f92f7e804ef4844de68cc6fd4279.jpg,0386
8518d553b6fb43768001bd6e9978c528.jpg,0009
851ade4efb8b45818d5be564345243f0.jpg,0470
851c79c9045d47209373f9843505ec2f.jpg,0066
851c8df51aaf432db41b37d209cdbbc7.jpg,0491
851f28ee2dcd4f1d9f9aa49cb39f32c5.jpg,0327
85206121ed96494e8010211e216833d7.jpg,0072
852503f870d94fcc8fae9aaa5829c239.jpg,0005
8529840079704692b9de8eb22d082b25.jpg,0381
852b3729963b48fd98ebb0dd27b9bd56.jpg,0385
852b4fe46af14e1da5ce13459df89b2d.jpg,0048
852d5c74b1114b86bb21317e7591f789.jpg,0437
852de61584964bdd824025d994f50318.jpg,0295
852e275beffc45a9847ba6d9a9513cff.jpg,0252
85306c75c23a4c9ebcd74cd4d835afb2.jpg,0163
85312f5a843e449188a7e8a0c3a71f54.jpg,0439
85344e698f6f46b1832ac9ffe0953063.jpg,0104
8538bf09fe2f4db4b8a1e07fb84f54a3.jpg,0408
853f61cd96dc4ad6ae2ad0e73e5d1fe6.jpg,0398
854019fe13b044509a27a596e36c9c49.jpg,0146
85415a1d8a9f4c5ea41f3e3a84e0e49e.jpg,0472
8544050b496749708ed0ac4226c8af7e.jpg,0298
8545436510e5406da1503f824aed9b61.jpg,0093
8545c2ac53a04e328fee1e7ae4bb4cc6.jpg,0001
8548430a21e749918cf4813e3c0a7bde.jpg,0231
8549217d191d41109fd83d01ea6e7ed2.jpg,0104
854aa3f87a4f40788997ccdd1b484550.jpg,0108
8551ed10f10b4c2285eb787a290356c8.jpg,0446
8553f81ff4e84fce9a36ace93839e3d9.jpg,0005
8555b9e0e5624880bf4474e12cf01a43.jpg,0086
8556f0d362ad475d87f2715d6b5f3624.jpg,0393
855ae47b749e46b0a2e83b3ee0acd07b.jpg,0257
855d162784fe445cb3a7c47642e4d696.jpg,0234
855f07f58858458bb8294dff35d15e4e.jpg,0339
85632c0e2aa14050968c93c4294b0338.jpg,0442
856384fc52554ff9ac3557c826f23f56.jpg,0485
8564a8be08b141f4a42e65ad1560569d.jpg,0273
8565445967af4b7cbf930488325865f6.jpg,0275
856b95a03baf4d08a53e4c746729475a.jpg,0077
856cc828fd2342b0b88ab0eb8efb3466.jpg,0219
856d38df41414e5a99047656b46b9746.jpg,0152
856db083adf2453eb0a1930338bdc039.jpg,0224
856dec3dee8c446c8f2b4d4facbeae20.jpg,0433
856e16f936ca428a869d3b9644c03a30.jpg,0109
856fc37af3cf4bc29234ce4557d9ff09.jpg,0434
8570f958dd664db6b0241e9fedef76d7.jpg,0124
8575ac4afb1e4bb4ac87f8177b19086a.jpg,0390
8577c0678f344050ae0b17932986abb3.jpg,0290
857a2191177f42ceb4375cccc197f73d.jpg,0157
857fc8d14a7643b699d522a0c5fb5158.jpg,0162
8583530ceced476faa697963775c2fb8.jpg,0037
858da5eb398a46a8a91987f66e39e948.jpg,0118
858e69d18b38413183a4e0a8b7805c1b.jpg,0248
8590d01fbb354e448c32eb1564445b49.jpg,0408
8594234ddf124c38a9e260aa836ae855.jpg,0172
859686242f7a491fad47534933c74305.jpg,0225
8597cd87361443ec964a0444d88f60b9.jpg,0155
85a224647e7440c0916293184acbbeaf.jpg,0039
85a5d21bd3004eae9cb4d91432a2340e.jpg,0163
85a8af718a4e48f0b9813d8839375882.jpg,0105
85a93727311b4dbb954b0d7b58e051d2.jpg,0478
85b05770bb9240508b0c514a568d18ff.jpg,0369
85b0bb5bcbac43ddb97d17493f04962f.jpg,0172
85b267d4ba464f308a78eea4fb0aa54d.jpg,0244
85b26a133d624ca399ef630f9b224774.jpg,0076
85b33ea2a94b4e6eb4cadb1e06c6102d.jpg,0202
85b39e6fe7114aac9b3f699aa137b9b1.jpg,0211
85b57ec442514386b2b8e01e21452721.jpg,0371
85b78088e8bf413fa216143e3411290c.jpg,0495
85b7fea15d4c479d95d43f5f50271afa.jpg,0105
85b87a75ee1e414880973b25644c61c8.jpg,0370
85baa47d2b32449aa240b28613997f1e.jpg,0177
85bceca2faa34f6abe820da3b58e0153.jpg,0446
85bdc1bd05594d628de78034f17e1f4a.jpg,0248
85c576db5b114c3e9272419041f8be27.jpg,0090
85c80855a7f547a5a6ed378395e6ed9e.jpg,0134
85c89d41e58240a28925c27f9d0914e5.jpg,0492
85cb820b76d14d729111210e8cc171bb.jpg,0068
85d505e1354c4650aa6cffc0b9b0d828.jpg,0253
85d7e40a2e2e4d2f83b5865047ce098d.jpg,0403
85d8d133707e4e72a2bbaa029760979e.jpg,0211
85e2add886814f9b964855f3001b55d6.jpg,0249
85e44613aad946379058eea472671f0a.jpg,0226
85e5ab5f386a4fc28012873cdce6b1f7.jpg,0133
85e638771bf44b02aa2a9dc8ac8fd2bb.jpg,0497
85eb46fcd98749f6a72ce2ad786f6284.jpg,0180
85ebf8a49e7e4433b82e0ac29d31fabc.jpg,0204
85eedd2db57f4b1da791cc16567a4327.jpg,0317
860076ebece64951b3eeb5d1169add1f.jpg,0145
860171ce9bc243d5a736444dd4118cfe.jpg,0433
8603472572db413a96600c09e9b435ec.jpg,0445
86047385dc7348479d6c49daf8369022.jpg,0039
86047eb5d6aa4f3cb0d38f67e2e1881d.jpg,0202
8604bca858a44f6eae5d0a8750d3921f.jpg,0455
8606246fcb5c4bc19d08786bffeec43e.jpg,0301
860bdf4c2ea6461790ac5210b1c977d2.jpg,0210
860e6a0a03ec4119b864bdbe1c5d27ab.jpg,0291
860f792a6f214fcd998e58a271ba6bf5.jpg,0494
8612cf10ecac4545bc8a7efdadccd642.jpg,0303
8618c12e9c19476a9d383711656e42c7.jpg,0357
861a39f706a44c2bafdfb3d6adeca47e.jpg,0058
861e890b7b0d4a48acf0ff8546b7357d.jpg,0160
861f1e3e845a47158beb8fa7864a852e.jpg,0283
8620b28ced3240aa8ac34b5057733027.jpg,0040
862e7a44474d464691ccf626cbb4a752.jpg,0032
862f1c17077f4e5e9b565a984ea965be.jpg,0346
8634471d2ef04e8cbcfdf52777258917.jpg,0364
8634a8b183bc4aef8b67983107c051f3.jpg,0055
86350f7ca6bf469389197d56f5814c9a.jpg,0002
863538f1329d4920afba02e93d6c0beb.jpg,0020
8638b91d11b0426ab05cc9717b193c81.jpg,0149
863946c6e45242889b743926daf0c450.jpg,0374
863a0ec06c4e48cbae3f830dcaaf139a.jpg,0436
863bbbef53ed4a8e9c1c0ce4c0f441c5.jpg,0305
863f69ab69ff4f6ea08038ef32c91995.jpg,0385
8642326eb94c45d599a9962bf8da86f6.jpg,0249
864556fcf7a444eabea16f612829f5ac.jpg,0328
8646ac2b0a48482c94da4d2fec53f4f4.jpg,0253
864819e44c1f4755a46b1dd87af43c95.jpg,0398
864a2c01f28649dfabe44ed2a3f65bee.jpg,0090
864dbec25b0043b88ace387cedfef3b6.jpg,0417
86539ee1320141619078b4225289b56c.jpg,0471
8658a9cd20d3403e8cd8d1008d706fac.jpg,0131
865be9cdf01d42cbb6c8f6b330ec31b6.jpg,0076
865d0c1e79fd4cb592801558bc465dda.jpg,0054
86602d22ca214a1f956df5b8c48f203d.jpg,0334
866b409fc3d8423fbb290a1cbcf53a43.jpg,0058
866d9da82af34b9795377cdce7244b02.jpg,0458
866e0c2d23d94ad985adf9e22a57da05.jpg,0458
866e1ab46e904bc4a708c1cd1430a0e3.jpg,0419
866ebc03813f44d894add775df7a9855.jpg,0049
8672b96c118042f88c0b0d8636a34409.jpg,0219
8675e14cf22d48f387f7e879a96d50c1.jpg,0261
8679918cfb1140f49d058be74ca71292.jpg,0144
8685a85ed68b48259921f57beda77cd8.jpg,0218
8686bf4f3e9540e8bf047033fe3b1219.jpg,0218
868782dd4a5445b88e21bede79357404.jpg,0085
868eac5e1592453cafc8a28637c29ad1.jpg,0232
869528b860434dd1b7c5e9db3946d212.jpg,0407
8698846cf03c4403bd9fb33b1e2ca678.jpg,0295
86992e93b6af48e69c35688ca6c90019.jpg,0179
869966f3fbe34fcd82d9dd5f286aad54.jpg,0078
8699cd2218064ed09e40f3f0e508a649.jpg,0234
86a2cd8f977b408ebd3897916a8fe74f.jpg,0430
86a48f7dcbae487fa15d5e2b451ee9e2.jpg,0218
86a4f8537d8f42349e1e21604adfbb01.jpg,0408
86ab2054ebca420f9bc56f71d55a801a.jpg,0155
86adf235b24c4a79a9b8773477890ffd.jpg,0260
86aff44244a84feaa4835ff62ff99ccc.jpg,0394
86b05fb7c1a2479590460ddae48cc38d.jpg,0113
86b1fa4a12b9482186641ac95a758a70.jpg,0043
86b3c21a71244794a5c9a426f5117b9d.jpg,0306
86b4154fdc6a47a0b788f8ba743312be.jpg,0118
86b4f085a48b488f9d91f1001fca8758.jpg,0199
86b68292318543bf93957fef2b897d00.jpg,0203
86b80759d1714915a6ec0f1f98b7e3be.jpg,0216
86b84f65c6bd41639e4d6a88c126d2f6.jpg,0175
86c037c2dcbe44a18f5b7c61af4893f8.jpg,0087
86c11ead351c4c56abb1eac15773ebf4.jpg,0346
86c389ed77cb4d7cba6a22e431c6f088.jpg,0278
86c4aa88f8564f1283392c49cfc694ae.jpg,0239
86ca1559cb884a91961edd6fbc0d3864.jpg,0089
86ca5f314e79462d986c997c3062fc08.jpg,0159
86cee2dcd44f475aafe5167647cce4ae.jpg,0179
86ceeb2ccd574b69ad39babb665f2184.jpg,0439
86d097980dc54d588d114b61f0811eaa.jpg,0499
86d2da422c7f44c7afa41fe6df8e40ba.jpg,0278
86d32ff6feec4f9dba54e7309808746b.jpg,0185
86d6e4a9b4774e8db5357cccc83b2d04.jpg,0073
86e06294fdc64a19baa1314381dbfc7e.jpg,0291
86e64f0edd124a4abd25c9b7f1ff58f7.jpg,0223
86e9df7572eb4a0abe5852571d193f97.jpg,0291
86eb33d7bc10415a85f89d029f195440.jpg,0342
86ec6a2cef2e41118066f9baf5a3dd1f.jpg,0333
86ef4dd6255f42b6a145f978943bafa6.jpg,0364
86f05d1f86484841992169cc2c10ba0b.jpg,0438
86f08c2732b54e259373dca64844a66f.jpg,0061
86f13bd3457c4877be211b5a2a8bf974.jpg,0415
86f34042efba4c53b877a097d57cb74a.jpg,0289
86f3badbed2c4b4b8c2d7fbcca2af516.jpg,0394
86f50a3422bb454394cfa1428b017d2e.jpg,0077
86fa507054bd4b709224874e89096243.jpg,0463
86fb51af9ca545808711e5d7c439aff0.jpg,0171
86fbf5868c9244e688cd54fc701dd4af.jpg,0194
86fc6f60de064bc98e6deaf00455b824.jpg,0494
8700316ecff84d00b71bf3050b7755c6.jpg,0367
8700ac8f370847b6ad4048f7a5e45cdb.jpg,0275
8700cf17904943f1a657de7df3db77f3.jpg,0047
8701d78b922348428d694ce3edb35363.jpg,0444
87033f8130d94c52bca94d1ba0b53958.jpg,0143
870751854ab44e5cab5f6d5231ba53ee.jpg,0164
870ac32f5ad54ea3bd8cd29f20df16ef.jpg,0135
870b47b3897346efa2ebc1c2fe74dd08.jpg,0490
870e28e10f6c42d69940598bf03a9ffe.jpg,0245
8712333fe1814ce286e35ceaf1ce48c7.jpg,0296
87156bda108a492ba7c8e38b710b4b12.jpg,0019
87199da3e6434b898ceb04d1c093a4c8.jpg,0442
871b26b4d0ea47aa8390648fe0112951.jpg,0060
871b6f1b0f9544d4a4d5891f2a273730.jpg,0299
871c82dddd7a42cdb635d29a5febc7d4.jpg,0356
8720fc07cab64266983550473c591c61.jpg,0076
8724c171bee548ee9fcf8690245ca9f4.jpg,0098
87299bab8de640bc9ffeafbb6a9da851.jpg,0127
872bc958745841f9a202524be33eb9c6.jpg,0445
8730a293ef0e47ad957b327629939c13.jpg,0474
8731d2a3f5a145c1af68aad9c6d1cb66.jpg,0305
8733173da4ea457eab7d42063ec74d4d.jpg,0339
8733c5f75c2448f8851220d1e4ee29a7.jpg,0170
87355d76496645259e4cf472e789f201.jpg,0488
8739f09fbb914cf483ca2404e47dc3f6.jpg,0496
873ab06d08fa4560813d3c13e4d911b1.jpg,0362
873e1177dcc04dd983c967c8c3fca656.jpg,0309
873f3e93b9a14a3fb9f0032e61dc8ddf.jpg,0456
874269f639234c3db6e51257cc8ebe67.jpg,0355
8744451ffaef4e2782383853383efa88.jpg,0227
87473bf2da1b45b4a6cc7e2a0ff8ba1c.jpg,0407
8748a37c9bf04d78aad7c6165f02f21d.jpg,0146
8749ff800c5f47e1a75827a52b68abc3.jpg,0310
874aa155677043dcaed61c251e60a39c.jpg,0301
874bcf9cfc3d4d6ab08173af09730145.jpg,0273
874df48bf401483aa5dee99a2bbbc795.jpg,0148
874f9dc63fb042cf8623d1b97c9791a9.jpg,0108
87554fb1b84e419a924423b5e95e5f86.jpg,0047
87567a7550a3416ab8df047a08082313.jpg,0170
875b40e74510423294e19b51d5a9c761.jpg,0215
875de75ce7794520b8a2b30b734c95e8.jpg,0032
8760753d229440e5b894e1375d7e5c1f.jpg,0494
876087e8d5aa474d8a6e9f74333b13d3.jpg,0462
8760d86e06bd46c4a6dda02243246a4b.jpg,0234
876117be44fe4be781413116d9ff541e.jpg,0340
8765ad7ee2e54589bce5f199cae971d1.jpg,0152
876683749a764ea6921f54b84db19b2e.jpg,0320
876c5dc35e464e9abc724c197073171e.jpg,0366
876d591db9e2460ea162be44be4f9284.jpg,0149
876db047c1a3492db6943109f28c00f5.jpg,0447
8773f1a40ea84b3f8ec281d34820e4ac.jpg,0124
877ac2d6666b4760a437a9f441d402ae.jpg,0245
8783808802b54c4793d4a8b441c2a69c.jpg,0260
878486e88da244f39b4595a365e07eb7.jpg,0059
8785f7f72f7347319d784661879bbb50.jpg,0497
878ebdfa3b6b436aa0233306d116c561.jpg,0284
8792ea8a4ef648bca61fc44194f579ec.jpg,0146
8792f8753aae4372816db5a005357abe.jpg,0071
8793034a36e145798ac86c4348455c8f.jpg,0373
879355b44c9641838d0e03886f82dc94.jpg,0282
87954c122f6b4acb9df50df7079b9ae1.jpg,0499
87987ddee5714372bce0d7b725bf080c.jpg,0319
879c02069c954927b6c5755692f535fa.jpg,0282
879e938c874b497a92099e2bff757adc.jpg,0328
879ea46ac6954478a0a3d373d88b9cd4.jpg,0065
87a1a0214ffa4757b952123dfab5b832.jpg,0141
87a22f76b72940be8f365d2dafead526.jpg,0364
87ac3419ac1f41b894dbf149b6dbfa11.jpg,0386
87b3a290bd9d44ed8cbfcbc1083317d7.jpg,0437
87b7ddcf0b324b83bec8318faad8fcd8.jpg,0109
87b8dfaacb11405689d9efa202e279a8.jpg,0227
87c1ecf28c6d4fad91508c76a6a86b6e.jpg,0145
87c3fdea0aa4488fabb9b427e155fa66.jpg,0018
87cdfb46db1c450eb36b6024763771a7.jpg,0228
87d52b380d6341339ccb8fc56d0fc604.jpg,0090
87daba7c6ccf42a5abb2d91333cd5aaf.jpg,0025
87db258a81f14b899234f4c2f4c7f73e.jpg,0249
87dc28b272984ebf97a54f6d604743ea.jpg,0282
87e0bbb8330a452c8c42046635dc3528.jpg,0169
87e23771f0654468b2e1b0b6900c44d1.jpg,0083
87e4cc54f1de45f29945c8dbdce78f08.jpg,0281
87e66b88fccf43b09dc979f3bb9ff11e.jpg,0330
87e8056854ad4cbfa0e4cc57e21e4c5c.jpg,0060
87ea4f7a812a41d4b101688e565aae77.jpg,0075
87eb17823bb34634bdd78956d7ae141e.jpg,0354
87ecb199a476405c8e9bdbf8cc79afef.jpg,0388
87ee107d22a549ac82fb51f265bfafcb.jpg,0462
87ef1dfdd47c47e78cb6a8fbe0562f26.jpg,0260
87ef89d0d85c491eba549b2e1de41b67.jpg,0453
87f440ec25c14578a9ec76228a711ae1.jpg,0267
87f473d437684b3097f837396f99615e.jpg,0437
87f4c074fbaf4f88b77a44d2c3d2ff33.jpg,0082
87f6163ab439406b9f36b6dfc23a42ea.jpg,0419
87f7c68ff8fe4589a1f53c1599d47a71.jpg,0007
87f95afe13034d00ac26b474075a4065.jpg,0499
87f98f51b64c405a8d9cb2f44f9869cb.jpg,0003
87f9b5c24063482bb06f53630800aae4.jpg,0375
87fa1450f67143c980af639da7b63387.jpg,0325
87fb96b77fd8460396afca18f1a0b1a9.jpg,0152
880193f3ef6b41a7b20ff1c0bed2a6f1.jpg,0305
88021b55a1da404ab5604fe8f7858170.jpg,0119
8803b04481384df490ab7dc357b3ab76.jpg,0218
880656932c6149a394bdc143d559a17c.jpg,0467
88072448e767498290047631951a5fc4.jpg,0098
8808b9442f0447009b1212c375f0237f.jpg,0241
880f77ef5a22499f86d0854780b39ee3.jpg,0305
880f925e0c4645bdaf002360d33f3d56.jpg,0111
881525ced6624d679943de98caf425d5.jpg,0331
8818b29750c447f8a0c8337e5c4affe7.jpg,0093
881a534367154546b1da66df8458a9c4.jpg,0223
881b721b63a9476296793c8160fc23f0.jpg,0307
881d952d5f4243f58c1b76b88a40efab.jpg,0269
881fa89d58ab4e55bb39db1b27968af5.jpg,0208
88246abc4d604d418b4728116b0161f9.jpg,0096
88267caee9d74ce9b09a6b1c74acd69d.jpg,0259
8826b6f5ce574a46b0259e9ac83efd9b.jpg,0141
882b70c1bbd74a7aab1036cbc7139042.jpg,0152
882ce3dfcb3546a6b5015db3083b11f2.jpg,0245
882d7ceca5294e58b798733ff8144606.jpg,0462
8835e70aff88479aa6fe80f85afb99b7.jpg,0340
883695fb34694c46abc27b4f1ce87529.jpg,0089
88382f57972341afb00f1d31b67d1b77.jpg,0228
883f3879a8484e6489259786425798e1.jpg,0226
88401ed3ad454c08a64bff2ed73bc40a.jpg,0008
88413e695872480ca8a19e47693cdf42.jpg,0282
8842780927cf491e898c1f2e73b0dcfd.jpg,0183
884527833d3547c9854297cfb51e41ce.jpg,0179
885dac95716e4279a62b0aa99fb4618f.jpg,0025
88638eaa7dc24608a6ac3cd0d7ead6c9.jpg,0105
886469e0fa1944979be86c60a810028c.jpg,0435
8864f62f4e444b1d99f8f93588aad64e.jpg,0339
8868d01b5e834f3a9b040fcd5ae1952c.jpg,0290
886d835b4d424d13a912892ac017f883.jpg,0378
886da773ab714ae68975cd5f0ebf1ee6.jpg,0245
886df9a4f32f485698549676b1354f34.jpg,0457
88741c6069ac416597d2b402cda679cf.jpg,0307
8874b2b60184404ab43cbeda23cfaa97.jpg,0309
8875be215e7f4b92abee0daa54f0c915.jpg,0150
887664c0f40549f48663dab519ce3313.jpg,0327
8876e87e508c415eb7d07880946f523b.jpg,0352
8878579ee1c94133b04d6c45348f206f.jpg,0480
887913cae8754a3898a8b196b5375f38.jpg,0128
887c88b1cdda48d9876c915951eaf898.jpg,0412
887d289ac0f9456186ea8658a9dccb48.jpg,0041
887df945028148eeac3334e69a1c87e8.jpg,0233
887f17845b4a4a5d8dd02aa9ab916c52.jpg,0305
887f60c7a0f846b9add43f288678c712.jpg,0027
8881a308429b4c74a169723df39ff1d9.jpg,0092
8881b3d520c8432996d6e6ff07160b6c.jpg,0426
888856323bc44d598724ca988c123fcf.jpg,0267
88894b20a6e94b14a8de10b4ff09afcf.jpg,0403
888b8c3665294a11b07406885ca966d3.jpg,0051
888c03f0f7c647dfb348cc55761fd5fe.jpg,0273
888d56a85191417a963dee41aaec29fb.jpg,0096
8893678c4f0d4c938dca6a68517664d6.jpg,0339
8896e7b20a614b4f8416d30b27006f62.jpg,0218
88977daf8ab34c50808f6e63248c52e2.jpg,0154
889adb4f7bd64cb8994f3fc4d0642c2b.jpg,0250
889b858839214cecac4fc14410877ef8.jpg,0151
88a03abe3fd64ba7a9565d6270a8b852.jpg,0040
88a40fdac3a74698a1291c58c9286ef3.jpg,0432
88a51137c328419c99839e5034a622fc.jpg,0397
88a87aaec8cf411f8e4c5241e6951e8c.jpg,0246
88a9d146f32644a895aabc128b7cf6db.jpg,0011
88ab8b1471b3450da392d50439091cb9.jpg,0349
88aea0e067024936945fc8f76cb67530.jpg,0031
88b02fda9e854e5ba8b719d7424281b7.jpg,0201
88b2a9a25cce4cea8963c63e4ad4b9c9.jpg,0322
88b35d14ff374e10b4ff43e33ed1dbee.jpg,0456
88b65f726238427aa5772302ccd5d095.jpg,0133
88b8cd3e5b1f4d1aa93973feec6a6794.jpg,0372
88bd326605ee4893ad3b49696487444d.jpg,0073
88c4e2de7eba4b5488f91d2578f7ce60.jpg,0483
88c51f742fb544ab8977e4c38516d8ca.jpg,0273
88c6fa00f98242bf969548b8582d5895.jpg,0419
88c880ce1d46414dbdc2ece2ab91ae7a.jpg,0226
88cb1b4708554da99c8ba5773063cdf1.jpg,0360
88cc4151a28e467091037f6dd2b6c7b9.jpg,0001
88cdf4756eaa40b3b48e2396f96d315f.jpg,0380
88d5f7adc911421088e8ba769bfeb67a.jpg,0450
88d7af949ed94a3ea50f2e1b365855da.jpg,0120
88d7daf048f341bc99728829ef6447df.jpg,0092
88d7dee829514a1c9c0c3a77ce83a811.jpg,0083
88dd22f06356406297a26587165c9c7f.jpg,0448
88ddd46a656d40dc9e51e688d6189ff3.jpg,0221
88de3e8e206c4cfa8ea61502d5bab5f3.jpg,0436
88deb38fcf224578b8fa0effcee0f458.jpg,0013
88e2589154af4d96a3b5737205fbdf0d.jpg,0462
88ea0b04694a4a79937ae8e5b7a0e6ce.jpg,0446
88ed6b73d7e14165829b483e271b02de.jpg,0266
88edb1d2980843feb656fd0ac89662a8.jpg,0098
88eed2a49c024fc08a516b5b14a41ee8.jpg,0395
88f1ea22c71c419baa0a7c1abe325182.jpg,0464
88f3424e11a0413a890d6fbc14405ca7.jpg,0192
88f3797f78174f41b1ca5901165cb732.jpg,0071
88f3c03105614d1f928fd4ae00544c17.jpg,0035
88f532ae9e7547da86079c5470686e4c.jpg,0222
88f6b75a807749aaaea52f3fbe9a7898.jpg,0046
88f6e3e31f7d48208fdf5c1836086ce2.jpg,0494
88f8c47f3d074c37858f4af4f4c8927f.jpg,0465
88f911f1c8244942b72f7a174a5a6ba5.jpg,0231
88fe2d642f0440e8b665378fcc94778a.jpg,0363
88fe8dfd6a7c47d396d1fac3e6c3d6a6.jpg,0310
89027fd6574e4f4fa679bd72ef5d2e8e.jpg,0480
89029cf161dd452d91bb98d53bc1edf8.jpg,0411
890330dc07964df197cbb0c491f41c5d.jpg,0052
8906c73588b14c2e8b403f8e58e8b5d8.jpg,0267
890f711312424400b418afd7ffbc722a.jpg,0099
890f990292004ec791a75ce5fa5d1222.jpg,0077
89119439ef114e2dbe4deea83d3095a7.jpg,0083
8914873b055642ed93f86e4ab756442e.jpg,0370
89177c1bcd564a6d89dfcf2465a68ea8.jpg,0411
891d65bfced74874bcf536c3878cbabd.jpg,0202
891d86b381e64e24b1920da56ddc589a.jpg,0164
891db25bfa144d1eb4a40affaaeaa547.jpg,0402
891f7a74fcff47ca9cd2cab075eb7b8a.jpg,0009
89222078390a45bea052fe74e569fdf8.jpg,0415
89226201b32b42319125be8dd05cacc7.jpg,0351
892331a9ca304124b3328857196bdbc9.jpg,0283
8923fcaa2d954612a6dab62412f649ff.jpg,0338
89268de43fa04f8caf1a066f6fca90b6.jpg,0062
8927ad1658b54455862ee5e643952c87.jpg,0045
892839afacf040099d29482453445d68.jpg,0156
89285eae0dfc46969f8b77b64ef44fd8.jpg,0038
892ad84ef9cf44d2b9cd4fc46d9e015d.jpg,0107
8934f6390987480c9a15d47cdded1dd3.jpg,0387
89361b18aad84ee9a91b74e189adc665.jpg,0328
8936f30ca72348a0940bce2a6fa3112d.jpg,0420
893a2576b0b74bb58a5680a6bd28e304.jpg,0006
893aca0d10354b84a457c41adee8ad6a.jpg,0226
893acdccaa094b73ba9ac0ca60e758c4.jpg,0169
893bb851512c486bbcd3c1b0372fd843.jpg,0067
893ddfeb8956439f884380f7c903f535.jpg,0149
8942551a68e5470285c31cce21446bcc.jpg,0224
894574e8820b4445b7469d0c20f14db3.jpg,0296
8947439a3f8d478cbf2b6439868990fd.jpg,0087
8948bbf8bae847bdaede4e080b5e782b.jpg,0161
89498bebea914f6c8e823cd6aeef01ff.jpg,0408
8949f04247934e419bfd04111681269f.jpg,0228
894b206d7bd84d7ca123a6731fe7d381.jpg,0009
8954dee2b08e43dfaf95943865778335.jpg,0113
89558ba72aea4416a83604e9f81afc0e.jpg,0250
8955da09d2a24fb39ef1077b604674e6.jpg,0110
89605d658cfa468dbbc75e57f301f488.jpg,0369
896a22533e854fbc85ae23f6e25b6655.jpg,0477
896b91caee0642daa71716821d3d51dc.jpg,0120
896cefa4bdc04c0c8b77d8eb0ea231e7.jpg,0067
896d8752e52a4e5e83fef091686be524.jpg,0110
896edd7823b342d69f74f0a795e1cec6.jpg,0445
896f4d226a8b42d59d2620c6afcbfcd7.jpg,0048
897036ddbaab4b3cb752da036bfd4624.jpg,0369
897091bf96124ad88e3f2cb55aa585fc.jpg,0100
897ce9da3394464da0b9ad4db22548c2.jpg,0252
897cf76a1eab4e9395d1315e7df50146.jpg,0036
897e0afd4a814b6da73f25ad76f8278b.jpg,0306
897ee0fe6147494cab3a8a6cdf593cfe.jpg,0439
8980d461d1224d09bd198b05ba2c7f8d.jpg,0223
8985557a5e7f4dfc85e9fdd7a695868b.jpg,0439
89884bad4457493090de8940fba046f0.jpg,0449
8990426b85c24fbb8b2ee127510339b7.jpg,0224
8994640265814e56b692aec6e955aa00.jpg,0011
89972b1d9c92476fa7707c09481542ca.jpg,0302
899815ab80b145468a96f7ad6623d98a.jpg,0011
8998528402cb4d72b10915a48f3f17d5.jpg,0142
899e08d5dcd946a5bed7dfd56668b46b.jpg,0177
899e2b3282ca4eba922fea9df330b9f8.jpg,0231
899fc998b2bc43959b32657878f36ba3.jpg,0246
89a05dd023f94b8da086ebf04609b275.jpg,0210
89a324ac8f2a4330b4da2c7196b5a5ac.jpg,0170
89a38e82e03a4abb942ad69c9ca3d5dd.jpg,0004
89a552a0c562476d85b4bb6e65c45a04.jpg,0090
89a67242daa34c07a3612e943505343b.jpg,0403
89a6eea7b57f483ca78838012f7b7f50.jpg,0012
89a6f5cf6ef244f2825ca8b7308be167.jpg,0415
89ac2a8f74dc449abdb1baf66ab3da63.jpg,0130
89ad87db76df4702a0a74343d462d6fe.jpg,0146
89b0fe49a64f48e987192f5155d513a3.jpg,0066
89b27a7d400447bfb9a389b831c53fa2.jpg,0355
89b2f9b9b1fd4447a2518bc15cbe5a56.jpg,0051
89b82b4a15574be1b9e8b3621842d10b.jpg,0142
89b8f39e3a9c4ec1a0c1957289fb08c2.jpg,0162
89b920e2b0f144b284e06084cf2ee482.jpg,0249
89b9a2afd82c4834b84e23232c0d5985.jpg,0384
89ba2453a94b48f691e2ecb2240cc2b9.jpg,0049
89bb5ad2ebfd45d6b5c12171e401ca98.jpg,0323
89bc2d42962c433b834da251febe557f.jpg,0332
89bf9591e457474e8c1596ebc70f3b72.jpg,0108
89c35bb35ae3467bbdeed574fc928677.jpg,0271
89cd70496e78412c9e34e29ee70012f8.jpg,0272
89cde5e84db34403a1677a50e481f288.jpg,0015
89d3e39664074001a004371daa38e5dd.jpg,0451
89d6d33ed221404dbdc92f1739ab94e8.jpg,0453
89d8794b43154e408a3c5d625d356093.jpg,0320
89d8b5484aa54ea7a9bb1ddb84e4eb78.jpg,0198
89db707cc7cb411a8972fb2f79886be1.jpg,0498
89dc50053df248759e7a0a5d2b71e799.jpg,0114
89e2cc2d50d14b08979229732caec76d.jpg,0038
89e40af6ae2947eab17f98be2a82c8d2.jpg,0290
89e4e0e99349415aa76a9c4a5a72c89c.jpg,0232
89e5648124944c2db44b17495173c70e.jpg,0124
89e602eec4644f089100c42c8acdfc62.jpg,0244
89e7d9e6032c42209e9857e7291e133d.jpg,0033
89e7f0d6c0e94540a08319ec617541db.jpg,0310
89e8b709a481429f937fe93a17086583.jpg,0360
89e8efb500704a9cb138ce479957d781.jpg,0068
89eabfd547a04d10948eea6089004d16.jpg,0037
89ecffdab6b4450fae51e67954cfb969.jpg,0280
89eebaf806c84e8d8dab49083cd445c1.jpg,0274
89f09c66cda64ec88c68e7c81fc71f3c.jpg,0496
89f19dc2a1cd45e5b6f0d7fad9d99cc8.jpg,0235
89f36ea8689d419883317a307e49d175.jpg,0172
89f44d102f0e4f138e46f781f5ef4399.jpg,0449
89f76d05714d4f6c89d8799a0fbfffad.jpg,0352
89fb37a9c19d4de08e10e52b09fd24b7.jpg,0327
89fcc316ce6a4ff4871283be63c9fac0.jpg,0276
8a050e10500c4c9dbe73b4c66406c016.jpg,0423
8a0ce9efd70b41628d8166f1868492fe.jpg,0292
8a0da8d6cad44ada97d31b2f8ceafb2e.jpg,0354
8a0dfb7027e344488d336c9af3e5e1fd.jpg,0476
8a1147da16eb413c852d9a4bc5769c9a.jpg,0201
8a12291462ad4b10946c80720b469ad5.jpg,0483
8a12e04fbd04434a9afb334399f2e9cb.jpg,0010
8a150b80ecad4c47870dade37d01d6bc.jpg,0373
8a17fe43ff324592a2837461e7848352.jpg,0257
8a184974f6dc4ef6b48df6c79db2b4fc.jpg,0353
8a185f7a19444112820d7503c5db4d5c.jpg,0272
8a18fea1305c4e54a98ae7b4bbb94372.jpg,0201
8a199ccd38014ae5abafe81e3fa4e287.jpg,0156
8a1ba490f90646149d1f12d36a1b3ebc.jpg,0493
8a1cbd95c98147d1b2310cb0f8886e50.jpg,0285
8a1e742487824c09ad316e5ca23dabc1.jpg,0404
8a1eb04331b6477a8f62b4a4672093e1.jpg,0337
8a21b4f4c3bb4f7dba7ef693dce29317.jpg,0441
8a26c499ae204ed48c5e9f22d66a61b2.jpg,0002
8a293d380ac74fbaa389b44c85645a78.jpg,0005
8a2ed4ac341d4f4c9abcfa22c981f637.jpg,0472
8a2f11a32f3c49bb8b86293ee215feca.jpg,0414
8a2f1982e7914cd1b58d232a05da705c.jpg,0068
8a356737e8df49719e8cf7338cb607d7.jpg,0492
8a36040dbb144d37a9e0abbbfca56e07.jpg,0124
8a3605f333eb45a6be949d3c102856e1.jpg,0330
8a3878c3c7f441bab946df78b4abb17f.jpg,0417
8a3b23d82f50466f84e808cc8ea2aeef.jpg,0081
8a3c9f6f94f748619a85085719785220.jpg,0427
8a43befb654349488ac70b518bec0831.jpg,0151
8a45985398c04d9abfb64dd8345a6363.jpg,0005
8a49ed239fda47b2b215199287a439d8.jpg,0374
8a4bffac8cd6412bbbf69172deaf4b85.jpg,0436
8a4c9a584b87441ea1e5773e15addfbd.jpg,0024
8a5104b044324cfbb6fa62c4cec2c143.jpg,0255
8a51deb2a8a5458e89ad3e9b8a74dce6.jpg,0150
8a55a29ceda24d6593924836d4edf7ce.jpg,0005
8a5601b305e54216a801ae2a52965dd9.jpg,0496
8a5869abe72849d3b07ff63b6080dd24.jpg,0216
8a58acb481f04123800ecaa6eba32ff4.jpg,0128
8a58fbdcefd14f1d8fd11d28a81d1dd3.jpg,0386
8a5a99cec1fe45cb93d64741128b5a49.jpg,0021
8a5bbad2bb1d44d9938ff5576eed1722.jpg,0496
8a5c6c7501814a7b89672fce604529f8.jpg,0194
8a63b483892f453f9753423e2e82287a.jpg,0482
8a662fb7391f45a59533ea6a0b9d34a1.jpg,0202
8a6b4e6ac2854e39b990807b42ec944a.jpg,0291
8a6c7b6bd1834aebb12829bf0c05be9b.jpg,0111
8a6e6214b5b84c948463f019db51dd2e.jpg,0001
8a70b0ea9a12456d89616c07daa3f397.jpg,0427
8a71d8d1671b48509828b978d3ee99eb.jpg,0482
8a78110d4d89400ab28b9820962a1b0a.jpg,0255
8a7f2054ec3146cd895462bb0048d30b.jpg,0022
8a8239b4761b4fb19799916ee34d952c.jpg,0282
8a851ca373ce4ce0bc4f75a011bcb378.jpg,0294
8a8d9a9de49048ffa94da3281a2ee942.jpg,0302
8a904662c10d49d593e87529af0b1f22.jpg,0407
8a939ab06f8e4ab785f3a358e1fb6435.jpg,0066
8a95912f62944892b43dd7a55532eb76.jpg,0462
8a981350b924491f825b1016dacb0678.jpg,0004
8a9a50b5fd4242de88ed83d1cb1e1739.jpg,0445
8a9b9708e6d143d9976c582951470c43.jpg,0480
8a9e0c65afd54f4fa5a901b253058601.jpg,0316
8aa16395b39c47b986e89d9e6e94af09.jpg,0418
8aa40482c8c349e995602f7e760686b3.jpg,0315
8aa443478b494b93829b932ebadeaa24.jpg,0324
8aa44606e8294c2eb0b84123093e8597.jpg,0251
8aa4d0cf5330408e8f00a8b9e1cb968d.jpg,0098
8aa8dc20fb4e4fa39b073ce3b1d4b0d7.jpg,0026
8aa9315805ee47eaa87dfae6001e3bb3.jpg,0324
8aaca1ce1caf4bd1b25dcbf8e5e083dc.jpg,0495
8ab0d50f57d043e780a280ccbf109d01.jpg,0439
8ab105229c6d4d34a446dc8f25f6114c.jpg,0382
8ab2ae90bcb349dc962658f45756e6fc.jpg,0369
8ab2cbcd99cb42228b81b1b86ee0ad0c.jpg,0353
8ab4c07970e14b23a2148b1f0692f7f5.jpg,0492
8ab93fb486464d46b4ca17dd731ddc70.jpg,0101
8ab993feece44929b236589f7710354e.jpg,0302
8abca04f01ea43ffaf2ba344f1d39e86.jpg,0272
8abea214f98d46aaa805164ef0aeef73.jpg,0419
8ac5c0f575b94c76889f817b7694829f.jpg,0238
8ac5d33662774df28a4bc478caf76993.jpg,0373
8acd446c5c9c405884b50f75d087495e.jpg,0031
8ad0017c6a92406fab982cd8f09e426f.jpg,0293
8ad224d086cb41a192ecc91189b6b824.jpg,0100
8ad239dfb03746fabb4485d1ea57a773.jpg,0167
8ad49241a25148afb4c38737549e2050.jpg,0144
8ad4e35ab5b84eed83a752976111cda0.jpg,0063
8ad6542f06a8418faf8ad882bfce217f.jpg,0013
8ad7c13c7f014d2aa5e7cc0e7bdf1305.jpg,0424
8ad857bc36eb4d50abee0bef1cc5fa87.jpg,0051
8ad89619fb2a4d529c9ea264c099d750.jpg,0181
8ad972740cb042efb3bc7505754ce310.jpg,0068
8ad9e5e8b39644a4a3aaedd0213f84a0.jpg,0089
8adba3b4ac1c4ce490670aed1b13e712.jpg,0199
8adbc41fb3784585bfa1352964b47d07.jpg,0152
8addf4fd48ab442887269904dcdcee5d.jpg,0072
8adf5c6d57a74096bd7860ffe8af31ec.jpg,0285
8adf8b44680e4ce69f8a8eec77aa0b69.jpg,0028
8ae0950d3e1648b7987953b924099e84.jpg,0299
8ae23a81f0ce4a6daf354bbb490c7533.jpg,0454
8ae648caa802455c86bd6d1899f19df8.jpg,0463
8ae72baaee074ad69c746ec1f02dd342.jpg,0028
8aee99b942da4cff85ddf9cf14d97033.jpg,0261
8af4be0db742488eaaf6e32c5f312836.jpg,0301
8af76ce46c8640cb94b2d6ce02b2c88f.jpg,0293
8af9a3f5cff648c097bb2e73fb167199.jpg,0246
8afca54f40304cfdb84d83a456cbac33.jpg,0305
8afeaf3399c342b59ca81277fad1234e.jpg,0373
8afee3acba7a46aaaabaf1dca1876ca4.jpg,0086
8afffd40788b41e181a398e24e39c91c.jpg,0347
8b0aa684dba1411e8ea0d49fed8c1b43.jpg,0468
8b0b1a0fd8a848b09d1a2ec6e0a9f2ea.jpg,0187
8b1182465b7c470e95a85dc84f0ec078.jpg,0448
8b15c8f791404791af5e1433d635fb14.jpg,0471
8b17059a5278465b826c5433f4ec56e0.jpg,0218
8b1a590e51e84e888785cb8a2a448392.jpg,0198
8b1a9fcc8d8d4f708e4d08d663b1fe9a.jpg,0121
8b1ba81363ab461680a56d8dc6c82e9c.jpg,0205
8b2043c98c6c4e98afd71278c9ae60c5.jpg,0300
8b2135c7afd24ddead585e8a2dc40a7b.jpg,0444
8b215b2c75d54c6fb78987658d8a183c.jpg,0499
8b234bf9646d4e2db935099e6d6bf7a2.jpg,0468
8b2373dbb2c846389b62c5db2a776ec8.jpg,0000
8b25653c247446ca8de0574fc11e70bf.jpg,0339
8b25d7be82fd4299847f1863988fc5ef.jpg,0025
8b2ae910d86c4cf4837c3eba08869b2a.jpg,0314
8b2dcc79cdd8461caf7764483903801b.jpg,0452
8b2e994831f444e0b79ad47ca1f9a355.jpg,0016
8b2f969f6ce8460082d217ed121fdc20.jpg,0423
8b345409f30a41249711b2f0acc340e6.jpg,0213
8b352aead5364ed4a818dea72677a817.jpg,0243
8b382c531b5b43a79ac7bcdbc29451d2.jpg,0407
8b387d446a5c406e9ad506ed90b04137.jpg,0479
8b38e9e8b7fe4a829ca618f0187baeb8.jpg,0005
8b39c98ce614407e942d9a8d0941fa29.jpg,0062
8b3b5a8d531e4b8ca2ff562a79487ce6.jpg,0320
8b3b609bb0274d1798337b12c2a756e7.jpg,0306
8b3ba00a1d314991a7070576f7666d68.jpg,0172
8b3e10aa18fe4ae0ad14336c9829e35d.jpg,0148
8b40cb4a86794ab6baa4fdd53a7bbd17.jpg,0159
8b42f81737894b98b0a15c4903071d2b.jpg,0399
8b43ab3f1aac4a2b8ff6300e2810e9e3.jpg,0171
8b478e06c566438c85a9a058916c758c.jpg,0266
8b47fa15e84045f4ae0fe5cb94eb1e4a.jpg,0289
8b4b19ef99e44a62913f69a81063468d.jpg,0046
8b4ddaddda6a4b9da783bff69c95c0cb.jpg,0306
8b5405cb1dfc4573a152f4ae0dc649a4.jpg,0335
8b553837ed8146738f0755d9cf9492be.jpg,0176
8b55bbc761684217bec445207a205f70.jpg,0465
8b5ad0fa26f84e78b9ebb9ce455c0abe.jpg,0417
8b5c0992602540038d70b1f91a52493f.jpg,0247
8b5d8f86e8994326be894c4fd28d5acb.jpg,0479
8b5f7db2de144d2faa269e57fad3c8b7.jpg,0116
8b61864c8c8d4d399a82ffdab09150f0.jpg,0263
8b661fc87abe4b808bd27fee6a350301.jpg,0389
8b6bb4e530f7422abf3f23b57a00d531.jpg,0140
8b6c0450d5b745a4a942f7e9229cb761.jpg,0194
8b6d5abec14342b7a84870f7679828c6.jpg,0189
8b6ea3d26a2c41cbaa5c97006030707b.jpg,0476
8b7538f13b4e49208004236651201442.jpg,0145
8b765be7077543089420cc5458958286.jpg,0103
8b771af0c30a41f2888f3cdf596eeb60.jpg,0232
8b7c20d04ecf4838b9a89f481e6c3480.jpg,0290
8b7d954e37994842b5558c319fdd8d6d.jpg,0260
8b83acb23af64d218231126bef575545.jpg,0188
8b87cff0becb46e5b4ee578e66249dc0.jpg,0386
8b8bb2668c5c4e0b8dc38184de7d8eb0.jpg,0498
8b97674cec7e41899173d8a437c57b0b.jpg,0348
8b98ee0796fd4e50b1eab7f3bb9b83f8.jpg,0015
8b99fcffd06d4b9c9a5ac1d7fc5b8dfd.jpg,0152
8b9d66c80a904d80a73586234cfb970f.jpg,0422
8b9f781874bd4aa3bda15d8648aa8a9f.jpg,0422
8ba053784ac949d6824bb91ec2515f49.jpg,0072
8ba7228cc8fb4e3f833342f350717026.jpg,0421
8ba870845f9a47d78b4e43a3440f1472.jpg,0408
8ba8f24386124d91b41625e2f8cb8e46.jpg,0086
8bb2d285af2344cf92eacd4346ab7c8a.jpg,0328
8bbaf42b12ad4a3f9dc4b0eb39563ca2.jpg,0192
8bbdf00f24564286a6f910763bf8084d.jpg,0082
8bbe4e2ec3254f85b72c71d853f093f9.jpg,0045
8bbfea8f58204699975cb292d8956ae6.jpg,0025
8bc0220113484c9191f423bdf1d2e545.jpg,0309
8bc0468b81f542b597aaf39525918ceb.jpg,0061
8bc0a9a7455241879d49ed2a5ac30dfb.jpg,0322
8bc38ded244b41aba8323d208c5fec19.jpg,0469
8bc5bc0d78594711a2c7b825f7834b5c.jpg,0125
8bc5c16d44c746178274868704f4aeac.jpg,0351
8bc7da6462e14abb8cd9251d214622a9.jpg,0469
8bcb0101827f4ee58968a4010f635c06.jpg,0163
8bcb2a3b36a245baafd253db2e638704.jpg,0307
8bcc7b2911004eaa91adbae0b3a476d5.jpg,0066
8bcd76f9cc4f47979c729712589a240f.jpg,0180
8bce1ddd494e4da6bba3801a7b323703.jpg,0214
8bcf11ecbe6e4064817de33ceaf5ed3b.jpg,0131
8bd0a73d172c4e6491b046cf1dabb4dc.jpg,0309
8bd1576ce90643b99c2440004c2a3d3e.jpg,0338
8bd4c92dd5a2407a8abb29ded9555f5a.jpg,0266
8bd5b93618fb43f6b101a3805b9cf2e8.jpg,0150
8bdc4ec44b7742e59d5ff0fe7480de09.jpg,0426
8bdcf86e579a41bf9042466089a87fa1.jpg,0239
8bde9407c71e43e2ac972d74fe595177.jpg,0352
8be04e47883846259c63beba5719a931.jpg,0076
8be0c7070dcd4a4e865fb1ccdc9047e0.jpg,0160
8be1d0d29e4e4690b4663878eeaa0574.jpg,0324
8be4376b2abb4868a62a4b78c55a3b69.jpg,0147
8bea6e79ef03413bb6605c1edf0a0156.jpg,0357
8beceaef50e241ddbba0df3f843c080f.jpg,0155
8bee182c18424657a5329ac49e0a9fc6.jpg,0447
8bf080ca28d547979c75a2885dc29eac.jpg,0123
8bf08a02807945bfb70ee3c119dc0a99.jpg,0068
8bf214d55e0340dea31e43583d088ace.jpg,0469
8bf54e74752543aab9160855d20dfcd5.jpg,0324
8bf5bc10fbac4ef4ac2b84a5228bc1c5.jpg,0486
8bfa44e184784964a14165f578658df0.jpg,0223
8bfaeb151576405491475d15c9506a32.jpg,0262
8bfde45d31124185b98686f0cb5b639f.jpg,0498
8c053b53e7154fb9b3ba53dce76a6f34.jpg,0438
8c0a267b7dbe4a19898d83c654b66970.jpg,0278
8c0aa064f0924037a06120b8fe0711a4.jpg,0498
8c0df23ae39b4a1db0af87d29c74c063.jpg,0482
8c0dfc794f66486f87a439541dd07e54.jpg,0394
8c189921f68c4f4eb02cbfbd29fc7596.jpg,0072
8c210b1c3c644314b407ba08422f85cb.jpg,0261
8c2716715b2d41d181cba7b3ced94606.jpg,0048
8c274c6d190743adad6169f21bb748ac.jpg,0172
8c292030c2df4fcdada83b5e8bff8eaa.jpg,0319
8c2fed0144c24ab78655ecd66d69acbb.jpg,0194
8c3730c078bd418a9de61b391f2c694c.jpg,0484
8c3a325f20764f81b92d21ac5f796daa.jpg,0332
8c3e0836fb3e42b4b2227c671cf03b0d.jpg,0050
8c42cb43a7d04f29b16e5d71f5a8ee26.jpg,0424
8c44332f91a241e981777a0db2325e52.jpg,0352
8c480a204bb343f4a8936ac30a56df32.jpg,0448
8c4c594fe28e498e9c3d4c7a900c5fe3.jpg,0465
8c4d2b694fd740f0804c8c0191dd415d.jpg,0231
8c4dfc1b21ac4ad09d5e410a09db9816.jpg,0293
8c4f1ddd30f14c748311eabf2a7df8e1.jpg,0074
8c516079901448759644b4f6b1d3cf75.jpg,0373
8c51bf021806417d96a65cc9c689c9f3.jpg,0371
8c5472e3e3b5400388046dae8c13c03f.jpg,0041
8c5d427fcb11489d9886e6dcdcd96baa.jpg,0476
8c6269d9369849049e4acfe4e654ba5e.jpg,0417
8c662c06e989410d863cbc2c575be326.jpg,0069
8c6631dec1eb42d98b30aea554d91667.jpg,0013
8c686f90c5f14509bd0a72e04597e18c.jpg,0001
8c68a00a7396457a85900e815f322381.jpg,0122
8c6c708da67b45ada3ae92c79f90e7ba.jpg,0284
8c6df6b340de4f2b90b2b1b2c54c651f.jpg,0113
8c6e289d4acd4e7e94c2c28adf74428f.jpg,0076
8c6e7601e7dd4d47a8cf691300f96ab5.jpg,0190
8c701b753ccd4ac3ab514f4774a875c4.jpg,0224
8c71bc33dfb942ffbdbe48dec621290b.jpg,0186
8c72304a86224d089c90bacb42007fd8.jpg,0148
8c7571f473294284a96cb2f32da338e3.jpg,0013
8c762456125041fcb683b255e5266b88.jpg,0107
8c76f197eb424f5fb1abf0f6909ac224.jpg,0281
8c7bd198fe5c4bbc9f28d1ed9fd703ec.jpg,0412
8c84a2d7ce3f4c50931f62eedd29ead1.jpg,0035
8c8a14bea3c441b1b0353522628b01ef.jpg,0229
8c8ef658c94b4dc1aaca5aa11f4ba25d.jpg,0109
8c913f92d1c44caa8609f477af29e35a.jpg,0205
8c918747668e42df8a91982a6383f919.jpg,0084
8c9866932cc549dcb0dea1c9e691c8ce.jpg,0315
8c9aa19386fc4f0ab5611470681db76c.jpg,0310
8c9c716b93da4e03b9747a336f28c327.jpg,0252
8ca1fd55abc048d186efa4e099bc368c.jpg,0025
8cb1ce2fcea8432da8bdc2259a06cbf3.jpg,0400
8cb3e912316747e89514bf4a883091d0.jpg,0407
8cc0186d15184ccab1876137f4aeaba8.jpg,0077
8cc32c6555a840519c543a27926ac663.jpg,0134
8cc42a8d04274662b690d19a353fdb92.jpg,0131
8cc5b97bfd0a448c9af31480a59b9476.jpg,0420
8cc60bc9b1ab4c9696c9840a9e44b78d.jpg,0213
8cc6d43be7cc481e9ca4c9d932292d61.jpg,0258
8cc85453c296478ba3249dc9b940c6df.jpg,0242
8cc97b094d934fe9aceafc0dc5ab22cf.jpg,0381
8cca6eed2a734915802d57dde0311510.jpg,0388
8cca82b75f1d4f8e95bf21713fea9108.jpg,0417
8cd0774e50c3415caedb318229440209.jpg,0314
8cd53be90469496bacb05de073e1fd22.jpg,0163
8cd60ca6e6fe4404a742d22cc4d335f7.jpg,0418
8cd919f0029d40098e04d583f3adba56.jpg,0443
8cd92e8b3b804a59a062347c51d097fe.jpg,0399
8ce20762bcce44d78b358bece8f65ce9.jpg,0088
8ce2638cac7f4d058ae996a73123c818.jpg,0208
8ce344df7204464292e944cd4bdf75bb.jpg,0127
8ce558dfb005464fb0adb36f24b0f71b.jpg,0390
8ce5f6938c4e48dbb086feee8e84b123.jpg,0361
8ce6079c57a5473b94edeee06e32948e.jpg,0403
8ce67891b951468e98295b84f161abd2.jpg,0450
8ce682a203b64de8a889c2630eae6c98.jpg,0070
8ce907f6221e4c1aaa7e39af85509da7.jpg,0095
8ce9f185742d42929c36f9887ff55a7d.jpg,0254
8cebdced0ac945e6a0b1b4091e857e04.jpg,0084
8ceca78d047941ccbeea623d0711b3d3.jpg,0288
8cf17b4e3ad64970aee4be15598c5e36.jpg,0307
8cf1a3491fbe47ec8cb935ef133fff9d.jpg,0156
8cf6f32af54f4107ab7a8a7d2863fbdc.jpg,0427
8cf6fe34ba4d4d5e8b029ea8a2d352b3.jpg,0153
8cff75b113ca405b9f38a50c1a737c17.jpg,0361
8d00f9ba8fca4c43ba86d52464edc2d8.jpg,0436
8d031ba6a69245d1b11cc2315be517e6.jpg,0128
8d08908009864d1386c3b27b16fd3e62.jpg,0077
8d0927e9b77d49cc9e213e3a1d9ab051.jpg,0113
8d09e61f5eac40dc9e0390916144ad84.jpg,0098
8d0d03637452478ca805199a4aa6d033.jpg,0416
8d0d50e1f9fa44be9c0a5c5c9921cb6a.jpg,0385
8d10e4ccd1aa407d8c71d6f109907e9b.jpg,0085
8d110f06810b421fb4b3104d9d480c59.jpg,0058
8d1807738e224369a7ecc3e4bcdb9aca.jpg,0453
8d1be69ebdb04d6f9ada4cd5ee0868b7.jpg,0434
8d210fa87a0c4670be4a4eeac9e077f9.jpg,0328
8d23970b285b4ee2ad4bb91b16b07220.jpg,0152
8d252bed60c5412cae95accc31628540.jpg,0057
8d26b058a36c4e35a576a22fdefb9629.jpg,0404
8d27be439b594bda9570805f35c1c99f.jpg,0315
8d29c90fb46441c9ab60ef65408e8aad.jpg,0410
8d2b539557e244d1a2d4d7a970ff64ea.jpg,0291
8d2e9907aebb475088dfa31656a75f93.jpg,0376
8d32dee4fa1142ada5774dfbe71cc397.jpg,0371
8d3532ecf59245eeb9e126690eb65964.jpg,0271
8d36df94e75d46d78f0c3bc284e9db4a.jpg,0318
8d378c46e0bd4505962430dd11be4a56.jpg,0162
8d3a41c728cc44da9a3b52314d0f300e.jpg,0263
8d3f6ba52f5946c9bf4de2126d4d1b1c.jpg,0119
8d405f93613e4a58863e2d1e7e1e9dd7.jpg,0298
8d45b46748ea459dac0f151f955b030d.jpg,0135
8d46a0b735174bc891cee3ab290dd106.jpg,0431
8d49e77b465c475687793037405c2e3a.jpg,0427
8d4abf21021e4004982b5efc78397786.jpg,0301
8d524a169e554ed485e5461464fb6315.jpg,0439
8d53b00cfac64ef0bbbe440a6f868c01.jpg,0137
8d542f14c7584b2484849e11e41dcff2.jpg,0158
8d565b1707bb472282ba76b9573d1ce5.jpg,0072
8d5801f3e2604ca48b47c431fffec73f.jpg,0015
8d64e0edaae34aa4ab57716120be071c.jpg,0083
8d6bca1ab47c41bda4c56b20c53d2905.jpg,0334
8d6bf3e5771c43ca83e74834b4dd05d4.jpg,0218
8d6cce7057b0477aa5e6035490e665fb.jpg,0306
8d6d5fb3898647c2a782c9378685d01a.jpg,0014
8d6d7359ac7044da8b90f70847097400.jpg,0165
8d6e53cedbac4229b755aa84b47756c9.jpg,0299
8d735c7c7a264de5bd1f717c1b402b08.jpg,0123
8d78acf631b94af5b6024896b9879b8c.jpg,0371
8d797c4ff7324c8f9d0232b59b015394.jpg,0101
8d7b607f4fea4e24a77c1065b958b762.jpg,0107
8d7e946a2db2436499453614ba766078.jpg,0305
8d7f2016b16746baa3ab03faf938ed4e.jpg,0010
8d7f70e9da574e5d8f2aacfaf01b7bb0.jpg,0323
8d894dfe801444ee8e57686b8033f7ad.jpg,0089
8d89b303875e40768cd6a54f86ecb249.jpg,0105
8d8c45b1174a47969702513eb9ec73cb.jpg,0188
8d8e6eeb7b984394a55dbae29b88a500.jpg,0238
8d8feb286fab4d4f80613ec34404d068.jpg,0223
8d9157b8dc7b40aea4edf1b3f8e0fee5.jpg,0349
8d917aa8ced64c07b8e4f6ad1000a961.jpg,0321
8d9473399aaa42a0989a23f595d4d35b.jpg,0341
8d94ade5d9e9467193ffd4f4bc146170.jpg,0203
8d967df79ed545cdb40f57a18add22f2.jpg,0407
8d9bac2c78df4a1da346a31b5e54b126.jpg,0124
8da06df51634465694ed0bdc829fe564.jpg,0320
8da20cac65b743059ae5f3b7418346c9.jpg,0242
8da628fd0e354b069b075468c81e507a.jpg,0060
8da86fd285c34b1f858be4f993b1a3aa.jpg,0476
8dac54846285401bb09df1e3670253ac.jpg,0253
8db06b39a7b4405b86b061b49d4dd0e0.jpg,0213
8db7dc0178bb4db5bf89f173c1f8914d.jpg,0341
8db8fa265be34ced8b77bf61474f51c5.jpg,0298
8dbecd1d734147b2962084cbf817616e.jpg,0197
8dbf87a2c41547f6a5888ef67ee6fba3.jpg,0310
8dc1331ca8f145d2af84a66471f3e719.jpg,0464
8dc20ea76e164c7ea93a3b2a0485dd8a.jpg,0242
8dc2d230d7504a1d81a5c88bb8243e81.jpg,0496
8dc3be16aeff4a44a85d49c8fe89be38.jpg,0211
8dc78c7ceb0d44ffb84b1603ef5c96fb.jpg,0219
8dcbdb805997407ca519adcb230dd0b6.jpg,0138
8dd2555f7b3c4c6d8bb7717aff04e044.jpg,0072
8dd4536c279442a9bdc8176e6b1e405b.jpg,0320
8dd59bea34cb4bd5a12e413ff144d927.jpg,0365
8dd5e1e72003415d872f01704b09bfd0.jpg,0294
8dd97fc219d44b238950c26cf5d4cd78.jpg,0027
8ddc1db347e948688747af0f05402595.jpg,0167
8ddd7a88dfc744fea8d04b41e9a904ec.jpg,0196
8ddf5fc391db48fcaaa4f7fef366593b.jpg,0011
8de3c73ef0544e4391bed6029dfd0874.jpg,0075
8de4398e565c41c997cd02de9d735af3.jpg,0434
8de70458cf904f78814c800cdcfbf589.jpg,0068
8deb857b84b64d17a84aa0cf34f7fb6a.jpg,0360
8dee68c9752a4fa894c8299727293722.jpg,0208
8df9ded4afa043299c38978848fe5cb7.jpg,0455
8dfa2f1fd081461089d3d310328c4fc7.jpg,0195
8e04ee389d00451e856ddb257fee8c39.jpg,0070
8e09b905842f44f89f43f075455c25dc.jpg,0126
8e0ae730c51247dabd5f635969a54ea8.jpg,0083
8e0e1cfa14734e11ba23d05a7f2607c0.jpg,0354
8e24e2159491421c88f14b473ab1499d.jpg,0245
8e27f63d13ae47a4a8ac21e78c65ab68.jpg,0134
8e2ab3988c6847b1a00a113e2cb0ce92.jpg,0259
8e2d04b32681451caabf89c4dfac6a5a.jpg,0203
8e313c4fad9c4806ba9453cb53eeb969.jpg,0089
8e3202c847334d9983cff54c0e6bebb0.jpg,0050
8e325c03987a4c218be685ccfb7db8bb.jpg,0434
8e35776b21cf406fb4e69014dd59366b.jpg,0362
8e37241ccbca4ba3a8a2ad7b249cf649.jpg,0100
8e38802c214042289018f57f3212db0c.jpg,0359
8e3fd204221b44bc97c287049e43bd6a.jpg,0298
8e43ec6279394986ae60f9716b53071f.jpg,0320
8e4648d0665d47419a0af9c75ec7f2c2.jpg,0193
8e48673e1ba948b798f7b88a04f7d46f.jpg,0138
8e48c8436af4439d99f8594b7a50edc1.jpg,0081
8e4932913df54e329c33108d86b9b931.jpg,0482
8e49a4c197004548ab6d64607dcc2d8d.jpg,0259
8e49d40f10044a2cbfead8faa9455e32.jpg,0243
8e4e65b195bb42e0b43fc886bf1a3e54.jpg,0387
8e4f7afc3f694ce5a9c82924f9f5a4ca.jpg,0287
8e4fa56833ab4734bd9c4c792a0e9c0c.jpg,0203
8e52b7a8259c46088f01e77ecc7a1d3b.jpg,0244
8e5949bdd0314e079b526445538d08a8.jpg,0142
8e5e828912ee43e8987add6cad8182d1.jpg,0103
8e5f71cdcbe94343ba0ae11ef564b480.jpg,0499
8e60c2038bd141bcac7896e600464320.jpg,0345
8e6118eac42841aebff51624afbe4bb3.jpg,0220
8e67a74da6754920b8c3a939dcc637db.jpg,0141
8e68415ef4d942dd8c9a30059e3cc5c4.jpg,0411
8e685e3b9fcd4adda0cdd4dd229ecda8.jpg,0032
8e695a6fe6f2471d910232e61c506bf9.jpg,0237
8e6a0ece8d4f4ef7ad0ad1903b10ab54.jpg,0104
8e6b63853a36412985435cd830a1b500.jpg,0176
8e729d0e55b4444f8caa4fafb12f425c.jpg,0465
8e74f0fae20d432db48c5299df3b293c.jpg,0063
8e79cf2751294d6ab0615dad116ce14b.jpg,0207
8e7bb2e034944445915b0f70f446f122.jpg,0420
8e7ea1a499da42afba265545879ed969.jpg,0294
8e7fac91e6c742e08ddb39019c37db0e.jpg,0400
8e815dae98184617944094d8a79b4d91.jpg,0409
8e844398590b46729a801488fcb84af0.jpg,0378
8e876affa09b4c8e9dbcd384198e5a0f.jpg,0139
8e8aa09df85448639456064e978279cd.jpg,0175
8e8af8705b4c4c20b42f82a644859a03.jpg,0303
8e8afddf4e5641b59ff5c7196c952c2a.jpg,0282
8e8b158f026c4c9f96d98820a008457e.jpg,0087
8e8f168b32be40669f22ab7f1f38170f.jpg,0462
8e970e1a3b62408bb64833d9db8d8cce.jpg,0259
8e985c1edf7d4e9a80292adf8bc9e7c5.jpg,0084
8e99bfac165e4d57a225951e298d2750.jpg,0214
8e9ba01e48564aeba65a22aa458c1a93.jpg,0459
8e9c5ca97ea747d2845ec88d6727769f.jpg,0167
8ea09916796b465b9608b796244ae898.jpg,0021
8ea1eae91af24a0f80f771960e423624.jpg,0343
8ea616909c9a4b31ae1ce446067913d9.jpg,0264
8ea81c0e3f6447b8a73c1f3421951f5e.jpg,0223
8eacc5329d094f23a416816bb4db3c58.jpg,0010
8eae6722cb8a4efcb47e5001d35b19c3.jpg,0412
8eb2f4337d1340129857da1acae80eea.jpg,0266
8eb71f6ec98c4a1f940c4ec044987ded.jpg,0104
8eb95571f36a4ef0ba83a9e330058d91.jpg,0421
8eb96bb9fdf74c67ad15c1d3604a722e.jpg,0110
8ebb9ac2f5c14ea2a460e9b31804bca0.jpg,0329
8ebdac96657c41699c872a648473c5b0.jpg,0462
8ec4c0b60c07413492316e7b7a482ad9.jpg,0453
8ec5c98f78f5442b8f3534d78a54428d.jpg,0143
8ec6b0d7836c4abb9e3d843b9fe51861.jpg,0092
8ec9d4cbfdd144abb93e9952c64b2956.jpg,0272
8ec9e41694fd4f16a051a3cc4b004868.jpg,0411
8ecd7fd91b934151be30d6dcee87bfcd.jpg,0440
8ece3c478b894883afaac0d2e1298bc6.jpg,0371
8ed0bf51f53a4b1f90cc12ea57f10a15.jpg,0423
8ed1b135a02641ab8a102dddc4d96ddd.jpg,0142
8ed731993b1f4ed7a4c89f6f3d536d06.jpg,0412
8ed74ffd8b90473b8d7e46e4800508a1.jpg,0227
8ed9923048ad4d9088f42699f11f912f.jpg,0315
8edc245515104d0792b737c981c5df9d.jpg,0317
8edc7615df1c483d9089e37a6c4a16e8.jpg,0461
8edd56afcd774724be3af26452154601.jpg,0174
8ee079c2518d4c08b5e1fc6d5afbf323.jpg,0123
8ee2ef97e3d5420b919a9ce2f1b5c9f2.jpg,0082
8ee3d2d6c0d54eb4b26a2e5e92ac2c4d.jpg,0301
8eec8e0e77114a9cb78002983286198d.jpg,0429
8eedf95387844a5799acc1830faec7d4.jpg,0054
8ef9d56b1e82424d9e7161083bc4f1a8.jpg,0120
8efbc9d6c4f64466b5693565079f9c5d.jpg,0078
8efc87eab25f4e82a69f1ba57db2e90e.jpg,0192
8eff02b11b0241c7a680e00a39a03860.jpg,0474
8f00ac2c5c644282a9ae6ff33c7a4e38.jpg,0086
8f013b3dadfe41f3823d0335be682ed7.jpg,0193
8f02b28a3d464066b15a3f047b29fff0.jpg,0301
8f02e7835cf8407cbb0cf68328822f93.jpg,0274
8f0334821c754a749f0655714bb29dc1.jpg,0128
8f0382f8c2b541c9959f51ba6bdf8b54.jpg,0038
8f069e4b3d5c453c95fc49e600551be4.jpg,0026
8f06ae450dcb4174a8436c1c82ab2e04.jpg,0244
8f0a35c2780349618b78a8b0d54a5d6e.jpg,0182
8f0d74d238d946b29f76b40ba7d38152.jpg,0160
8f0ddce529e2459a956f3c248fd1aecd.jpg,0037
8f0f716db6144655938d59755e9c3922.jpg,0301
8f113534f9034b57a0b5d2cc6ac47ae4.jpg,0311
8f1547f8e3324eb9a6aaa3b19642ec99.jpg,0195
8f15aae8e2334d32918a006a67ce3cb5.jpg,0419
8f1d287de15a43d9a1c11a5e02c54fa9.jpg,0238
8f2078d7eb834371a49aa5b83b998d61.jpg,0008
8f2374461b594d36b465d79447f5b6a2.jpg,0405
8f2389015bb5465997acb98915433d4d.jpg,0156
8f24a640da5a4c5ea713aeb8d6b95cde.jpg,0293
8f25e3cc352644c29ac956a9885d42cd.jpg,0071
8f2715de95da4e049b3fb81aa1cec71d.jpg,0364
8f2aea8a0bc148919aa8b6a36953d08b.jpg,0119
8f2d43e54208418e972fafdbd2e6cd74.jpg,0499
8f2d772a8e634951a30d83ef900a782f.jpg,0438
8f3327403fc646248d2fc95c784de4f1.jpg,0017
8f3341a8ce114e059b8b66c8562d0064.jpg,0040
8f3594a096384573bdf85d3183448174.jpg,0381
8f37bb54daab49b49ab86b4cc81b2062.jpg,0399
8f3d7a97675745ea9912092dafd80865.jpg,0233
8f40819f1818429694b986d4bb1ce562.jpg,0010
8f41e10ede3a41588d5e02816fa7560c.jpg,0028
8f430003f7df4f0fad3e9f49606a5f74.jpg,0115
8f43fcec948046658f289bd91926fcaf.jpg,0101
8f441f89416e49e3a39f33a345076383.jpg,0165
8f44c73c01754ba0bbfdf5c9979962f3.jpg,0293
8f459c9e3bd9418f98f851938650a880.jpg,0025
8f49aac0c9ad4061938d7302d95ee238.jpg,0102
8f4af5a93f824a00b3939d8bb0e89254.jpg,0045
8f4cba587fb64ad89f38a4a6bc8440c5.jpg,0108
8f4cfb402d274909bbe881ee9da5cac3.jpg,0462
8f4d5f5f26c04eb2a299385c535f167c.jpg,0211
8f4dab9e4f0341a29e52566578713cac.jpg,0246
8f52175b520e49719810827653421bb9.jpg,0492
8f56263e5d1844b8a0a99efcb2d854c7.jpg,0224
8f56bce112154e3e9140566575cdc84d.jpg,0079
8f63719374b4459b83f313e7a2c7fee3.jpg,0289
8f64cc6dada84374bdfebbc929dc36e7.jpg,0285
8f64eba055254534ade9b68229710faf.jpg,0459
8f655100305343b6aea3896d57d10b1d.jpg,0434
8f65c4f48e454d2dbf0f2905affba53e.jpg,0102
8f707a3bb02e4101ba9a31a091978a03.jpg,0320
8f729024ebf5429cb791ed4f34d66f07.jpg,0191
8f77acceadc440a3b4c2b3f31bfc2e95.jpg,0465
8f8019d652f54b71ae947bc7d81d570c.jpg,0410
8f84b011147d4f1aadd5c169b74bccc7.jpg,0086
8f8743469a6b4d59beabd0d0a5aaac90.jpg,0481
8f87a31d55f04b79a0b30147d526cff5.jpg,0285
8f8a11f263f846889b2e040348a0c9c2.jpg,0271
8f94e664252d4f5580c601f556ae63dc.jpg,0495
8f9609377c8d4bf58e4027bcec8c29f7.jpg,0421
8f9918b69ba9492189b8ae61f93083c9.jpg,0170
8f9a16ed50d542b3b0482c93bf0e6437.jpg,0222
8f9da74ed1d3477594607b9f09a10e71.jpg,0428
8fa06bd5f71f47b2abc8625d5e495d81.jpg,0493
8fa6018b4d5745519e20b18493e01eab.jpg,0377
8fa6f60a80d449f6b2443eb126ce4ba6.jpg,0468
8fa80cf83d4a4110a54bc1884a51c47f.jpg,0227
8fadf9311d6449d98848b02848cb338d.jpg,0117
8faed33746ae46bba50f11d8fe96849f.jpg,0142
8fb0bdba430243b79d5871896da88858.jpg,0352
8fb8af88653b460399744f828bbad17a.jpg,0215
8fb98c4643c648a49e23d8aaa42a6269.jpg,0174
8fb9e5277ebc4c9c90ddd286da7190e4.jpg,0251
8fc49bdbc3474f76aa5628f8ef559aa7.jpg,0424
8fc9098d30d8436895c6c73e5713c13d.jpg,0483
8fcc6964581548dd89d8bfb2e1d6029d.jpg,0159
8fcd096b6d86432790668f3112759448.jpg,0170
8fce045ba803400ea236ebfb02e254b1.jpg,0150
8fd6e002cd6e4e5fa68e5b589c547064.jpg,0035
8fd8dedb360f43718cbec27df3068c6f.jpg,0386
8fdc2260c0e64c60a2c0b8a866260213.jpg,0386
8fde57114c6b407793369c7cb97d101d.jpg,0123
8fe25b395ee248779ea1bbc5493f7677.jpg,0322
8febf42d5f9d4ec8a6972a18117fbc39.jpg,0073
8fededc9efb54345a18da8e05c99b82e.jpg,0443
8fee0c88c73c48d9b42b9d011d3efcd6.jpg,0011
8ff26cfa749740138c2e354dc8afff6c.jpg,0027
8ff39651bd6944db88ade333c58f8f1f.jpg,0218
8ff3bdab19eb4b67aaa48c4987c4a982.jpg,0056
8ff4abe9e6db4abaa4dd8f0168656abd.jpg,0037
8ff7f88a919c45fab237c5556525987f.jpg,0207
8ff892d1861b4b11ab187a3a948d9ae4.jpg,0090
8ff89d3607674891aafd4a2de91040e0.jpg,0241
8ffd26fd9d204abea249dfa3a95a6c23.jpg,0363
8ffda11f8df846b2a8a5f60cd4315e5b.jpg,0320
8ffe8db4ae1040a6a261702a1d4c2c35.jpg,0323
900279d107d84f8c8346c24bf2c62837.jpg,0080
9005409c66ce4a16b602fa29910379e2.jpg,0308
900542824f3a4081a81f931ac5144a94.jpg,0004
9005db84414041f08065dae517a224d8.jpg,0156
900829b4b36044da9a2e2f60efbf7f46.jpg,0370
900a6f7865c446a5aab71e67900e08d0.jpg,0087
900c59448386413b9da323ed6de93220.jpg,0448
90123c341231485e8b8a4b7139e00928.jpg,0479
9015c8fb544d40bfb6adf0ce6a068df2.jpg,0256
9018e5246a224039ba4590ff0827b714.jpg,0357
9019069c7ee6490cb77f990419695532.jpg,0475
901aa48547ae473298868ec62c0e6981.jpg,0254
901c5aea75b54a82a00fb1865286c994.jpg,0222
9020b8a51c4849ce90f6e8d16c5f72cd.jpg,0077
902278ac592e44c78ad2f33366b91ae7.jpg,0115
9022cc730dad4b22b5f364370efbae5e.jpg,0112
902b84b7fa8e4459898a18021366bcc2.jpg,0066
902c5448b5da4148a31f49692b2a4ef8.jpg,0131
902da2c865e04a3a9a1576881e533089.jpg,0463
9030860e8a7d4de2bf3968cb2ee0f7eb.jpg,0059
90313213301c4e9b8da5c00cf0d5d8a8.jpg,0469
9031a0bb70924751a552d9d849aa3eca.jpg,0253
9039a3f96ffb4c988bf3e0645d759212.jpg,0051
903a040f0f874200ae58aded171dc7ab.jpg,0385
903a5ddb99044728b94b8090423af4a9.jpg,0091
903a61f5a93747678d68b1cf6656baed.jpg,0137
903a9da2739e4ae09b0b57f8d17d2414.jpg,0280
903acdad259d4bf4934626c0b7a39df5.jpg,0005
903aeb5b8a6a45a7b46ece516fc98116.jpg,0309
90400b85429543e18d9d529f8c8b9eee.jpg,0233
9040b6b83282422db85b231427fb78d2.jpg,0091
9046d81779e74c77a6e44750b36b267a.jpg,0015
9048e04957df4fdb8cb611c395898c67.jpg,0211
904a7ba186b04a8585b3284d78fcadb6.jpg,0271
904b3f3a91ef4170897cba04bcd2532a.jpg,0169
904e187b982c4fb7b20e7c9bd018c00a.jpg,0453
90545a8ced2d4a74ab2a0b8ffbad0e15.jpg,0237
905679808ed144c896522f0fe3cdc964.jpg,0431
905a16f994e240be9d096eac085e4f29.jpg,0222
905c8cb005b648449fd3fe5ce04ff3fa.jpg,0320
905edbff7a444a57834dc0c099b7a7ba.jpg,0159
90601d4f49a548729cf232cc27f356c9.jpg,0115
906681492ee34bd79f8ba0d8a1b25ad4.jpg,0197
90670d0229a548fd898e52ea0f0a6451.jpg,0090
90682b95ae054f2fad2f142cc5213aff.jpg,0380
906ac99c6fcb43a59ff5b8c35473b264.jpg,0416
906c72d86c4d4a38bc6ae2d13e4722e2.jpg,0261
9073f05dde52456b95fa4bc15ed13fd6.jpg,0364
9078c60f54144e31934db052937b1422.jpg,0407
907b918b3af74154a5713c3de7cb994b.jpg,0335
907defddbbd248d2b9d81f90e641df86.jpg,0410
907f0f2f6afe49d58e918fcc315be3b0.jpg,0404
907fb19fd02243adb8911661bf654a85.jpg,0261
908043238a5d46b4a6e489ceebbbe446.jpg,0034
9081706454964e639d6d5ae61963fcf4.jpg,0458
908ae0d28f1b4483bb4ae61cec2dd7b9.jpg,0248
908b6ce25de84e61ae691a37f31bfd49.jpg,0260
908dc710952d41e1a7c388e40176f5e1.jpg,0000
909615be5a184859899ace72cd1abcc9.jpg,0434
9096986c5d01406f8114d54142e4ecd9.jpg,0310
90986c1667534a418ef03af56c5acc9d.jpg,0018
90993140ad1541c7a8ad9262d0b23a6b.jpg,0297
909a2784c94c462cbaccb374a507ada2.jpg,0380
909a2ce37c414cbf8bdd64a85a94aa32.jpg,0216
909d5bb8572b4a399f4b3c048cec6f40.jpg,0340
909fcc6fbb914fbc8acd6cbad2502919.jpg,0103
90a0a4f269c748b4acf91e6b9f655432.jpg,0437
90a34bdcc81f4894aaaf6e2924a8f6cf.jpg,0231
90a90890881041259e8fb5ad11a77ca1.jpg,0197
90a93dd236e34e63a708126c0f125efe.jpg,0249
90ab982f94804f04811134d703f7aa6b.jpg,0394
90abd38234924e1882a098357c396850.jpg,0293
90ad0aacb28d470d90de952f04818881.jpg,0119
90ae3d487e6542859c4930f57ab97b2b.jpg,0020
90b00c9b525544c296c44eeb0aa61621.jpg,0125
90b61362dc004a64b42938619cfb7f2c.jpg,0371
90b7e5b023e44acca581574d6ef4be1b.jpg,0158
90b8e1cb09914e668f3dd318fc6e8950.jpg,0451
90bd62b7bc7a4eac82007001a7ab227f.jpg,0323
90c0f1e1b8dd4569874dd818c6a9c517.jpg,0269
90c160cf812640e197b4bc5135868ad0.jpg,0388
90c4a97598db4f85a09b6cca10f98135.jpg,0450
90c59c5c46754d4b8727887a5a741427.jpg,0045
90c75255a4fc4a7ba1555199df53bbaa.jpg,0470
90c7994e36a644eca9f7c6ebc868f4ad.jpg,0049
90c7c5f074fb4467a8e7b9abc2117bb6.jpg,0471
90cd54542d2f4b2bb335ccdcef925393.jpg,0430
90dae74ccadc4cbda43d5d4f0f235e22.jpg,0476
90df0c71158e459b8151716da236807f.jpg,0491
90df7306df7f4445a4f4f7b7f120a229.jpg,0037
90e28657c56e40b7825f784ebbf7b056.jpg,0054
90e3b2ca46ac420fbe3282c5ff4b1e9e.jpg,0009
90e83b5cf2434486918460e8ea62d73e.jpg,0011
90e91eef6ccc473ebad08bb125b9c1f8.jpg,0308
90e9a2df81b34897aa34bbf1e59d0e4e.jpg,0490
90ea941ce81d451db9ef42f057ade52c.jpg,0080
90eb6b01447c45d49bd602c9c73629ea.jpg,0149
90ebc101e72549fd837aba1e62e10b7b.jpg,0061
90ebed2869dc4a5eb5b4bb0dfac90eed.jpg,0252
90f057a1a08742478999b5d1e417584c.jpg,0058
90f09c425ac248459e30f91526f687c9.jpg,0174
90f3a3acba7a4123ab28e6f78ba55908.jpg,0255
90f45f3f68b64d8784f8691c9702cb41.jpg,0147
90f50735d26740aab25f1f8c7289d3f8.jpg,0447
90f55b8414d945a7acc7e4d5e637f084.jpg,0446
90f7909526e545f1b2344aeffb1b734f.jpg,0248
90f7e324cc2742e98c14ba9c84e61fd1.jpg,0030
90f88557e5b3477aa346b9d234bf2885.jpg,0394
910439d45b4d480d9447f017cdc0f5aa.jpg,0024
91065d3696184efcb7fb3c68c6530737.jpg,0376
910ac005c2084102b2a7be79992944f2.jpg,0115
910aecd9e53d45398eab12a39a38ea21.jpg,0088
910d608c0fdc461f928fb8903abaddc0.jpg,0408
910e9ef2fc8b40de8696b325a0564184.jpg,0115
91136da8a35c4969a23a51edf535c288.jpg,0447
911674bb0b0940a1a6f13e0880cb11b9.jpg,0238
9117690312934c259345c9862097c829.jpg,0039
911c02ab9f794d7e8509789d77ab9982.jpg,0160
9120d2e392f6481a967e4376cf2f9019.jpg,0177
91210341deb74a7a8bbde31856888231.jpg,0219
9121abd45d5d4ac7a1d38ba2515f5a7d.jpg,0075
91228d088e864400b0d250cab63cb95a.jpg,0176
9125e18d1e374e1ca8755c917a2f3bb1.jpg,0361
9129bd064fe54aabb70e56f52e481f32.jpg,0364
9129ec8de77349a792bd7d02e4888e5f.jpg,0134
912bbcdbe8114a669bf2211a70a7ad52.jpg,0031
912fc8161f86469b8f43e368d559ed03.jpg,0012
9132da0c54a348a6af0701a0dce70034.jpg,0065
9132f183e1e9494ca0570fbe049b3f27.jpg,0089
9133f12fc24642b9bbc6161e96bc6a5a.jpg,0036
9139bd192df449008ab9b8f554c93e59.jpg,0293
913e78922e654363aea5b2abb55476c6.jpg,0003
913fd018a2a94ff5969e79f9a716f189.jpg,0264
9147351aa85544d6b09d036d7056ffd9.jpg,0278
914738c7b8ae4592bb53b7f915ed146d.jpg,0450
9149161754c142ab96f44b51ad374795.jpg,0323
9149972b79b24b939678099580e618f7.jpg,0242
914d3379be8544258eb463c6405648f1.jpg,0355
914e1a5b172549288884797fe15ecf69.jpg,0099
914eb4431cda4e0b85c74777de594453.jpg,0326
915109310e5040b5a2a05d92a8ec3bde.jpg,0277
91534a8f3bfe4238b93cd94a9b7db220.jpg,0327
9154c6036f444b0b9a980dd0a487dc6d.jpg,0177
9159f1febf3e4989afb7d997ead34bc1.jpg,0494
915b9f3780c34f09b794fae6d4e04d9f.jpg,0273
915bb598c11a4c9681c64267399c4bb5.jpg,0451
9161df022a87460a8d9ee93e7ae9a7b3.jpg,0135
9166a3b290df4ab2bb727eedc6295051.jpg,0156
9168fb2f0af948d6bbd961393f940bba.jpg,0110
916aabdd32a64283a4ec5cd465530be5.jpg,0153
91714d2a52b14045992f8452f3324712.jpg,0275
917228eed877437aa6684733b0fc4f45.jpg,0238
9172ea3fe0b74909b98e387ff9f9049e.jpg,0440
9173bf6dfe4440808353af8c17e0bd07.jpg,0493
91748b28627348d9a7d19a1f469a6520.jpg,0165
9176b90d0c144cc6944e91176538c240.jpg,0403
917b2c0f40f640378d02bf4b94713cde.jpg,0166
917d05ad069a4f1d9246dc8f11b85df7.jpg,0462
917e03912f8f4edfac63021ef65fd75b.jpg,0447
917f8f0bc89e48989be8572d2254e987.jpg,0340
91808299421546e09429b73e18a03823.jpg,0393
9182978a63f741c680cbd01cbeaac0d8.jpg,0011
9186cdc88632468a963f1edd49a6bd37.jpg,0489
918c921486e245359103cd203cf83b6d.jpg,0000
918c95a92bc647d8902ba8ad02ced403.jpg,0332
918f39a0317e4a3990bae24b06dbb237.jpg,0261
918f428be83044edb4f8b555ceb8c29b.jpg,0096
918f56b367714c5e82003fca64983dca.jpg,0242
919353f2765d4907a84a40c4bdf94b02.jpg,0328
9193b73b69fa4805b57d1f887a988f92.jpg,0328
91982f0b56f64aaa8cd2d0d91f2afa33.jpg,0150
91991c06a17d42029333555b4125df4f.jpg,0248
91a089018668459b9604679096ffebb7.jpg,0499
91a08e082f864ee8bd07881b2d82e217.jpg,0239
91a462a43edc4ee485459f738e2bbe24.jpg,0270
91a6af0d72b0417297e5463d74580417.jpg,0093
91a76b719d394103bef313773634a555.jpg,0441
91a872ae16c14477bd622d701fa35126.jpg,0382
91aac42a1faa41549598a42e5c5f6547.jpg,0045
91ae399ae0a14477aac0dceea785b911.jpg,0347
91b112dbe1694e8b866156d0c60d559b.jpg,0025
91b38416a79a41d88c01401526f9e947.jpg,0159
91ba2ea32ea142d5a05c92084490ec0d.jpg,0497
91baff7c93a9415b82f1102083fc5307.jpg,0233
91bbae6cd7f44fbd97ef909b7be7cfd5.jpg,0158
91bc4235d2864b888b0acffaecca79ed.jpg,0172
91be426e899f4e068cec029d4ed68db4.jpg,0463
91bf5141d0b442c3a89e0a4cc97fcdeb.jpg,0436
91c4a641c4ed45b8a861429cd7302ad6.jpg,0125
91c76fc0d98b4b068574662ae4966758.jpg,0004
91caa50b44834000ba3594f52b1f1122.jpg,0367
91cc274a4a6d4eda9ea77da86e20402b.jpg,0498
91cdf465721f48678f637881d38e56cd.jpg,0264
91d07c6ab1294980a787b1d4cdb89c4e.jpg,0451
91d08ca1e11e4111a2cfcd06095c1737.jpg,0445
91d0d8160b544b06b14885df9633018e.jpg,0414
91d267b722b34af88454fba875be6ce3.jpg,0359
91ded1c06cc843999559164b02ba703b.jpg,0266
91e0911f5f7f4a018fd4400c2843d4e4.jpg,0026
91e0b5ae75cf421a83b7a97b600b7a1c.jpg,0074
91e2240fbed74d4bb8bbde9172451c3c.jpg,0088
91e3ce11b7de48c3a06593d7f760ad97.jpg,0380
91e5a581ead14683a6be17fd7ac7d4ab.jpg,0183
91e8e928f8ac41a99d5b2a684f4b825c.jpg,0240
91ee03b2687b420b8ad2baf6208aeb9a.jpg,0340
91f4272f088b45bcbc843d8ec19f187d.jpg,0027
91f8cc6e6d884325b0113eb11b650d6e.jpg,0138
9202958910464a72b172e71ea13dab3d.jpg,0339
9205ab37f6d541ffaf4ae27beb84b702.jpg,0382
920829cbfda0477da2652406c5f9bc66.jpg,0247
9208dfc0deb34905a99f5950d1d3d731.jpg,0356
9209ab34993f4dfeac9ddaa04eb22421.jpg,0318
92170a0c9f604076bc08d77d2580146d.jpg,0205
9218dd3ff52a4ec18a05434e048db777.jpg,0075
921a061bb6b7433ba0f3da45317875f9.jpg,0289
921dec7c808b4b19a1ad5db877dfe946.jpg,0031
921e82d6ca2e4e5e9f8abff18b8d0240.jpg,0373
921ea0c099614b21a200d57822478ff4.jpg,0124
92248338f23041cba1ef0c53d91f4e79.jpg,0102
92285f49b4a84ca29acd65193f862ab1.jpg,0312
922ba3f150874319bcdbaba4abb35f24.jpg,0095
922f83eb3e9840f5a1190863c10051d6.jpg,0447
922ff23f748647228f588eb3342dda68.jpg,0109
9237debf6e1d49f9b5742e8e25cfbf1f.jpg,0320
9238ee64bbec4e0a9db4845abef94be5.jpg,0462
9239aa50bafc4b2ab239fd0c536d1d55.jpg,0099
9239c27c7f4345b0a8cbd46975674617.jpg,0135
923fa82e907d4646b3ebec4705d5139a.jpg,0269
9241188b87054ab89ed1472662f8b470.jpg,0454
92414dc5803044e0910cef26dbfa73c9.jpg,0359
9247fec3f9a04558bfec58eba60b99b0.jpg,0354
924e22cb1509470ba96d0b2aafe538f3.jpg,0256
925458469448427da6cdd0492673c17f.jpg,0352
9256a4928be1446c8bb1f96a6ade4b60.jpg,0214
9258a8b082bb4470bbfadfba2181b1fc.jpg,0490
925ac3f8bf504b5084d6f5b8cff1492a.jpg,0245
9263a9927a8b4bfe93587dfaf7768a47.jpg,0401
9263fa8076354fec97900de93dac8614.jpg,0072
9266811ea08e4721bdb050249f7fcbe7.jpg,0029
926a19910e6d4fe986b61022166e806a.jpg,0109
926da119f9b74b458fe17dd03b60c6a6.jpg,0086
926eb5ccbdf74bb7bb5ed2380becfef2.jpg,0351
9270db4b33d64fd8a04ce53df250e638.jpg,0333
9271c5225b7b42a4b064636c7f328771.jpg,0314
927a97f06ff9461a960d45e8cd923c0b.jpg,0267
9281b0be4cb94793ba0a06d5b05d04a5.jpg,0466
9282d399927641f29baf94724ead982a.jpg,0261
9282e0ed91144d7e88bfe2fec693b877.jpg,0297
92840237878a451f8aca16def93714a2.jpg,0005
928498640c3c493d8501008723402ef7.jpg,0397
9284f708dbf841819d6e3d2b052b8308.jpg,0497
928609d5c8da4192b3be5f1bb89112eb.jpg,0062
92864fd8c80742e4981f069c805b45ae.jpg,0290
928936143ad74bdbb430d55cec435463.jpg,0078
928dc0d268e9440c89fa416524867400.jpg,0134
92905a64ea6c477ea105a0b7f9b3b098.jpg,0471
92933ffd8b514a30b5a79bea571c1c6b.jpg,0092
92939a8ea1e44bd998569f1a45d2eac0.jpg,0112
9293de29edb94faaaca1cff9da56aa9b.jpg,0131
92943b4095914e1f88c58533fd5b5ffd.jpg,0404
929871e58d0644558913798452636b52.jpg,0075
9298d6f61ec1428bac0e63880ce72c50.jpg,0238
9298eec9bbb8494db2d8b07ca0608d5b.jpg,0124
9299214ad17542e4828e898a1f9800e6.jpg,0257
929a3ce35feb4847b303c53fee1ae9d5.jpg,0361
929e016f270545da8e01734591000f05.jpg,0023
929f0f0974ca4c9d813e609181f7491d.jpg,0349
929f8aa43eab468a94495bf388f97f1a.jpg,0476
92a3171adeb74c94b286651effa59d55.jpg,0249
92a5e1f0bd0c47fd9a0010a9040eed9f.jpg,0367
92a66b38a49945f0833272c6e8ed8c89.jpg,0418
92a8e75a125c4de29a04120f36589721.jpg,0000
92aafa828c3a4dc88b7a298bcce72a35.jpg,0268
92b185aee31d4a72ac97ffb62d0f4ac7.jpg,0401
92b316717788441a9bd349fd03f18b66.jpg,0121
92b4db95e84748dfb771979feff9feae.jpg,0320
92b709ce23d64c55a3767e4e6967f53f.jpg,0437
92bce4b182f14e0dad6e5034b15d01ad.jpg,0273
92bf6be7e0914eed9f3a1abfcf3fc565.jpg,0017
92c145c686834e029ab5b070c455a81f.jpg,0362
92c89d2922124003a1f7cfd4483da837.jpg,0151
92cbe67af7e146c09cfadd4ddbfbde48.jpg,0371
92cef5f1f0fc41b484fcb97de16408d3.jpg,0008
92cf5f155fe144e4980d801e5d5bc572.jpg,0126
92d147f98cc747e6b255c53969922951.jpg,0428
92d377548d5c4c989a391af7314cb5a1.jpg,0313
92d5696935574dc09d9d2e04435bdc0a.jpg,0223
92d56f5c0ab04b4e81900ab3342d3ed1.jpg,0346
92de649e8cc9432494efa1244588ff27.jpg,0142
92e1935fd3894303861e0c62328ca0e5.jpg,0338
92e2d54f3a964024bc91f7d76242bfe6.jpg,0210
92e3d1dabc4b4b7c98784ecc8d5ebb14.jpg,0073
92ede3e84e2e48eebb581504d0bd5647.jpg,0475
92efaf7816214090ba1638a492c75cf6.jpg,0333
92f2d107890240e89ee062e17724e9d9.jpg,0466
92f52ea2aa64400daadc9c3ed9694473.jpg,0417
92fcf70ce407426b83e01384c157e8d8.jpg,0115
92ffcc90454041338dbaef3713582154.jpg,0461
930747f70ffe4a94ae1a2ba9df932fde.jpg,0386
930a3caefc004fec9dffe28be9eb8021.jpg,0046
930bb9bcfa9d43a78d9e2b8b58636825.jpg,0046
930ee26f180949db89bafbee701e39ee.jpg,0350
931010e10ead4e1087cc124e22d28ec0.jpg,0467
9314f1ed586a4f77952841c2dc30ead5.jpg,0002
9315e4a4ffcc40ebb625d456e43a53f6.jpg,0323
931b18bdf5ab4284a19b90ade766f21b.jpg,0320
931eb603224c4901b8703d7b2c716bf1.jpg,0163
931fc0a8f4a34c97a9ea5ceb084e8786.jpg,0082
93207a8d581f41ba9852a2fa5791f6a5.jpg,0334
9321aad9ace942b7bb4aba873599a582.jpg,0073
9323b4cc73cc42b0b246fa899f6728cb.jpg,0409
93293890e71440aeba7696e76b7890a4.jpg,0042
932cc31186b349839e598e334d037e49.jpg,0312
932d778ab325467cbcbf467a24ee5a39.jpg,0093
9331e921764c4b938a13017466377a08.jpg,0191
93332fa2a7544101919f63b4ff96b963.jpg,0481
933390250b7f4fdbaad0650d2c1ece79.jpg,0323
933489687a934ad5be3b1dd86a36a52c.jpg,0420
933683b715b3417f8071b8579a07aae1.jpg,0098
9338df6b4fdb44a2827b573b6065d362.jpg,0477
933a81ad4d3f43099ee00699d1f69839.jpg,0233
933d5f97e67b4ae3bf9842544cdc6889.jpg,0160
933f36aee2d8477aafe1d272fafa8dd3.jpg,0452
933fa9189f0a49d0a32f65a6892af841.jpg,0397
933fd402643646cbb60bc9205d714306.jpg,0083
9341515835b24c7a890eda31b8bff6c4.jpg,0141
934616e8842a43da82cc46b66c7f431c.jpg,0323
9349795e5b2d4bd0a5b6c7d844480abf.jpg,0201
934a3e59c4a34f1fab1403b21d519989.jpg,0178
93531e2ef8b44a789b102181bc1c17e1.jpg,0365
93540bbed104464b90a886e3e236dfcb.jpg,0462
935c03fab7644d17bf26e58c1e1854a0.jpg,0213
935c8e4c2f9e4980ae13949bb02ccf47.jpg,0434
935dacea0b014eee966ea1c175821fc7.jpg,0432
935e0a31f0a44c7cb1888139169db19b.jpg,0110
935f4e5ef1c5407687b5502e0d910f9d.jpg,0197
935f565f12324269aee9b7281d24eb69.jpg,0392
935f8221f28141e19feee46fa9c82dda.jpg,0016
9362422ee96343089eba13e0e477a1e6.jpg,0218
9362ecc00c8242c5b0ec6a78b99d397f.jpg,0124
936393cc01c74724b6274e54c078b2dc.jpg,0463
93645e78754a4a89b75e0cdcdd1c1963.jpg,0141
9364e94f1d6340f38ec1db16fc0c61e8.jpg,0241
93654b43504b4af08cf74c68333f9004.jpg,0316
9368f453c7e642d29893020276385e0e.jpg,0136
936973e7748c462fbec8c58209a73a5d.jpg,0322
936f15a79bdb4ddebfe06da35402fc55.jpg,0067
936f9b5aac6642019f4a56bfb7d11a08.jpg,0438
936fdc01470246a7bc1ec9bcf946c808.jpg,0164
9374989f39ff4c019801717922624ca2.jpg,0261
93756cb877cd49c8bb9c07f7b01a8563.jpg,0473
937701ba5b5c4bd2a3445fceb9616d8f.jpg,0382
93773a15b60946229a497ddc2549daca.jpg,0178
937a0ded27074d9c8dfe1c37a7a41a59.jpg,0232
937a7433d3c047679e82ad75b3a83249.jpg,0122
937b3ff06663421abe37153c86e77451.jpg,0066
937c34bd30c24f859ec7d115ed471a9c.jpg,0346
937dc52abf1042ae9303465b2d8632dc.jpg,0240
937dfd40817c4816a684b27476b912f3.jpg,0388
937ef1f93e8741c8974ee82a7a7f51a1.jpg,0058
93836856715940a59cdd246a7ac0ec8e.jpg,0318
9384982ed69a43a3b78e2446d71dd413.jpg,0321
9384a1abdfa7435abdbe2597e9b7cdd5.jpg,0391
9384fa92a5554e2b8846b73668060bd6.jpg,0016
93856690c197414a91579ae86e94dde6.jpg,0061
93880f3fe0c146d89e559ebd13b7ddd5.jpg,0068
9393da6e84f04c8085c433594bbe2b18.jpg,0221
9393ec1e637d43f7a0f0ba5ee404ab15.jpg,0117
9396d93fa11d42bebf1b9756b95390d9.jpg,0073
93979883d7ef4a3391920c031d7ae746.jpg,0397
93985b24ef4b4b809312e6c771a5c613.jpg,0090
939dc1d5b0c54533b5441a186f1e4df4.jpg,0306
939f9f7d626b4cc7a1afc8eb1218f4b4.jpg,0370
93a24857350143049b77b1f9fb1f1761.jpg,0392
93a49ec5da594ba3a4e6cd18372c7767.jpg,0332
93a6fc67e0b7457381bc7823480e1b3b.jpg,0286
93a851c8153c4175b8ea5ab8082400ba.jpg,0185
93a943b74bff47c2a68037c9d4ae3c2f.jpg,0073
93aef69fcc3f4620af4e5528a3c7abdb.jpg,0181
93b1e59634944cc0bc00a2977c1b91d0.jpg,0135
93b1eeb778af426998c6f812fe171c59.jpg,0051
93b2f5efcbd94b3bad7badd88e1558ed.jpg,0264
93b4e59624f3463899db7e0aa372716b.jpg,0353
93b9f9a0b8834ed493d0746e2a8ea31b.jpg,0470
93bb3f1d0ce94d68abd5494624aeb9ed.jpg,0226
93bbbe51b3324d70b160a11957f3a647.jpg,0033
93bf2980767b4e00b22843f245055fd6.jpg,0042
93bff0d448d44b7db931e5ef612dd23d.jpg,0146
93c05ee0781b4d54bc3904cd03dbf41d.jpg,0321
93cc16ea4c7f45468c288ef93123a749.jpg,0007
93cd578002b04a5ebd0c44fcb843e8f6.jpg,0074
93ce195c70e04e74a106737c50ea32d0.jpg,0149
93d12f25aea14898a0d9af0879e286b8.jpg,0091
93d5f5664bed48609e72c0c5fdb21f5e.jpg,0405
93d77447a8bd45f5a1b581f241a8aa0b.jpg,0368
93d776523c9749818f2bdef53ba597ea.jpg,0171
93d7e324f1174fc09a5cb18a61ccb688.jpg,0020
93da1e8fdba54a4b87635d13fbb9c221.jpg,0053
93dd428d395a437081eaae00bce63c11.jpg,0311
93e4eca96e5642fca24bef9b41053485.jpg,0416
93e5e0e2a39f4af2a2ea1db1515fd8d2.jpg,0495
93f18c575439476188820e220ae2769a.jpg,0091
93f7a102650b46918878d96b9c298fda.jpg,0378
93f80a506d25477aac4993e01725347c.jpg,0364
93f9ba72b6bd41e395a1ab314ffe510a.jpg,0375
93fb9c7817194f8b9742a7492680a24d.jpg,0471
93fc8ac1b18745cc8aa7f0c159cbc3a0.jpg,0108
93fd2ad01b2448a6b3cf036da89f336f.jpg,0131
9402172f9d17449883459a43c320b4a6.jpg,0111
9407247a07784e14a868a904fd6f8a40.jpg,0068
9407e753a8f145c2ba2c7c8bb658d297.jpg,0187
9409bb6354b449969f8d9392ae9fcc01.jpg,0063
940aee97dc7d485aa57ca53f4b8d649b.jpg,0294
940d40228bd447aca940247ae8b29707.jpg,0457
940f915f6e6e40f6916fad8ddeb86735.jpg,0355
94133bfa02c04173b023bafdee2e55b0.jpg,0395
9413a70dcb0647d3b77c7e434cdf9ee2.jpg,0166
94151c4547c44ff2b10461363f63ff84.jpg,0341
941909790f3c4484af9674447f91fdf1.jpg,0451
941ab4fd8517402fadc927342ac2e0cf.jpg,0144
941b0fa321b246eebae5b967b99f4c89.jpg,0436
941b4319dd2c4e308ca4992849627f08.jpg,0136
941ecaf0174d467c9c0dae789a71b1b1.jpg,0003
941fd25d9afd4c1bb5d29b82e042219c.jpg,0445
9421d73bec5844eda9c2b014b707ded2.jpg,0274
9425ea14289b4c1eb9ac2ee0e6c87345.jpg,0020
942f32637cad4385ac62509c37049e97.jpg,0091
94324dfbf9eb414d9f54871d621fe316.jpg,0320
9432933d6245457daf2bcfc9228c3c39.jpg,0027
943344c6e8b3442282dcd0ddff26edeb.jpg,0052
9436717db9004ff5b87bb68d4cea83fe.jpg,0014
9438555fac044dd0bf8c2ad073e15e3b.jpg,0124
943e2a0d7c9d418bad5beabeedcaf99a.jpg,0453
943e417375e2432f8bcd388e0c9db4f4.jpg,0174
943eb8b0b77f4789b7686db668e05cb0.jpg,0341
9440017bd53945c7ae2cdf53be3093ff.jpg,0169
94403014a30a4a0e85135ab8e5d912fb.jpg,0199
9444f76f9ec34367aecddfc4c27d5dbe.jpg,0445
94457427abf441a58756a32de7129ca6.jpg,0334
9445bab53bcc4d2bb864870a87b7626e.jpg,0492
944bcbb3efdd46d0ac48a66446718281.jpg,0077
944bf36278e74999899e0a03c4e7b0ab.jpg,0160
945445824c944c428954b8e86c1499f7.jpg,0133
945bc984ce584f559b033f323efb1498.jpg,0301
945c5ea748134ac593bcacc102984169.jpg,0225
945e2711b27f495d8c1a30ccd441351c.jpg,0361
945e98b8b41b46c0b11157d25aabcda5.jpg,0284
946b56eadd9f4c888b318cf5b8c39ebd.jpg,0023
946bba5ab33846f09d960bebbf4f4ab7.jpg,0290
946be830656143fc84094067b7aae6d8.jpg,0480
9473c19c034145f2846adc1844fd41f3.jpg,0299
947a0d2c10394347a5e8806da99a71d6.jpg,0499
947bfed56c7548feaba4c9407115c528.jpg,0291
94807f80f40d437aa6e0be73f346c81c.jpg,0221
9480fa115e3a4d8898484ea9110e937b.jpg,0437
94818ade5a9e403bb68f718d9913e4ff.jpg,0004
948265ef1a6244d3860f12adc1a7d243.jpg,0423
9483448ebfc14ba3a92873378ebc2027.jpg,0127
94876c6e9d62455c9d56660da3a1b043.jpg,0089
948af032373f48489341c5f7a8b3d121.jpg,0062
948cd4747107449aafed9ee6cd195955.jpg,0310
948d5f94f8af49cab3dcc8269c49071c.jpg,0296
94910fd8da4a414cb21907f97c3b3fd3.jpg,0249
949899dcea7a420681ee250fe85a78c6.jpg,0283
94995722f6cc45b6b2472c793d13ad9f.jpg,0411
949c122e017f47b5a09db5c6aabc79ff.jpg,0210
949cbf076f204e4b8f01da70fdd0ea2a.jpg,0289
949ec383c7b249a88388546374416a2a.jpg,0468
94a3342883de447e9029e785d0283081.jpg,0029
94a698596e2f4b44a1538fd4b61bb1e0.jpg,0487
94a6b991d7b54228ba250cf2b9c5160d.jpg,0015
94b1214b6716438dba66d354f2f9b0b3.jpg,0296
94b76959078a47fbb9b69b6be357961f.jpg,0228
94be8411f5b343bba198697029126698.jpg,0360
94bf550b95824d29a08d78d967be4960.jpg,0059
94c0221ef153479f85c7b83a56852664.jpg,0269
94c1fe59dc1445259ed92065376b8c12.jpg,0193
94c78c803c784760a8ac1065e48d907e.jpg,0206
94c82a149e5c4b348a6ecf2cd1f08479.jpg,0234
94cc9a26635d4c5ea5e4d799b131ee44.jpg,0249
94cdcaff0e0740fb898d59c49c27d97b.jpg,0045
94d01def88b3418a990d37baedd83569.jpg,0428
94d097bdcca146dda43959b4f91aedc8.jpg,0472
94d2dc5fec3e478c9872cc1401e98104.jpg,0108
94d37efae5eb42bb83ca68b600fdec62.jpg,0259
94d47042413044cea41acf0fc40d680d.jpg,0186
94d637591d044b99b043c64b0d1391df.jpg,0117
94da784c38d245b2a186715a15f84f48.jpg,0315
94e42933580a451ab4b4f7a9055609dc.jpg,0276
94e5a696ff264173bddcab285708df8c.jpg,0134
94e5b763199b49b08b75f06a7b02b293.jpg,0080
94e829f21f9d4de79afa5af52f3fe683.jpg,0206
94e92018ed134f4eb3b2b4def4aeeebe.jpg,0408
94edb46c5d354f3ea2289d469c66aa29.jpg,0312
94ee191534cc4fad84c22dc6607b860f.jpg,0154
94ef1d0aa4414861ba02470511307cdc.jpg,0494
94f2f6afa72d4e9086f355177357a63e.jpg,0227
94f39995db27485db65e431c262099c6.jpg,0110
94f3eebc6e2a4ae686e85467d3c2bd68.jpg,0273
94fa2b9dd84e43719f1f9a625557936a.jpg,0340
94ff2c89dde346a0be6fd2f39486666f.jpg,0456
95020e81924040ebad65bfbb38e70be1.jpg,0066
95045b5ccc0e4159b28b0b801f6e7a9f.jpg,0454
9508002ea1f14b06929d84df898c1726.jpg,0061
9508abf8f2cc477f97612b19c6e273db.jpg,0305
950975d0a79a49758c3531019794008a.jpg,0456
950bbd2a7e544fa6ab8ae75e01ba7ebb.jpg,0210
950dc467f03d486bb675cf59d7306fe2.jpg,0256
9511e536b6384c12925c2d3c91123673.jpg,0241
95149564130b467f954ed32dd34036a5.jpg,0423
951497fde7b740b5952c5d78c9ac48de.jpg,0335
95186d5fe19e44a0bb34cb10e488fc58.jpg,0042
951b023855534c72a81907a3d0016f82.jpg,0471
951baca1b9fc4badb540f168dc2ae7d5.jpg,0117
951cd2821c074c79ad4ca909e37e280e.jpg,0043
9520770db8e74fad9e739326ed67002b.jpg,0380
9520d48a9f7546beb7bcf9fce6135fd8.jpg,0101
95264a034221470dbb8ccc660c41556a.jpg,0367
9530d280697d4a148068bc0dd174c51b.jpg,0120
95334cb315254a03893d2061f920f3cf.jpg,0473
9534f518db954daba8e9950fd4314db8.jpg,0016
9535048f7a744290a347276aa9f34547.jpg,0068
953d749944134fc3afdd180b8339fb98.jpg,0431
95429a649daf41eeab8914e08f9b7a6c.jpg,0217
95440e0b78f64c4786cb6118a71f6fd4.jpg,0057
9544271a8d634dbca572535066de6584.jpg,0175
95446842c46b46a5a11c7447d6a4f513.jpg,0107
9547f472fac34ff29955b9e9d1f020ac.jpg,0138
9548c22b1aa84b7d8103b72b14533b21.jpg,0036
9548e2fe461d4442bcc56ef2b7e33a11.jpg,0148
954a19ab2f8e4e1e8e372ba83c808f79.jpg,0110
954c3b9ef2154041bb56d4d692b31499.jpg,0092
9552885b06714c3491f653addd5bf6ea.jpg,0365
9552aa10b1274d4287c9207458e5efbb.jpg,0047
9553b72967c243a8a42e8f6ba055010c.jpg,0176
9556bd3a9d544b45b264f750a0f479a5.jpg,0179
955b46c7ef394eaa87a0bd0c44180823.jpg,0289
955e1476a2f4490387e7e1e79a167525.jpg,0293
955fdd7e0d614643bf3c88ec5dc981c8.jpg,0158
9560923d1ea9464d90cbc950b94aa5d5.jpg,0000
9560e45bb3d44477a08294d205944f25.jpg,0441
95633b72d1fe4fa5b308a9f7a94cd159.jpg,0021
9563718e7a754f3f9803a57209cc30b2.jpg,0266
956952563b97413cb8b4a3785312ea8b.jpg,0375
956ab4f44237403fb777611294ce6b0a.jpg,0170
956d6f88dd8f49998e9fcb0a5f5cafbd.jpg,0335
957278e1e8e748ab8206e03c98520eb3.jpg,0150
95744fd8d47240ca936f3b24bfbf5f64.jpg,0487
957c5bf9cc8945af82156ba56afda44a.jpg,0309
957cfca4bbef4264bac6e650cf7c96a7.jpg,0029
9586fd78d4284a409e778359c0132604.jpg,0226
95872e7478b949ceb2ca664c072baf96.jpg,0445
958b0283310e46de9ed540103a3fd2e5.jpg,0287
958fef2873ea464ebf7b58013558a053.jpg,0463
9599554d6ec84eeab75302552fcd1a38.jpg,0308
959a77a8850d423d95b6a9df9309cab1.jpg,0037
95a0be19d62d4c4fba9deefabc82e701.jpg,0168
95a161059df745f09219c09dfa4a9b86.jpg,0051
95a47572b9d74a5cba8ce5f033b87d18.jpg,0288
95a5215050564d11b377af41f2aae110.jpg,0400
95a6fa49395d414ebdf67b38acffa7a4.jpg,0476
95ab3fa02b294e9dbc761d54f4a9944b.jpg,0363
95acd4867838491d849801d71875a03a.jpg,0068
95ad63411eda4c528ab771f58874d6f6.jpg,0039
95b0e4f400f644ddb26c2bffdb83ab31.jpg,0423
95b44791e0bb40d58c3fa3a7b9bdba95.jpg,0337
95b5617c18dc47a7a650131a9e161c4e.jpg,0309
95b6d5647a524a0d8018b478165e85a5.jpg,0371
95b70d5a7bec41acb7466fd6349da6eb.jpg,0124
95b8359989f74a73b74cf18af114b746.jpg,0047
95beaa36076b42209b3778b29c3af430.jpg,0133
95c24e5c07794657a0557a1be32bfc52.jpg,0060
95c7b61404d14c03870ce45787c399d0.jpg,0184
95cb5427f14d464ba8ef248c16e2571f.jpg,0303
95cd67cbbbfd44bc8fd8fc365d66fb5e.jpg,0193
95d0f916e72d4c4ab63d9d896f7f5a2b.jpg,0238
95d380a916fc48958ddff74b91a8d1b8.jpg,0230
95d95606d7dd47448ea0d2a43b24f719.jpg,0105
95da36032bb34cceba2637d46263eeb2.jpg,0237
95dbf540466843b7bfbd5535bc267194.jpg,0290
95dd3a7654ee42db8fbfcea978d27883.jpg,0484
95ddd373355b4163a25a2b9f780d056a.jpg,0382
95de46469e2848dfacbe515a48f69b89.jpg,0042
95e070436e934a76bd7a20da063c54c7.jpg,0277
95e1270cec834c3f8a2f2e2d715b8f45.jpg,0419
95e4eb85b31c4bd5a4dcff2d5048524b.jpg,0151
95e67e0693ba40d2867790b062e18cbd.jpg,0481
95e817346bcf484e8ed597e3a0420250.jpg,0014
95ed8fa65e6d48b3985a04252a7b85f7.jpg,0254
95edae23207c4003a44b7601155ce23f.jpg,0497
95f554907ffc4efe955e52e8f29c52bf.jpg,0031
95f9f29876454b5a86743aa95e054a5e.jpg,0163
95fccd7c625e444ba95ef8e61c179b1a.jpg,0310
9602094e81274b37920e81e7d55d337f.jpg,0075
9603b08b23554867ababae64f314ca62.jpg,0451
9604c7ee696b4b3dbbea60d1551c7e1e.jpg,0359
9605d44df2244613a309bbf45a5f945c.jpg,0216
960722bd020f4aafbafa631bed6633e6.jpg,0037
9609c160aadf441a96774c03fde3380c.jpg,0239
960b375457cd43d5be75a90973ed8778.jpg,0254
960b99817abb4dc5af5080913e02aa60.jpg,0114
960f6131831242babc00dd07962be221.jpg,0209
961219830a1e48edacf3a7305186821a.jpg,0070
9613fb1f24294864acc19dd87c8ffa48.jpg,0146
9614b15ce9cb420f8299fc1d0b66983f.jpg,0238
96167782577041bd8fab684cc0e90f73.jpg,0247
9618fd276111423d863ec14c1299ee5b.jpg,0275
961d6047c78a4128937dbcbe6a5bdb15.jpg,0129
961ea7a56f554f51a2978c8437a43ceb.jpg,0036
9620c627585149a480663e7f6f04623e.jpg,0443
96216b53a5ad4697a279a3f0094d6b3e.jpg,0496
962214dc65ba4c339d4a67215b9fa596.jpg,0356
9629c4facf054c9592f9a6c63b6e4eff.jpg,0377
962a24f99e4d46ffb190b66de0499d35.jpg,0197
962a442f93064b5a9f4d3ca013f0ac3e.jpg,0204
962b32ef0b2c4e44b90911e8b146a5e6.jpg,0223
962d5233b5474407865adffbddcbc182.jpg,0362
962def9608524aeaa8a31e8543ca2256.jpg,0470
962e20e9faae4b06b55e5194bbdd212b.jpg,0121
963162de8fb24d2f9aa89d042af325c1.jpg,0262
9632d1439f054cc18643bb99fde4ca25.jpg,0038
9633b16609384b19a13227c1480731db.jpg,0150
963530ebfb4340d884cf6889057cc824.jpg,0030
96375ea682e14360b13e19dc428b0549.jpg,0175
9637de5d6bd94fc89796d58b788ff6f4.jpg,0156
963b56ea4f294a19acae032bf5d93b3d.jpg,0434
963bc92a6857401d8b04cc000c8cdf34.jpg,0438
963c3a7de0f1457daa273e9fcbab3839.jpg,0276
963c6c3553b74ca5b5aaeb220f288c41.jpg,0267
96412801b85f4475aa68b75f6fdc4605.jpg,0404
9641765c650f46b4ab76281f9385d55f.jpg,0212
9642e10f06404f51be9f7be1e0d2adbe.jpg,0363
9642e5fc24a84b51ae711d55a96b7e13.jpg,0222
964512bd19094ef3beda808c73131730.jpg,0310
964af83d94b54bc096f133e3769040ab.jpg,0386
964cee595a6843aba5e5ca0ad45bd6ee.jpg,0403
96545fadef9148f89e4a6e870ab0b0ee.jpg,0220
9657190af9a041bfb0b4ec01a5e73a72.jpg,0400
9657f63bdd9240cd99721c669e558447.jpg,0115
965bb00486a24698a24580d525c5b64d.jpg,0137
965fda5b8caf4390838107b259b2c1fd.jpg,0073
9660f640e0524635a272ce02072f8e2b.jpg,0112
9667014fb9914c1e9969b5b059430e4c.jpg,0225
966f1312d7f64a8ebf2bf073d52cd7bf.jpg,0115
9670ab62a18647819500830fc7d5dcc1.jpg,0306
96785e62ffeb48faa4be227b7a7c10de.jpg,0087
967c4534f0554aec9ef771d4fafa759f.jpg,0235
9682895d64864f67978ca368d7d7a7a0.jpg,0498
9686a3e73dfc46288e046ea82fc739b9.jpg,0127
9686cd0062744e03872390aab1bfaef2.jpg,0063
9688c2a7c698440f937c6b5e615f2267.jpg,0491
968a9dd9273845e4949726d3c57cdeae.jpg,0200
968e78902c2e44fea1d3e081fa730595.jpg,0178
968f0c066c4c4526946db37ab1a2365d.jpg,0409
968fc43953f14bda9fadfe883e7ad0eb.jpg,0351
969120164b144da3a64f0b7283db0b2a.jpg,0000
9691ac57d3d24915be31604b27889d2a.jpg,0205
969252cdba00479c9b947cdbce105d7f.jpg,0395
969380a58b2a4969832f983f026a4f9c.jpg,0079
9693e726f0af428f90352ecb72b3eb45.jpg,0310
969568b52ce34e6c9ac03ca20b38fe16.jpg,0292
969705e169aa43a8838c023807772ce4.jpg,0077
9698ba8611c04ce9bb3ef40de332ceda.jpg,0211
96992abb346b4f9f922389bee8e432d5.jpg,0007
969c72dfb954449d851d6ba118af6494.jpg,0219
969cec17cc15438088e2769d6abc0ae8.jpg,0183
969f456b58184298a2ccd5f004303cb8.jpg,0386
96a2f5cd9ed8459187f810476f337f71.jpg,0068
96a40de090cb4ba0b28d443aeb3a8617.jpg,0233
96a68b26d0f140c280d1a2b6bf030426.jpg,0096
96a9a111844844c1a6e8aca54eb24a18.jpg,0445
96ac301c21e04015ac204490c3c91ca3.jpg,0130
96aed597c45943aeb400f29b0cb5300f.jpg,0499
96b011b59bca45a095292e1dcd38c2a7.jpg,0416
96b033f35840497ab94797504849d8e0.jpg,0294
96b2ac2411f9429f8ac390215ef1eb7e.jpg,0419
96b8f1bceae342c7acfcbbad2b60e7f8.jpg,0249
96ba8cb42bdb40a7984e492d69443453.jpg,0419
96bec148add043dbad027187f0ff4f24.jpg,0294
96bfb64f800a4a1b889fb2e23fe40843.jpg,0077
96c00ed58d5c471f95c91b0a1bb5f5ec.jpg,0476
96c26f223aa24661823f5f042a561338.jpg,0084
96c60dc5131e4f808a7e453f8d77a464.jpg,0049
96cc18175bc9432b89bcbd9995afa8a4.jpg,0272
96ce6f442a11445180ec4bc58e4a6782.jpg,0090
96cf141d20914f988cf98fda89c7ddfa.jpg,0446
96d07edb3bfb47a1861c09b7a12adaea.jpg,0005
96d1495d6c654ec7a5f93abcd34e33bf.jpg,0212
96d754052e2e4b6a96be4d23623f6a45.jpg,0477
96d90bda0c324ab99d3ed4587be89bac.jpg,0192
96d95f8613f84d6c99aa1bcbe078ee85.jpg,0439
96d9b3e2c46f4eb197ea3e82294650a1.jpg,0315
96e3b088790a4219a9eaa7ceaf7c8242.jpg,0203
96e88ebd742e47f8b67bc2ce0d2feee7.jpg,0218
96e8e3790b444181a146206dc67402db.jpg,0191
96ec3d6af6634d779ee2d748b84224a6.jpg,0411
96ef7e718f0c4c3ca1e2ff7087f85b49.jpg,0059
96f2ccf93eb440a7805f820c660b70ca.jpg,0433
96f9177d13a8422494ffe6967d1a8f01.jpg,0210
96fa4ff0128f4001b8d50140926b1772.jpg,0060
96fe5a62205348799a632ba3d0fc6326.jpg,0062
96fef641cf56422db29eef1354565587.jpg,0385
970329601d4c44099fe64390675ef585.jpg,0064
970ba1680ea1420eb673b6e804c5fb1d.jpg,0185
970cf37a298141999bf896a199e22344.jpg,0272
970d9aac2bc44a088b2f6f587392418b.jpg,0111
970fa0d723e94680a2215b9729409e68.jpg,0347
97108544f7a44d5294139f7658e5c270.jpg,0381
9710a03303804559919f53b7bfa1d0b2.jpg,0370
9714807017404d78b010387047f032e5.jpg,0180
97148e8a3cf34deea7cbdb4b95986cf4.jpg,0280
972063e6077e423bb1bd67f36e8aa0ce.jpg,0130
9724802cba124628925d9cd09771ad14.jpg,0152
9724cbf947534326a516a45655ce3c9d.jpg,0092
972b1466e7d54069941f114deb3435d6.jpg,0089
972b628c32a64be0bf7ae63b98cdc045.jpg,0062
972cd673187c4c9ea8153abe56bbe8f1.jpg,0039
972f21316bf34f008a80b697e298e3aa.jpg,0224
9733d849c3b842f19575fdd8ac0be19e.jpg,0025
9734f21555454954b2a315e88a513c55.jpg,0065
97378e72c8e34c13a5ce7a90d0339690.jpg,0490
973a0aa02ec54311aed6cc19113ed03c.jpg,0257
973a689be16e40e39710a54478526278.jpg,0434
974791dd8061407d8b6a0c18ea0f4064.jpg,0408
9748b5be19cb434f972cf1413ee1161c.jpg,0255
974b99d8ba1d4de98eb418c7fee38d7f.jpg,0324
974c200211704067bbba28719595eefd.jpg,0284
97537033c63344afae3b0052ed751529.jpg,0240
975441808a13429094d6465004e48155.jpg,0326
97572dc60dd64568abcc3e7ef848b937.jpg,0362
975a697446fc403db4598333c7c75717.jpg,0154
9762f6a16bbb42fca680476ae9cdf631.jpg,0491
976881b47c5a47bd9637c2e383086af8.jpg,0222
976964ae16b24110b081dc92d2ef7af2.jpg,0394
976acf7e1c744b80a5040bba0b31e72e.jpg,0094
976b1c92874e475f8c3c798fef9c80af.jpg,0445
976bc978cfbd4781a91ea74205a6f84a.jpg,0375
976f0c38f3b2403680906a63785a900d.jpg,0385
976ffb686ad8407d86e0f5c4042c025f.jpg,0384
97761dcab9524fcc9d6863a91557f306.jpg,0072
977684e01eb94a13a94cdd8466551e0f.jpg,0123
977c39c8d52240ae876ba8389b8bcdda.jpg,0225
977fb3f891a64cfea3f5f4fcc22ad10f.jpg,0012
977fcb4b275f42c09778d4b73cbbbf67.jpg,0039
978769bae8f74eaa9f5eabe6ada1e6f3.jpg,0472
978f04284f8c4fe9a9c9b82d5591213a.jpg,0108
979145d43971450eadf0e2aeadf240c3.jpg,0211
9795dbd15ef845c79bf10375aa95f6b6.jpg,0116
97975eafcf6c48e5b266f273a9a78706.jpg,0372
979c0790fb084b38a5468a5ee902d41c.jpg,0176
979c4425116f40c281c07c9b8f6d2ef8.jpg,0321
979d1eee9f6046c29357902512574eb0.jpg,0375
979db9f5805b491f93a3c6251dd082b4.jpg,0382
97a29c6e96554fae9788de843ec9af47.jpg,0284
97a2ef7699ca42a7abccfcd1108bbc06.jpg,0032
97a4e572602b43c280244d7e0d402ea3.jpg,0147
97a57dc494ae46d195e8c589002fac11.jpg,0323
97a95fce9ea0446f92077ecb3752b5a1.jpg,0415
97aaec21ff594628b996e82929ea2e39.jpg,0462
97adfa585f054458a714241a27bf1135.jpg,0493
97b16a4ddeca475b82372a811300242b.jpg,0190
97b62552694f4e149ba9cdce9ee0d159.jpg,0115
97baefc5243c41baa4cbbac70f1e7ace.jpg,0037
97bb50b25628448eb2146fd78e1c4551.jpg,0305
97bc96a7d9024129821a8ca90bff9a68.jpg,0112
97bd7a822e3a4d76bfe4236dc8c8741c.jpg,0442
97c00a93686b4e668ac1f47a82bf1e51.jpg,0035
97c0ea654c634db29299bd86a14adb56.jpg,0307
97c1774e5d8440679922f60ee489b24f.jpg,0205
97c365112565496f8cc1bcfb72126c5f.jpg,0259
97c4c4f2b8734e39ad12384ec22c05c0.jpg,0328
97c86efcb7674819a092eca18a2e5a25.jpg,0446
97cae2585bb4413cb1b142694d901b61.jpg,0461
97cb9e9d580d4821ae0aebaf2348c968.jpg,0142
97cfe4ad492c491ca23bc9890f912c84.jpg,0178
97d558227cc94e0cb0378b287bb93ed6.jpg,0427
97d98501172441958b367a7c30580ba1.jpg,0481
97d9cf2b581e42a694b630f12b623972.jpg,0290
97db07edd6244c79a2fcbc56e5bfcada.jpg,0351
97dbcf9403834980b37e2f19db1d8858.jpg,0491
97e1c389824b4447a7b84234d863f52a.jpg,0493
97e4284c0c2a431ba0103e5d92f08a73.jpg,0107
97e577ebec4d4a9a81be52d2ec751eee.jpg,0236
97e7e99f0e084d91bbbfeaa9d15e89e5.jpg,0187
97f29154c66e44e394895b888a95c692.jpg,0425
97f2be010ccd4d01ae9448b8af3a635a.jpg,0127
97f676b746fb477c9606fbdfe89d48a0.jpg,0144
97f9557eb32847e9b046591590d2a17e.jpg,0421
97fab558a73c4289b7fe4f68d10bd7ad.jpg,0213
97fc6ae11c1a45abbe11c2659813397b.jpg,0370
97fd47c60307469683944a1850615a64.jpg,0002
98025c12ea5d4d02ae5fba6a68fb9e57.jpg,0078
98028b2751cc47e2a34852f4f15f1d79.jpg,0205
980353237b814558bc993300891bbe4f.jpg,0459
98055c338b2547e6951831fd26c92fc9.jpg,0019
980686cb31f94cd3aba0d84c72552ed6.jpg,0115
9807322eb1ea483eb4ab7adf4691f992.jpg,0282
9807ed0143044d0b87bc57f68abd6bfb.jpg,0179
98093e31f9e64aa994d33a61b8b8e1e8.jpg,0105
980bc9d65d114fec99f5705b437bc15a.jpg,0134
980c909afd7942869a4d08f51bdec441.jpg,0071
98114f7c841b4fdbb009f29d773f32cb.jpg,0313
981571b2c6d14b4786db25d3713e50a0.jpg,0049
9815766d11624c93b71eba23d7c11f2f.jpg,0134
9817d7fb1cd64cf88ada5bef9f748366.jpg,0060
9818e8bd44354f3cb9037144319d6e5b.jpg,0189
981d3ccba08e4b76b8056c51be849f82.jpg,0105
981e11ce09114b7fb984a0ebc302b19a.jpg,0012
98202224c8f8487da48cef40080cfd7e.jpg,0452
9824618f2bec4ba9ab6a6bfba7e83f2d.jpg,0495
98259a505a0b4353946f0d1879e2c074.jpg,0039
9825b8db88b848bf8724b3d2029be473.jpg,0324
98271791634b46eebaa423662b3fb068.jpg,0068
9828d1a4e6b0462b866ee9f26083edff.jpg,0213
982b17b8df144fc09847463f4983b81b.jpg,0322
982c6bad5df54828aad6b0eef0db72d5.jpg,0429
982f93a7e2fc4c09a6bdaf9a6679aefb.jpg,0421
983007a87ecd449888bcc904a8774848.jpg,0258
983147dbce014aa5a14d0066d309410b.jpg,0435
983825fc4d454ddf9cfa263572e26806.jpg,0131
9838707bf1a74b93bf86425a43cd12ce.jpg,0146
983929a64d7f46b88873da689c9cb63b.jpg,0426
983f6dbd42fc446db4e255dea23594dc.jpg,0250
9840d27281884874bbb230296c11b478.jpg,0095
984484ed9ed4454c86ffd47355065d40.jpg,0246
9845f7447f6c470cbe1a477a487acacb.jpg,0004
9847f5067787417aa0828b6a0db59b6c.jpg,0476
98481e2fdfea4c2da974919e04879265.jpg,0295
984b144262e54e7289c47b1dd432fc2a.jpg,0419
984b96c9c59f448a8db930a069025626.jpg,0087
984c2715d6404c4bb364c611baba2c24.jpg,0022
9853a47f871042238621c5b6a461dc28.jpg,0373
985c2dec1c794f00b51c8b3a0b1c731c.jpg,0343
985cfdaa79ed4f5f88bcb81f2cfa22e4.jpg,0233
985f08c9daed4b85a44b524df748ca1e.jpg,0278
985f42de74b044c5ba91b7ea0b128625.jpg,0275
986121b8941a4d04b0db8a2cf99f35d1.jpg,0353
986230c37941476aa78bed88dbddb33a.jpg,0260
98677212fef84ab5aa58d2981e95c6d8.jpg,0470
98681c92d9f94c64960ad1065dd72001.jpg,0068
9868caf908904e8baa9ece42f8904540.jpg,0354
9869a6e3f5ae4801997e831cdbcaa440.jpg,0238
986ba95b35aa4b92828ef9b7b60f9551.jpg,0016
986d62ed2a2b463986ed47a7de15e1a9.jpg,0482
987125abcecf4ab2baa041215460e755.jpg,0073
98767918b62c47f4ac90970afa709ee9.jpg,0080
9878d9a0ab3e434cb581f951d20385af.jpg,0085
987910b417d94d2fa46d037e1fcba548.jpg,0365
98792b597215482e9d16712c750cff7b.jpg,0253
987cdc9289404e40bb50d7737f939032.jpg,0118
9880ab1cf0104314a98dfa36e2ade8d4.jpg,0059
988152940d6e461e99b94ad210fb42f1.jpg,0323
988486e212ef4f908f111a1982f0bd35.jpg,0359
988550cedc6e4dab9ee252219169c261.jpg,0110
9889fe25d6354e59bfa7db99760faa7f.jpg,0154
988a596994964a8390ee0735f4f82283.jpg,0157
988d503a37fd421cae1ae409d267bb2b.jpg,0054
988f15a921b642bcbcd7d277b4104fdf.jpg,0190
9890a0c3c5b140459b36947646f2e9d3.jpg,0260
98928b3636914f028019823f53921ad5.jpg,0479
989448a2d50e4e0a8b95e7a80937ded8.jpg,0079
98a39106b4e545038fb4e8db143c0886.jpg,0480
98a76a06c664492d8bebf1235fb5da4b.jpg,0032
98a811bc87e146de92f498bb31fe4557.jpg,0145
98a82687f5b0457498e34870ccb06e91.jpg,0267
98a87bb3eb8f40c9a476489049f591b8.jpg,0357
98a934acdf67415381dfe830e58c03c6.jpg,0354
98a9c80418f74b9cbc594667e2969956.jpg,0366
98aa554dc72c49f4b070f23824ba59eb.jpg,0186
98b43c3ee0504ac2955c7fb4b26db665.jpg,0152
98b46e5f61be4a97843a74285624b771.jpg,0471
98b5a93d67eb43209af6dfcb3cba1eb5.jpg,0240
98bb58186a3b4c5e9d0f91c86a9dcadb.jpg,0056
98be89168b574640a15221ebd9732ffc.jpg,0236
98c1a4e808bb4be6819361d2694fe6ce.jpg,0039
98c672a33011498486efeb1e520c1668.jpg,0290
98cdb53a1c864f7eaf1ad22c611f0075.jpg,0358
98ce6dded5be447a858be98a3e1ccaa5.jpg,0163
98cec3952bf747de9aa9ed38080c4247.jpg,0094
98cf0f443cd247f58da3044501774e4b.jpg,0210
98d109dacf4f4ba49f7e8e017a2531e1.jpg,0062
98d18b9323714f65b3249ba86d099c6a.jpg,0431
98d1b79a33e747e7a729a7de55280491.jpg,0211
98d2bee4e5dc4db488fb95d97177fd43.jpg,0216
98d8ca8e15624f6795d6108fe09499e1.jpg,0078
98dbc3556ea243f498fad8713f15d2d5.jpg,0205
98dc1385490e408db1bb4346c57addd6.jpg,0011
98df5de8dec742f4b6a6eae8e6ae725c.jpg,0143
98e01c3f79de4c15bf6433f86880cd12.jpg,0411
98e096d5d33e4b0a97acb53d4e4882bf.jpg,0341
98e21287900c4d8ab4d276382f2dad50.jpg,0222
98e2bd02e112418db387d693c6c38ecb.jpg,0353
98e3ae19a52541b4805ce3d22271f2fb.jpg,0295
98e3e451e77541e4896e6393f9374c33.jpg,0367
98e62498bd5145d69acf02b4920c8270.jpg,0407
98ea7be1ec084c528a22f2e178da8693.jpg,0218
98efaf9a81694fadacdb54c8e0dc0273.jpg,0361
98f058396b414ff8ac097e13417a5be9.jpg,0024
98f2ed9bd24440919abc405d2b7c94db.jpg,0028
98f301ab60a347678814d29014500f2b.jpg,0485
98f7ace8dd2943e6bcade006cb5b5fe0.jpg,0009
98f92d4eb06346c7b8b190ce025efbdd.jpg,0119
98f9a43cba8f45adba849014e9086556.jpg,0020
98f9c5ec1e6d46689544889ca730d67f.jpg,0109
98fc576ea9424188a373f8d85002e4bf.jpg,0338
98fd13a5fc14449f91007b924348aae9.jpg,0161
98fef71649b54591a0139efa9268cb9b.jpg,0012
9900c99eea9c4da29e644851790f7659.jpg,0208
9905be71dd0345599618c931455b4575.jpg,0191
9905ce34a7374b2aa635e6a7e9de0896.jpg,0258
990621371bb3460f947763514b71fc7c.jpg,0399
990d3cceae394cd2bda1b95bb5b6f4c2.jpg,0235
990e0543a9e44ed9a7a26cbd55a713e0.jpg,0292
990e77505a6d43babe20a7d35eb11620.jpg,0435
9911b9a9db064c5bbc8e66d3d5092da2.jpg,0357
9915963f4cef49df986dbb362fff571d.jpg,0002
991901c4823243df81dafa08ac77d490.jpg,0036
99199ff28763447e816607a745621af2.jpg,0207
9919b9fb84214245bca6ba289d3574c1.jpg,0373
99269ca50f0b4cdebc394dd3dadae2e8.jpg,0236
9926ed9d76cf467bb79107683e8304a4.jpg,0136
9928d7881b7145f6a4a179a545d63fe1.jpg,0412
992965faec7b458198f88793170f6337.jpg,0487
992b54c8508440a2b426820b0e32ac02.jpg,0437
992b8aed60d34cc687ae0f4c38fe8fe0.jpg,0434
992d381b3e7b4ab0abbae0a605ef25c4.jpg,0256
992fba7b8474499c8676c37547e65864.jpg,0429
9931702a18ae4178afa403e25fb79bbd.jpg,0399
9938874eb2c145c484e003ab040e787f.jpg,0312
9938b8553ea143e09987afa2b4e7114e.jpg,0313
993ad00b29df42c3b45a889450928ccd.jpg,0374
993eedb4364c4ad1b19f2c988c058fd4.jpg,0386
9941105f3578420886713b8c04a3a539.jpg,0261
9947c120ebba43db96042c56e323db5d.jpg,0296
99484e4987044e25b16b81e702ff46b6.jpg,0217
994bc30dc5a14fa1988fd5d2ffc7343d.jpg,0356
994d6aea98f5443da0bf6298443778dd.jpg,0061
994d9fdc334d46a18ea7c649c8f97452.jpg,0380
994e3d7aef7c45bb8397901dda61e9ba.jpg,0061
9956f4614d584f618b0be594a03e29bb.jpg,0418
995708014cc64d70856b3923501891ae.jpg,0178
99586d7bf0c44e4e824e7d5813b39ca5.jpg,0051
9958965f79524a8d89c9012d9c00630a.jpg,0416
995d76a8fcde4220a7b4b23a62fc818b.jpg,0124
995ee442a4f2480092db840578148322.jpg,0282
99627771b3914c90949dd59cdb5238a6.jpg,0429
9962b09d96194cbb92cf3eb023c5176c.jpg,0335
996302e9d1ab471586c77210c2eb6ef6.jpg,0371
99658288cc18465da8af622d9f6bf188.jpg,0495
996b25a791274d198fbeff93c1b3bec7.jpg,0250
996c3a286a5143a4980d9cf64f0d7578.jpg,0149
996d698b6ac9413299ed29570e0e08bc.jpg,0288
996df1df211449e09e2ad896a48b1b05.jpg,0241
996ea903f8da4cc7a734b91ba0c2db3a.jpg,0275
996f7617474c4b088a9b098a87382b90.jpg,0398
9970aac0f74943018ee6485b31bf51f9.jpg,0179
997690758eeb477da136f9e68370a301.jpg,0468
99785ecc3af04f43889daf5952bd3954.jpg,0132
997ca8b6d79f4a58ac15c3154bd6378a.jpg,0491
997caed4d3644dde80112971283b3a7c.jpg,0032
99816e9dfd00420a994b77335327f438.jpg,0078
99817a0573154d46bdb33cd10fe3606c.jpg,0335
9982590fe30940c28bab4a0014852903.jpg,0106
99837e8c3e9348dfbf94dcc776baed60.jpg,0234
9988669dd70447d98b140c1410aa222e.jpg,0084
998905f759794e9ea9b861d9b598bdc1.jpg,0448
9989ca083a6543ab842826e2a40a5910.jpg,0109
99970de301f54e90be41eebb4933aace.jpg,0274
9998ead36cc246988b608d2a5cca0e71.jpg,0166
999adcd8ffda463aa71d31efea4b4c00.jpg,0375
99a2f3d07e81449bb99b578a92eaba80.jpg,0313
99a35309b50c4b27bd2400ea5e958db6.jpg,0101
99a4caaaa6664094981e72e373d1a798.jpg,0361
99a6abd3ec224dd29a64ad504d2eeb92.jpg,0063
99a893021e2b4357ac2020f66e1dbd7d.jpg,0289
99a9c5ed66ca418c837cd6181bc8a9eb.jpg,0436
99aa4152dbe243d882cee34387446da0.jpg,0318
99abde49f3934902801060be30c3145a.jpg,0243
99b1212853904c40b53b8177047917e6.jpg,0111
99b5b18df0fb4da683c67f08ae98aa6d.jpg,0273
99b876e1bf304959b332f03767b4610f.jpg,0106
99b8c4df7238458b9a213356ff1f4795.jpg,0295
99c02ac85571430cb21520225b9d4cf8.jpg,0108
99c2faf3b6bc46fb8cdc688c5d754e8c.jpg,0167
99c8f92eab2b4cf68d318fe4231c6b01.jpg,0113
99cd44d3a7654f80ab799b182b525d95.jpg,0126
99d21f76931242d890a51248a14391f9.jpg,0365
99d238fecffd4e96b7b405ec348b1e4e.jpg,0200
99d38e82ca14416285b915691a901912.jpg,0197
99d39b9dc2f8445296fbc6e8d1a43e0b.jpg,0476
99d4f56865b848ab9fe32565bc8eb549.jpg,0179
99d6daa00c084d9faf04aa22ff8375cd.jpg,0065
99de3d4bf8bf4f6b9f9a99fab8e3bdc2.jpg,0129
99e38bc0a9af4050b355f03f89874f22.jpg,0055
99e630b964214bab944a7e62381745e8.jpg,0420
99e6b7363f8f4ef78a826b77479f667f.jpg,0127
99e7096abaeb498db71b4a0b2feeab46.jpg,0154
99e85b9e0bae43baaac75cb87c5a4e36.jpg,0208
99effcb873324738a457d9b14589564a.jpg,0173
99f669fbd70f4ba99c18c806f74f7bf9.jpg,0065
99f6cc0712fc4f9384e9082ea4ceed89.jpg,0423
99f823fb30764e7fb98027617320e978.jpg,0107
99fc83a3f42e4a76bb69e97b9f12ddc8.jpg,0030
99fcad2c3cdc46c7b3a72dc14fd0d012.jpg,0414
99fd7c1c4ee246c9b558aaa3f50ff3cb.jpg,0364
9a00c2b1c1b54ecdb556a0595760c35e.jpg,0252
9a02244cce5c4cceb86498e28be87742.jpg,0063
9a02efee7c4b4896b8ac06dca76e9b33.jpg,0346
9a034795674d4029af4a9e27c2bffc25.jpg,0117
9a067952604c4db0bc00bcd50b3cee60.jpg,0184
9a075be810b2400684c7b99f3d469754.jpg,0474
9a08d0049473465f899364232dd92b6f.jpg,0325
9a096696dba84b43be3f2e0859ef13dc.jpg,0104
9a0b5d7daa824da0b383cca86e955995.jpg,0232
9a0bc8a44c374e36882441f26e19e839.jpg,0335
9a0c90e826904f909674fd8d39d41e0c.jpg,0257
9a10afeb13fa4e78876a3baa65576b8d.jpg,0458
9a132c57af1a442faa1489c2bdca9ff1.jpg,0022
9a13504d48d74d59bd3b3a663d15b265.jpg,0269
9a145622359948a1bb17120122178620.jpg,0307
9a1636eb09e346afaa64d29bcbb27523.jpg,0378
9a1cb467f37b446f95c2149c22b0d0dd.jpg,0368
9a1e07a3860c4294b2c318f456ae01d3.jpg,0174
9a1ffb13bf254748a898e49c6432b05a.jpg,0272
9a22549e9ff74f56abcfd8ce4b48f1c4.jpg,0441
9a2486815ad54c80b94fee64965c8cf9.jpg,0485
9a2570fc6a0f4a3eb2e52e44f31ab13e.jpg,0210
9a274731f13a4c87a71d36310bd38815.jpg,0444
9a299988af444273b8b8396e06917be3.jpg,0113
9a2bc0acd831456f911eda14f9cc87cc.jpg,0120
9a2c59c932354c36a00fd07cf295cf4a.jpg,0298
9a2fefa79d6c4bbabd39328073bff650.jpg,0213
9a30b758927843f79c1d13eb51262ff8.jpg,0256
9a38a7d6662347b4a6c2b5a937c3e49a.jpg,0422
9a38c1bf4fbb4476b7693d95ccefb868.jpg,0326
9a39031af3134be884db55c7cb253863.jpg,0134
9a3a98c68e1c45da91ddfd004ed6111f.jpg,0216
9a3e377648054befae264f87e2da421e.jpg,0436
9a3f3c8b723d4c8bb1cec662d15c129e.jpg,0470
9a40fac70f9d4de7b29f10ea89d868ed.jpg,0305
9a452640d7b4476aa1f6be37aa41a6b7.jpg,0229
9a48f264dfed446abacea4be284bf966.jpg,0057
9a4adc7ecdfd4159bf95f1c8587c6ce4.jpg,0477
9a50b1f1754c4078966417d326323f4a.jpg,0322
9a533ef2fc8a4224989322ed74139e3c.jpg,0364
9a559347bb934087964a1ae3f7994102.jpg,0033
9a55c7c54b0245e2aaaaf32e03a04a1c.jpg,0290
9a5b1efb26da4f03b578f65dd132ac02.jpg,0191
9a5c13f9f1294c258423f6c3c1d2778b.jpg,0472
9a5d8f7ec90448bf803d1e8420f0bd3d.jpg,0073
9a5f8b9ff10e4786b8253b75d4554e11.jpg,0196
9a5fac7159354e3c995a55b0547fcf71.jpg,0224
9a5fe8a6fdfb474e8be632631382d9a9.jpg,0288
9a6864152a604474985a3cd438693602.jpg,0049
9a68ecf6f01c4b4c9634bb812e238e0e.jpg,0040
9a69ad4cac744fa0ab1046aaf909f16c.jpg,0286
9a6aa36d73cb4bb4877ac0550e92ba52.jpg,0478
9a6c61bb5a414f6d9114159d9092c52a.jpg,0253
9a7408ed16824d44af711daae1356282.jpg,0326
9a745c696b5d4ac0b31e7a21fce32439.jpg,0341
9a76a482198140aa83d384723e225572.jpg,0402
9a783294ba5d4e7c8c68ec7350c6eef2.jpg,0202
9a7a8d9b281e4c548168e05fbdb4e586.jpg,0225
9a7e2018842f450bad08c5652d4b5519.jpg,0072
9a7e39aa1a8f472795d77acba5da0cfc.jpg,0066
9a7ee0b9224640a59f0b475b23258f9b.jpg,0101
9a8973fcc8ad4c20b82b1a01d6753b3c.jpg,0156
9a89eb5a14214c52b7f7b12939d57d07.jpg,0121
9a8b2f24648e4b6688aec0a90db747fe.jpg,0108
9a8dcd8767a4411dba91858269a42e3b.jpg,0334
9a8ddab19ca0446b9a75ad0ab7598612.jpg,0107
9a90a36918ff411cbeb50815ef80f056.jpg,0300
9a951e562e894de681b32669f35f4653.jpg,0274
9a99a08bd514489aa84be513a7f99d01.jpg,0353
9a9a97ca5ebb40a29721b8c4e880b1ee.jpg,0497
9a9bdec6a4554663baa7665da481c30e.jpg,0076
9aa0d716caee44289d5535b491e47691.jpg,0036
9aa99a3865fc496fada39b9c12be7ba0.jpg,0016
9aac45b74c6142b2b85f8016b5ce01f2.jpg,0461
9ab192d296fa47b78d20a939b551379f.jpg,0163
9ab72f743f844ceea7b5afebdca080d8.jpg,0230
9ab74ab2bd6b4954a5efbf035824a671.jpg,0275
9ab785eb1cef477fbee7be87d176e36f.jpg,0203
9ab87384fd7f4f0c8b12a41651700735.jpg,0488
9abb1fc8cc304588a779a34804ac28ca.jpg,0068
9abe9a1ebd75494587bddcc8e2de5b89.jpg,0473
9abfcdd0d1ea4906adf92d2e4e5b08fa.jpg,0410
9ac4dcefaa30438793c23e2fc43f5589.jpg,0413
9ace46bfb00e4e3fb236e48cda2370cf.jpg,0430
9ad76dcb74414a0e986f71c3d7689d66.jpg,0063
9ada96d7318d425089b77dfcff899127.jpg,0255
9ae6515205c945ec8bf92b6e60cc6947.jpg,0059
9ae736c2715a45ce8295e1b4b6bd7528.jpg,0441
9aeb19b8901746dbb3d0991fe5ac7f0a.jpg,0301
9aece343d79b49b297eb6114d5fbdee9.jpg,0011
9aee918bef034f0eadb67bea06d99591.jpg,0161
9af01711d9a24c2abee4d06075c2df97.jpg,0331
9af2c7f713954f0f92f2d1d5ab8ab23a.jpg,0497
9af57e5402154c01885945cd6d0bf380.jpg,0366
9af58abe6436488a9bdb57f6b612de91.jpg,0391
9afa8df6ea9845debfb90c09c8eb40e8.jpg,0302
9afcd3a274ce42f9afc826fb2b46866e.jpg,0417
9affc9c75f0c4713ada223040ad0e3e0.jpg,0133
9b00f2c8e6884a93b2c2fe7d4f8c9e29.jpg,0290
9b064bdff5174e49a39c13021cce7f6e.jpg,0097
9b084f1230f848e88ad48e700cebd1cc.jpg,0218
9b0a9fb028d14e26877cf4eceda8aa55.jpg,0479
9b0d82baa133436a96c986787b5755a8.jpg,0387
9b1235a29b2d4f1a8ad80b6deea64a99.jpg,0427
9b17923bbbb546f6a39239a4488257fa.jpg,0103
9b1aa15a52aa4bfc8dce361dd9304569.jpg,0005
9b1f0d76495e474888ffdc272801bcc2.jpg,0245
9b23ca241cdd42fd996cec0224138467.jpg,0187
9b28f3e9168c433f9da8bca965ca5108.jpg,0062
9b2d29b780bb4cae8f557cd3a05aa030.jpg,0172
9b2df5a2d9cb42c9aff7752cc3a92f34.jpg,0209
9b307720f8b04dd797c0de5585010f0d.jpg,0295
9b3adfbc0b7c4262b2ed9945732c0315.jpg,0437
9b3af5deeb3c48edb67da823cc54d54b.jpg,0445
9b3c54db705b46dc9f969445b0c31aaa.jpg,0109
9b3f34bf0d064d949acae0cb3f01e9aa.jpg,0351
9b415f04f50d4fdca0ea4ba44f1ff670.jpg,0201
9b4cc8b068d940759feeebec59e51a45.jpg,0407
9b4cf3dad8c54201942e2a689dba4129.jpg,0070
9b51af72cf964f0ebb9c3457ae62e82c.jpg,0359
9b53bdfff20e425aab6be6f5a0b96bac.jpg,0273
9b542c392a8b4a4ab4c21b2e11dcf57b.jpg,0373
9b55f7b7d77e46319dd1e237fc0c55fa.jpg,0377
9b57ccdb745e4a2a8358e620bd84707f.jpg,0170
9b58e5978c9645c98e48c928769becb8.jpg,0316
9b58f222df8c49c2838ed334a14caeae.jpg,0283
9b58f9b5d18640c6915a9a737789d173.jpg,0230
9b59e04d8a044304aa8a9fd58c73192b.jpg,0076
9b5d9fe506fc4f3ba84d8a5466d004a4.jpg,0283
9b6042277264415b9dfb736316a556bb.jpg,0471
9b60ffad3aa344eabacd064b4fafd013.jpg,0372
9b63b4b3f6364815913435e267965c16.jpg,0321
9b70333e200f44fd9debf3a153010a9c.jpg,0074
9b72549fdb4643b3bfd156fed9526812.jpg,0020
9b7609f62e9543b3ba81971225d0020e.jpg,0410
9b772bd46d2c473db04975c670e0634c.jpg,0406
9b78cfb50cfc4fef92de222cace30077.jpg,0041
9b7a12ef4ea045d29a2cfff0d0544997.jpg,0461
9b7ab820300945a59c477e60f5bacdb3.jpg,0471
9b7cbbf698b04898b3fcbc1273fbd673.jpg,0110
9b7e2c6a06a744f2b86154a8a560cdd0.jpg,0343
9b7e761252854ef3ae90eda7729979a2.jpg,0015
9b7e7a1c8c1f4ddeb333380f0a3dbb38.jpg,0457
9b859baadb34425eafb31a7c5084c92a.jpg,0086
9b85be1ad5604f4d846e55317202c18d.jpg,0249
9b872663cb9740e29cae00846da9bb07.jpg,0215
9b87567bb5ff48da9b67c98504962896.jpg,0329
9b8db32ebcfc4e26b2d2a8642f54c7e4.jpg,0485
9b8dff91426a47c087fe3ef4641d7682.jpg,0473
9b8ec235807f4e9abdec5a944e1cc244.jpg,0293
9b91c82bbdd843e29557bf3479a08fbb.jpg,0098
9b91cc1d115d43bcaa60838540cb8bc3.jpg,0474
9b9238045fad418da923f685573f64db.jpg,0234
9b96049508d748fcaab8257ae43d0bf2.jpg,0407
9b9c8ec735f646819a4cd0e4a206cb14.jpg,0343
9b9de662f0614aeb912ff1245a24ef69.jpg,0489
9b9e60e076a5495e8edba3cbc16d0e17.jpg,0397
9b9ebc09682e4c2097153eba13673d8b.jpg,0191
9b9f3f76233645768d058ed5a3073929.jpg,0459
9b9f8d303d1d4f85be3ca9925f89343e.jpg,0087
9ba123db20d0404fa592b02f27e76a20.jpg,0213
9ba4b5a6262a443aae3122aac7816b59.jpg,0041
9ba4faab7f544e5d8bad00fcbf55079c.jpg,0091
9ba5b25e3b3d4eaaa8b178e9f4d2b5b1.jpg,0011
9ba7f6bf8f06496bb6ff44328345a05b.jpg,0431
9babcaf6531a488580ed9b43eed57304.jpg,0373
9bacceac9dfa4df08d580ddf9593c437.jpg,0253
9bb0f327e86e439cb1d079e288c41c47.jpg,0205
9bb7bc5339814d8390b731e048392cd8.jpg,0273
9bbbd26ef7b3447980d6af371a376952.jpg,0188
9bbc74bd3c2844f7b930d24de67abbc7.jpg,0427
9bbdd69bf4bd41aea588e4028385b084.jpg,0218
9bbf1a8e8ace41d09bb87f9b5fa57ddb.jpg,0464
9bc0c0cdd0c04d83b1071c46201986a8.jpg,0395
9bc31608f2034659b04ffa1e25bd150a.jpg,0415
9bc538e7622e41d49d405e090a69eda2.jpg,0191
9bc637c22fda49a18335d4ae2a0f4f9b.jpg,0464
9bc7dbb86d0048a5be1896f96554c974.jpg,0191
9bc8f46d970f41978e5279411ea30f9c.jpg,0141
9bcc10aa669643f090e5cfe21eb991c4.jpg,0162
9bcce78e14e04c14a19d4b6b0063a249.jpg,0119
9bce20b4bb554a26b5bd1850db7cdafd.jpg,0472
9bd099175b2546d6b534851bfdd9d4df.jpg,0189
9bd1d34ef3fd4ca4803a0f3c8648cb18.jpg,0107
9bd5eff670cc4f948cc09b9d24cc68e1.jpg,0047
9bd6cd5c97434a02b6947d76ef54da2a.jpg,0120
9bdcb78816864bf3a1983ad4d5310536.jpg,0346
9bdd86e521974c2d8ccbe802c208bff1.jpg,0173
9bdf99ce92794d1392427cfe4967b5e5.jpg,0177
9be03a3ee76c42ccb9798783059a41c7.jpg,0010
9be5db94002244d0972fa2d8b645f3c2.jpg,0363
9be8b33a957b4e4d984d069ed6b7fedf.jpg,0322
9bebc99e337944c791ec64bb96e6b869.jpg,0271
9bee91769838473aa10580e4457fcb64.jpg,0235
9bf320270f6c43e9aac2cd820aca6c11.jpg,0146
9bf38838c2534171966e0b333fc0f0ac.jpg,0027
9bf6d43b582a437fa55bd0dc692abce0.jpg,0292
9bfc760082874a7db30e6b955419fdf0.jpg,0009
9bfcf5d2eec34738825a513074a38c89.jpg,0016
9bfd2a0469304567b803c09f5d40223b.jpg,0383
9bff6ec978d245a7be519ef4d3cb2c58.jpg,0279
9bffa80f7b244812ac6925e4d709f1ab.jpg,0087
9c067f591d454d8ead155428cfdf562e.jpg,0323
9c0c3a63262d42b999782000dd8a06f1.jpg,0353
9c10f5c6e1664cb0837da49d0850364f.jpg,0346
9c11a7f6312a4ccfb88f1c5867a148f2.jpg,0253
9c144cd2edd24d2b8323b96cc94b52f1.jpg,0177
9c1a6ab2602747bb9ef7e470a4db2c58.jpg,0463
9c1f481bdbe740bca1cbc0233569e5b6.jpg,0221
9c1f78e137244e20bbddcd28396aef34.jpg,0098
9c1fe87fa5774c1da705fde5acc71b73.jpg,0329
9c2571246c8844949f689ae141c01dc0.jpg,0142
9c2571484525492eaedee50ad0f39710.jpg,0257
9c26186666e84463a49d4650e6b00692.jpg,0120
9c2a448adf3c49198d9bf210a532be0f.jpg,0478
9c2b65b90ebd4460ac88c4e85a23a45c.jpg,0307
9c2b68796a004a958a82d7c8084cf414.jpg,0468
9c2e2c2710434c7c870f582454ff8672.jpg,0015
9c2e4e3b486149568c7d4563a261b494.jpg,0116
9c303f6cfc634079b2dd8c2d272dacc6.jpg,0295
9c33edc336274abc89560375a8aac063.jpg,0191
9c35dad5862c4be6aaebd10659ceb551.jpg,0437
9c37ecde4c64473fbf027611eb401557.jpg,0311
9c3c12ee8a604e48aa87131d56988842.jpg,0451
9c3f12cd70f94c318f84f2743d8802f5.jpg,0415
9c3f69b4fe0044fea00502fbf3cb0f8e.jpg,0105
9c414ffc47054a41831f47db53ab8d75.jpg,0394
9c417815e7d2498ea9b47a2bee81524d.jpg,0042
9c434d59a7914c23a7e644c48a19ccab.jpg,0342
9c46dce2aa5b43699f69468d188204bb.jpg,0181
9c47fbfd6b11484981ee192e3ed1d7bd.jpg,0229
9c49027dae134571bc8959b88a2bbe2d.jpg,0390
9c4a31ec886b46b29df7057bed9ab98e.jpg,0142
9c4a59e8eb614369bc59d391eca7fa6d.jpg,0453
9c4c498d2cf34f41a40a91cf750d8a52.jpg,0461
9c4cd55b013a429eb22f5e1a83b552f6.jpg,0233
9c4dafa7e04246e593a245cc5afef2a7.jpg,0311
9c4f1b95a1c245c5b5f78b165797f0d5.jpg,0075
9c52be101c8c41c9a100b99d03fafef9.jpg,0104
9c52f7ddc5fa4b1fa8d870bf22e5654a.jpg,0228
9c5601c2940948108a8e805350e59e05.jpg,0468
9c572482ab3e42578cd28d2a4debd2a8.jpg,0223
9c5736748b224d26a89e08ff2deeaeb8.jpg,0324
9c5ae8adddbb4ac4aec45e36b9a202bf.jpg,0095
9c5bf0e067d84062ab0955c0ab20b3ca.jpg,0436
9c5e4e83986a4ae0a86958e0b6f4f97e.jpg,0061
9c5e83d5920044babf2f13a48e397c41.jpg,0283
9c62dd565dc948368371f644597b1030.jpg,0279
9c63736c1ba74b0ebe507068f3f0c647.jpg,0214
9c6448f6f58543008837980be630d5a3.jpg,0412
9c6858fb24c944e9a7a268b6967d6fbb.jpg,0301
9c68f4fe04e04a0280752fa3c1a04eec.jpg,0387
9c69372edd7643a3acdf2bdebb7a8ad3.jpg,0443
9c693d0c002a45bc940347b4bead69c7.jpg,0158
9c6bc7eb0056447cbaf0494a1245ab7b.jpg,0066
9c73b7dc5f1c4b3cbf52637e7e8f2283.jpg,0405
9c74288773914ccb9ac3d64a68025801.jpg,0490
9c744cfdbbb146b7832fc65c4df33c0d.jpg,0090
9c79f11d0fab41e49b19c74cb2b9ca22.jpg,0396
9c7ae8e303f240beba33deeb4f011acd.jpg,0115
9c7c3445574d4c86a7e6300a310eaf87.jpg,0034
9c7eeb8bdeb140bd8b91dfcc541e07ab.jpg,0114
9c7f9f8890184cb5a1a7726a5a98e37c.jpg,0305
9c8308eb00414b0a8bc3cbca38918874.jpg,0187
9c857f714a474b4583cae32130c4c919.jpg,0335
9c86b711a4e14fb490a6a3f3f5ac8072.jpg,0153
9c885365a2f14b28a76eddf894b4be9b.jpg,0004
9c889b26d8ae4a8cacee4c019c731520.jpg,0181
9c8b517351ce4245bd21f8f69d428f67.jpg,0262
9c8bb2f925184b6fa9cc8eab344e06b7.jpg,0430
9c8ea21efa1a41fdaa0ca4fa39f8b11c.jpg,0051
9c8f40a827644de788785b49d201a80a.jpg,0060
9c8fcdb593894dd58fa04ceb2b2e91f5.jpg,0334
9c900a2f9365417082f0ed4d08fc2af5.jpg,0195
9c91e5d4f4c644d98e63c817726bba7a.jpg,0323
9c961f4b814d45949f729e2696abb5b1.jpg,0166
9c978cac7cbe4f7499f466c23e2af9c2.jpg,0473
9c97c96d3ccb4703be6decceb9c5f588.jpg,0332
9c9c48cc975b40418921bd9fa0b420cb.jpg,0029
9c9e3d0eb29f483fb04bcce47718169e.jpg,0452
9ca1f396377e4a818ba60defea393485.jpg,0201
9ca6fba75c9048ddbd07d1033e391f3c.jpg,0051
9ca83004a61f44e1a34afd0eae54c491.jpg,0409
9ca868f39ea7498ea3fc72272e86084d.jpg,0331
9cacf17764d442adb0e0697c0c74849b.jpg,0371
9cb54247c0f64c42931411201d3b5f93.jpg,0304
9cb56791ebe64e9e9f7b7a18aad4e09d.jpg,0160
9cb5ec122fd244ec8d557d65d602b79c.jpg,0388
9cbb3e4c39ce4d05ba3f2eafa04b05f6.jpg,0095
9cbc55ef203541c193dc44a902dfda2b.jpg,0316
9cc037bdc6d6402fb30855c2d0d677e8.jpg,0321
9cc03db42bbf4161b382c04ae27832f1.jpg,0071
9cc262273d504da78d84d4ac60343444.jpg,0096
9cc74bbba754441385a77d225c619cc7.jpg,0004
9cc982b965f44dfca43047aa6e19e7db.jpg,0181
9ccaf9fcfc8349c0ba99480347251151.jpg,0227
9ccb4739e2934d86b878045cdf5e93e8.jpg,0059
9cd3eb54bff848f3a08b37383be97b0e.jpg,0481
9cda3681f1b542bb8173e83b7028a2eb.jpg,0385
9cda672dcf7c4a319300e2562afa3d51.jpg,0384
9cda7322efff4975ab4aaf9d25607854.jpg,0498
9cdb4c51bf8d408eb2eb11dfbf1f5adc.jpg,0296
9cdff6598c164685ba2153a8204519af.jpg,0495
9ce4d5f3cdbd40cbb1d6703779054cab.jpg,0495
9ce55e0b2ccf4f97bac777817b78fbd4.jpg,0327
9ce7330dd7a74a4385910234e5660e7e.jpg,0363
9ce9120f2563486b87e660999e5478b8.jpg,0272
9cebaeca239c4cb282a62297084d464b.jpg,0089
9ceda747c7e04d02897b911c4077773f.jpg,0327
9cf148c02aa74ca4857e870dd97f8afc.jpg,0205
9cf1567c6e2d4f42ae06b316aeade4a5.jpg,0371
9cf258bd442b463683b4e6e5702e337d.jpg,0481
9cf36f5c4a5f48e4abdf9fb0ca75ee43.jpg,0241
9d06180e94b545dd807e1971ee309e0e.jpg,0471
9d076cde366c4cd79e613173e06d93fe.jpg,0237
9d08e2cf4ebc4c339d1dc72db75128be.jpg,0214
9d12c289e1424c9c85390e6c2f1a45f0.jpg,0314
9d160b68f3a9405289f1da90246c2f30.jpg,0158
9d160d95443f48fbb882035ff87b481d.jpg,0444
9d16244c385244948057ce9e677c13f5.jpg,0061
9d19a5ec4e364baf8336f98bfe783be7.jpg,0452
9d1a3df10cdf4012867a9d41b29fde5a.jpg,0453
9d1ae6091be545fca5ad2582d8bfd010.jpg,0252
9d1bebc9f26646248343eee2428936f2.jpg,0020
9d1d8b3d4053413793b76a61a65c9cf4.jpg,0306
9d1dd749bdcc4fffb3399d7d8d3251bc.jpg,0216
9d1e4bc0139340e7bd6e694ac4c8a01f.jpg,0073
9d1e7d24d68e4e39a5625500946befc7.jpg,0292
9d1f07c9612642deb8511c3bc00ab8dd.jpg,0350
9d1f4836d8674c4ab3f44c0e7a5b65cb.jpg,0084
9d20c9c11d7f4b8f9ebbe5f882d0f35c.jpg,0354
9d2373f180624c39bfc44380ffd9d85b.jpg,0101
9d248c4726b54c0a91a5c160829a7c22.jpg,0199
9d252a92c3fd4620b0fcacfa8e41e74e.jpg,0354
9d2d5f19830b4392add25785840dc7be.jpg,0096
9d3246c50d144824b1a79478f2ab52a5.jpg,0462
9d3b05ab93614afeb5c9b15c5f003eb9.jpg,0131
9d3f5d68b17940c88c39b80280c5bc38.jpg,0276
9d406f026ae949c39c16eb76cc000120.jpg,0350
9d40a27c37b1444ea0f58e298b3293be.jpg,0468
9d41263c6d0942f0923dae9634ba2d6d.jpg,0195
9d43ed81a2ef4143a1445718e998d490.jpg,0345
9d4f2beb71db42268426d9df212da4ce.jpg,0209
9d543fd6ee6a4b4f921ac2cbfb90e232.jpg,0471
9d56e5f021bd490bbb90eb63eea68874.jpg,0119
9d5791332aae45f793833a6ac8ce51a8.jpg,0043
9d592ab4418c4113bf8753ef75ed3695.jpg,0342
9d598afab44149b79a4b9aa4492e5f00.jpg,0408
9d5b1872abac4c3aabce972ba813258d.jpg,0104
9d5f68c33ca24ac4a4cbe68329d2f754.jpg,0379
9d5faf6a4ccc44bd917f75f26b4e0383.jpg,0308
9d5ffe3a1dcf414e91794075ed10afb6.jpg,0428
9d6038de826145418d221216f9eadc80.jpg,0286
9d60f6441fed44c5a2746d896ac879d2.jpg,0449
9d62de0334e6462bade299285d5cbc3e.jpg,0488
9d64427975134cda81ac511a3978357a.jpg,0077
9d658aee3d0c4311b04e399f4eda453b.jpg,0447
9d65af3bbb84413cb092f69979cf8fe4.jpg,0287
9d682e9bbe1149c69b86cfad5e9105cd.jpg,0482
9d68f5bdb36b4438aa31c070fd866ca2.jpg,0050
9d6bc6ed74334363a5a783081dd1c338.jpg,0388
9d6c32f27b454fce84c588729fba447c.jpg,0244
9d6e358be35b452da04d86e205bce7d0.jpg,0453
9d6fb1082b504de283f60092673c0403.jpg,0075
9d7227ff96ef4035ad53f4a1d8d88e30.jpg,0051
9d7287dcc63a44a5857d730ff3b1323d.jpg,0301
9d77b1fd2e19492b836ada782284f379.jpg,0443
9d78d894b54b433aa57abf743126dbbb.jpg,0029
9d7b75a353564d63bee069585ca24692.jpg,0093
9d7fe4866cdd45eb92d13500492cc6fa.jpg,0283
9d82844ac8c94b51a61777d9b76850c4.jpg,0321
9d82b54de6d5426d8a3abdc372ab5079.jpg,0083
9d842bc96d224a168934b1b0abe75d72.jpg,0313
9d85d49f096a4f969506eea1fb479e3e.jpg,0152
9d877a5226214408b5c6736478797e49.jpg,0036
9d891ae242154936ac2f3539ab481ad3.jpg,0428
9d8d2c4fff32418c984aee5ba55b1e52.jpg,0490
9d99a6854a4f485f94bbfa35de15a7aa.jpg,0183
9d9c4fce45ef4d52b77597e90de19b54.jpg,0114
9d9d85f0e0d7415d927473d951011735.jpg,0189
9d9e36b9ba864023a609a91b711d619e.jpg,0423
9d9f4d55d4084e6eaa801b8ca4d1c4c2.jpg,0143
9d9fc3f05a8b482a847a898b45fd220b.jpg,0418
9da3d011936f47a592432ef39c066d59.jpg,0110
9da8c8ba82164a9da7aa311bed5f561d.jpg,0428
9da94c857daa4948aa906ec1ce12632e.jpg,0110
9da9e4a3d19f4637a0874025d00adbfe.jpg,0205
9dabb12390db4d989458f76b95de6f70.jpg,0095
9dace8b2aabf40f28fc5212f359447ae.jpg,0465
9dadc2dd6bda4f6882884d9aed54ed24.jpg,0081
9db2c284ffad437abfec9557cd5340ed.jpg,0440
9db62e2e5a294207bfef89d2ffabb33d.jpg,0419
9db770283f9c46c898463a8a53351939.jpg,0130
9db79811097c4cd69658dcff6abe497f.jpg,0080
9db9e87c8eae41c081e72567b2074532.jpg,0192
9dbaee28568146549788adeef05245fd.jpg,0014
9dbbb5771ddc4d4bb1cf9be6d4735b17.jpg,0046
9dbc555332f04718a42ac2e4067706a0.jpg,0109
9dbde487902047d7b76878c1b0249ebc.jpg,0076
9dc283dbefb54e299c66b9fa9b9317b8.jpg,0038
9dc71a9381e94c10918aef8927852230.jpg,0078
9dc9fe9c1ae349cfbb326d94c7d0430a.jpg,0251
9dcc24fccecd4b53a35727ab6c6e1b34.jpg,0078
9dd3c7bac284404da435df21c79b4364.jpg,0451
9dd74f2aa9e54e71a4b0bad29805feef.jpg,0086
9dd9e73ae1f04a68b3f19d3316987c49.jpg,0112
9ddc5360516f41288df55569957837af.jpg,0467
9ddffb4d8a2e49b99c16829e0f611b67.jpg,0377
9de107b9ff8d4384aeb158f23bdd2843.jpg,0103
9de4d25646e64ec192dd9bb18b20ed61.jpg,0054
9de9f2f69c164f14bf66fca1eff7f401.jpg,0249
9decca38b4404900aacf3b8419dc4f66.jpg,0178
9ded48615a0b44f9b964576bbb911e66.jpg,0232
9df0c8623f1f42efb7bfd2ba87ff0ba4.jpg,0434
9df534252e924cc3931619a8f564451e.jpg,0325
9df68160fe2b4c36ad165c4a416e4077.jpg,0193
9df9ff9464374493b2f11824abcb4359.jpg,0312
9e0183b23c324c15ba65e3b8f6d950ba.jpg,0072
9e068dbe8bb4438dbf7ef760cae3edd8.jpg,0024
9e0790dff40d41288cc4c149179ff890.jpg,0351
9e1121762aa84b90931737cfa300aeac.jpg,0225
9e14536dc37143b0ba52ed57f5e8a93e.jpg,0205
9e1d8ffa23ab426d8ae080a9ce8965ba.jpg,0262
9e20c446769d46f2bcdccfe9ae28dd65.jpg,0295
9e22dc107b3842c7a0b5fc34eccca4d9.jpg,0093
9e23b9d3f53541d4ad31503de09289e7.jpg,0008
9e26cb4cddd54792b6ddfed0b564d2d6.jpg,0348
9e2914d267a343fcb1259a0f5cc87bd6.jpg,0498
9e2952e51ec54e8db1fb4e2b4ae265b4.jpg,0355
9e29ba36b3ee45e0b773f0c137225340.jpg,0373
9e30c8e5963241308e5da814e0d99d27.jpg,0357
9e3389a0e50f41c6a02c42d8efac3b47.jpg,0387
9e345a7cc0c64815818b260950550314.jpg,0426
9e364ab23c114282bc11bc2f1e7e9639.jpg,0297
9e368e1f793f4221b2523ec5832694e7.jpg,0065
9e39fcd8aed542fdbc356b4dd3234077.jpg,0426
9e3a1fce0ead4d138440b61352371890.jpg,0167
9e3df83d342c4145bbee0d3067d8c228.jpg,0160
9e3e3bfd17b44df495a0369a0d8c65c0.jpg,0386
9e46e68920cd4d4aa834d4679989b2bb.jpg,0183
9e474f0a4ffa451abd6a2722bf9e9f93.jpg,0418
9e47841dda004e179f6f34d951de9a3b.jpg,0239
9e4913cc7e734204a1ccf3f202168f11.jpg,0057
9e4d551fb85848f18187aee45b471db7.jpg,0005
9e4e156cafef4763ba545e3915ba9432.jpg,0259
9e4e360c85574edaa45f54ee9ac9c12b.jpg,0299
9e4efeed808f47d98f622229d4ae6eda.jpg,0259
9e50590aed1c430296a5a7a370e9a983.jpg,0203
9e508ab2da4b4fb9af19cc6552c3a032.jpg,0073
9e51034602214f53a728f3ddd5996699.jpg,0212
9e5146e460304b3e83d22fa9431fccfc.jpg,0140
9e51a694372b42eebc5bd41a3e16d341.jpg,0162
9e568eab40a34d88afac0b13143f1e25.jpg,0450
9e58f9add8904aadacaf3f163e1a1730.jpg,0037
9e5b26ab67ab4db88348d321f959fdd5.jpg,0356
9e5e2d1b48e44234a1db208ee3f45992.jpg,0308
9e61982efbbd4cf39783b9f2596f3e86.jpg,0227
9e61a1a326a14f479ab1f84853352544.jpg,0084
9e64e616e1c0457092e7b57dceca58d6.jpg,0425
9e64fb00a6d1469684ba6bf83548686e.jpg,0216
9e670c7d158b40568cad865ed3c2b0ff.jpg,0498
9e67d8bb2b394d9990071293b64e3963.jpg,0123
9e6bb5bef10544f78faa397eda91b77e.jpg,0170
9e72c088e99d42b88177bd8f2c2e3b72.jpg,0304
9e7796b104ff4ad98c184624741a25d9.jpg,0078
9e78082cd0e94da2a16362d0058be2bc.jpg,0101
9e79d821adae4b8fa1b76e4aeb551c92.jpg,0056
9e7a37feab77428f90eabc3921c9f163.jpg,0274
9e7c46b1142a40d389464216bb63a96c.jpg,0413
9e7e200028fa4f04b83f20018bc338bd.jpg,0020
9e7ec9032b13437699078603ae0bd43a.jpg,0395
9e823224b1f340e4a9161b9c86b7e195.jpg,0014
9e8491c4668c44f8a9b7f068d24e8be0.jpg,0124
9e851f69cb8d4a498329a9fe83a58fc4.jpg,0126
9e85a9cbd9b44ba0b6c2253c710bebae.jpg,0443
9e8898e587f64a1781e73382c750ae45.jpg,0398
9e8f35eafc05414b9a068fdba1f4b3c4.jpg,0124
9e8fd8b1ffa54bdfaea3fe23e8b1d286.jpg,0207
9e910a0429494801961ca27bcdc6bbe7.jpg,0213
9e927c22150642d9919065a8dd012f0d.jpg,0027
9e938b06a68348029a22cb86ad2d366a.jpg,0182
9e93f759b75d43e49ef6349f556cc4cc.jpg,0261
9e945890f3604939b39619cd5e032106.jpg,0406
9e947b301e2d49c482c052fdd92646cc.jpg,0499
9e96bfe66dfc4012a39efa3a38a21fd7.jpg,0294
9e97541c53a34fa8a90876c0096f1895.jpg,0115
9e988b318bbf40f5810cbbe692ae09e6.jpg,0381
9e9e0365092f4eeaac868c6857edd043.jpg,0017
9ea106a4084443daa4d267a85083edb0.jpg,0261
9ea15b6fc05045748f10ee9bbbc4355c.jpg,0201
9ea1635350cd4036a82d7d147338ce14.jpg,0218
9ea19d9c51424c3eb040bef8c06f8063.jpg,0127
9ea1e7ec9ed844c1a58893ae2cf1bdf8.jpg,0482
9ea3b0eaedc74ac39c1ce85bc4597cd4.jpg,0085
9ea3bf128e9a45c588de8c783e0fa0c3.jpg,0222
9ead60c63ea743d99f2ed18b1f9ac0c3.jpg,0335
9eb240a0059f4812b1ca2b6d25051871.jpg,0161
9eb38c3262d84a4f89c1b9e59c7bc8fe.jpg,0346
9ebe6858daea468a95da32c9ca5fbc85.jpg,0479
9ec4064bc9f3437899b0462a13f8d763.jpg,0218
9ed6bce8ed85499f8992648ddd48f0ae.jpg,0325
9ed8efab30c545bdaf489abc43f6ff61.jpg,0448
9edf3e8675924d71995016bfbca71423.jpg,0295
9ee34d3664ee462bb0a78f415b435e91.jpg,0433
9ee40cc06d1e4876b68360df94c3b6fe.jpg,0306
9ee859457c76479c8782520020a44e70.jpg,0213
9eebd7c19a02401fbe3d5c43058295a0.jpg,0195
9ef3d2c2b672412994a03382fa2a99a7.jpg,0447
9ef75faccb164e3d96373c0a50222a84.jpg,0031
9efa4bc0ef8b49dba2a82e182ee72962.jpg,0313
9efc9b50c72e40889398fad356896969.jpg,0478
9efd803ed7a04adb82b516f21742b0c8.jpg,0276
9f000c0a08c94a68b1095dc0829d9ff5.jpg,0367
9f00e866466347da954f356228c8cdc0.jpg,0108
9f00fcfab71e4840996b41191698ca46.jpg,0405
9f08ebe0031640299cbc47a949b41cbc.jpg,0133
9f0bb2f31cb84d94acb9af0d1f8c655e.jpg,0412
9f0d055fd314404882493cdc57301074.jpg,0480
9f0ee1642a9349f38fe10229d6f207ea.jpg,0310
9f0ff23e7810487286b7f4785c049ae8.jpg,0302
9f1136116fd6439d93cd33925a5a1ef8.jpg,0460
9f1282eacc504ee1a2da013cb4f0fc8b.jpg,0180
9f1596c00af34128a38012d634b9e2a6.jpg,0472
9f179f2d4c594ae2b2cdaa7b0e8c5fe2.jpg,0239
9f1a6e7ccbf2426c8e7285d89f166762.jpg,0297
9f1c02c028604797b785b41c1521a329.jpg,0249
9f1ff6bd22fd411ca068b31fee660c32.jpg,0494
9f20daf5d9924477989e0946c41fa5fc.jpg,0176
9f23479cc542454fb5953d21b0421f6a.jpg,0234
9f2d55cc2d6a4153906c80aa59945d3e.jpg,0197
9f31046861ea4a67987faac5a56c53c4.jpg,0457
9f3190a23d7b4caf9f7640db26489d7a.jpg,0348
9f35c9dd7cc046c6987f49d63af6cea1.jpg,0309
9f3dda2a1a774a679fd38807cbac4151.jpg,0026
9f3e35acf0a54d51a53c5db0c59aed03.jpg,0278
9f3ee05db7e44878ad68369659daf3ec.jpg,0254
9f4114a606bb41b4b949265b4c95d13a.jpg,0274
9f411f084f934a0c999d77892e3cfe93.jpg,0411
9f42e5b1fd644ca399b1e1a642953180.jpg,0340
9f4531a3a91845428fd7958859cec20a.jpg,0145
9f45923740cf46daab7aea061aab3b17.jpg,0390
9f4c98310670418ba580859249c7eb2b.jpg,0376
9f5212d5007e4fb7849c4d747d34a727.jpg,0094
9f55c503bcf541baaef7695a4deb07ea.jpg,0280
9f58f806e8d34e1bba36ba1b925c1569.jpg,0207
9f5db0b868df4918b2e6cffa365e8280.jpg,0176
9f5fa82440fe46cda5640a275fe19097.jpg,0407
9f68d159af2c411abac7d82a003a10d1.jpg,0207
9f69e17b09dc4d9da99b27bdd9d5a716.jpg,0304
9f6affc09cc841bba5036bd64fed1a2b.jpg,0429
9f6e949d4fa745f49258563906be8192.jpg,0399
9f73d430d0064a4e919e8e402ab7fad9.jpg,0270
9f741a8894a345dfbad4f36740da355a.jpg,0430
9f741fb8aa684ccb8e3acbb1b3989276.jpg,0099
9f74b278ca6846feb03f761b090dae3c.jpg,0077
9f7677ad1b6a463aab7a4124b7db7720.jpg,0185
9f7690280468419bad78652a400dde0f.jpg,0302
9f7b091bcd9c4a3aa91d4146568fba56.jpg,0286
9f7dc2022345429abed6b52bab6d2b9d.jpg,0285
9f7fff9dc1974ba08948bab2cb4f930d.jpg,0045
9f80ef553cec4495b08e92b63d2f2aad.jpg,0480
9f81e5c6d27d43348a8086be3338b7f8.jpg,0146
9f8470edc29245e1acc008a7bd98c00d.jpg,0355
9f862030a83b4185bdecd3cd7f282d3c.jpg,0141
9f8920b53f834bec851d533bcc7359ee.jpg,0011
9f8fa3a3f28f49f7bf4e6c8fc42eb2b2.jpg,0081
9f909d30676f40e0972b4cb31848d4b1.jpg,0353
9f91bfd542c3492d953cc009b033ceb2.jpg,0246
9f9691059cb34f0bbc8986e80468c610.jpg,0394
9f9bc7e8150f40bb93106a6def72fbaf.jpg,0297
9f9e21d239a34254af345c548677f0df.jpg,0067
9fa11683ac404ef09d71ad05ace225b6.jpg,0319
9fa2bdb539dc4b7986623a59770a7520.jpg,0154
9fa516663c4443909ee33f8de017aed8.jpg,0076
9fa80e0df3a741208c2a83b2d5f12b4b.jpg,0293
9fa92017e1704a3098e0f95ff74e1a22.jpg,0410
9faa76fe949b4f6faf40c0964cc8bd40.jpg,0003
9faecc0dbf4144aca1a7bf8be12f38bf.jpg,0251
9faf11dfe98f478583b0b3a59aad52bd.jpg,0269
9faf8f45a18a4e81a29a6d2766bb1806.jpg,0090
9fb14c4e96f14931878bcfb1d52bb161.jpg,0356
9fb36374afe94126ba3a325280b6d60d.jpg,0488
9fb9e252b5eb401ca3b3a7c64baf0df0.jpg,0245
9fba725b929d4e5c8b93d4d5497ea074.jpg,0262
9fbdac765cc446c3ad842462d21a4802.jpg,0196
9fc21e234d0a468dbe6eb46f59c3ba8c.jpg,0222
9fc4404aa36240499a8f8c405c9e2a2c.jpg,0226
9fc47cfd3b70446fa0cf7b9d65c7dd15.jpg,0257
9fc4bf660a8a489f9847741f5b95f6c5.jpg,0486
9fc6ad240c324b4fa7e125d283408a37.jpg,0332
9fc92a1ede1d4f88826faa1bc6cc2e69.jpg,0143
9fcc64f34ad1427daffa5d9a57732841.jpg,0348
9fcd58ccfa6f4afa950efe12eeb71e44.jpg,0206
9fd33450affa475cb024179366eeabb5.jpg,0392
9fd345943ca644c28f527c760ddcd538.jpg,0313
9fd365d2dff04213bc364b0287437455.jpg,0424
9fd6b20d34e9474d86e95f3c318fd562.jpg,0168
9fda876ea1764bdcb8d4e764db7a69d5.jpg,0044
9fe1b9daed94456c80f297896458346a.jpg,0280
9fe2111cd0d64cd3808b62e19e0ef06b.jpg,0111
9fe31c7e910243d69b98f91114505d61.jpg,0385
9fe3215c4d124273b52985ea448e70c7.jpg,0001
9fe388b2d2844684b5d004cfac5cfb71.jpg,0179
9fe4ca8c995246cc8c56dbf1d253ccb9.jpg,0200
9fe5477b68c146a89aceb4c9e78f32de.jpg,0230
9fea684f96ab464ca72d2da449126645.jpg,0123
9feb5f12eb2f4c1f8902ff19ecc324ee.jpg,0463
9fedb64897924bb89b8745518bc2f9cf.jpg,0162
9fefb1cf6e9c4bf89820703e32ee988c.jpg,0079
9ff2e143afeb40ccb2d35781cc6e97dc.jpg,0120
9ff42af71954493b87604797379e47d7.jpg,0077
9ff58e68e1cf4511b24f24d8d5c0b2af.jpg,0023
9ff65a2c13dc4625bb14d705a6707384.jpg,0483
9ff9e693520d478b92daa4062fc94cc4.jpg,0096
9ffb58c095834b09949ce05ec902d936.jpg,0074
9ffc528e610d4a5694a2a866afecf69d.jpg,0072
9fff74e86b464fc3bb8cc72c2cc89c4d.jpg,0046
a000134efbe44d7aa769d3daed962f7c.jpg,0112
a0043eb4b68d4492a20f286979db488f.jpg,0250
a0052c67e09a43d7a89a1d425c032e0d.jpg,0105
a006ad12e9a346c0b1e0a074419bd7f1.jpg,0162
a00745c33a114579b66efefb20f1339b.jpg,0362
a0095564953a4cc0b2b12593bf244c22.jpg,0070
a00a2b98c4574c7687be041d906fbfff.jpg,0065
a00ac42372ec4cd5bb000a01bbe2ecd8.jpg,0153
a010d3f48f1e49e4a9e482cb4efc8c4a.jpg,0167
a0143176af6d4c849c0bfed267ada8bd.jpg,0193
a01cc546cf1247389272e147973ba7b3.jpg,0493
a0221585bc9347dcb2591e127d0d1687.jpg,0465
a025b99d84d44e20929e4291833e20c6.jpg,0055
a02758c3044f48ad9be1ec6ba4f4e6fc.jpg,0115
a028a0006a48465c8eedc1b628d476bd.jpg,0196
a02984be05204e86b756feae8a1d267a.jpg,0055
a02a75e7b9734362875bf6b55dff5706.jpg,0076
a02b0d41691d46ac8087660747ae08f5.jpg,0338
a02ce64f45b943cc97c9f71a67c65ee4.jpg,0482
a02f2ef5f105488da00f651e3be6ba42.jpg,0186
a03adb7f07024c88a0ba84ea1cf076ae.jpg,0042
a03b254e029644ee9fa9a8d1b136ac57.jpg,0334
a03c7f83103a4c5c8e68c9d267d3bb69.jpg,0184
a03dc323a175476cba26543e7e8e9eab.jpg,0445
a042edcaa31e4361b3b7cd7b7d726f61.jpg,0242
a047ef21b00e419e8066a2f364a53e76.jpg,0368
a04b8cac687247bc84c571ed5764ffd6.jpg,0359
a050ef8ad08e485cb6979f378446a98d.jpg,0175
a058394c36784159a6fc32915f42d96c.jpg,0074
a0586ed9909e4f96a028f1a46f0ec532.jpg,0268
a06219815ebf47d68dd3e675af5a36dd.jpg,0302
a0673d6b4eb346d0b9e5512dbe32689d.jpg,0388
a06956fd4dc748aa9080706b973d601d.jpg,0295
a06db7c8e1ca4521a373a12530cdac43.jpg,0466
a0715cc2c77d4172b8ab785860b26f67.jpg,0160
a073ae9a688f498a9298b532ef1cd995.jpg,0340
a0744c9a3bfb41728d7e6095c3f98e19.jpg,0458
a074bbcd818b49849be72f33c81e9d4d.jpg,0157
a075400c034a4844adf72b5229ce2158.jpg,0090
a07e83480de641d082ecd0b5a0dcc542.jpg,0455
a07f10fb354347b78f985b49079910d5.jpg,0391
a081b183fa47457bb7fc52ff58b021e9.jpg,0194
a0824f952b454fc7a5bff190602eb169.jpg,0236
a083ce61773447eeb93b824fcdc7a034.jpg,0276
a085d21f67334f969594b2501ddad503.jpg,0085
a087476f93e24e328842dc6af24868be.jpg,0462
a088d1d2bf134f24ba27aae99c362f58.jpg,0024
a08ceae6dc074c87aedd9a1fd7ce3cd9.jpg,0080
a08d47ac08954873adbc8160339da8bd.jpg,0364
a08d88be4a89476681a024a04cf844f2.jpg,0182
a08e667742cf48dc93dca50994e352b7.jpg,0399
a09464bd5712422eba5956d6db840c13.jpg,0273
a095c274ee744b68b421925b3ba5bf45.jpg,0282
a0989751422648f0b0c698a5562b649e.jpg,0051
a09d08209a1744d2b47b12f3656ec96b.jpg,0093
a0a23a0065b249f4b07e76d07bcc8bc2.jpg,0210
a0a50290c5d743e581ab0c04819ec67f.jpg,0303
a0a9262822264830b49976162a47fb12.jpg,0326
a0afa993b4c943889e356cdb919c2216.jpg,0217
a0afd35fb6e94f9ca1e1feae2421c8d1.jpg,0161
a0b03fb8a15349f8944cfe6c42b5629f.jpg,0364
a0b1bbc167984b63afd99bd54c52778c.jpg,0256
a0b2b8273b06473e9a7b0827a97833bc.jpg,0200
a0b3b1be3c974845a29d99ea8c9509dd.jpg,0019
a0b73dab38a9456fa399c405d551c913.jpg,0003
a0b958b76160469195aa0394edd91d8c.jpg,0377
a0bcb2053bc54c609e78b37e3cf37ff8.jpg,0345
a0bd8d99205b416daa0facbee07dbd7d.jpg,0021
a0be5673d58547ef99eb04fca21d4f3c.jpg,0180
a0c5016aea794694b5c7fa8e3ddf2b44.jpg,0272
a0c6ba44908142258e0a33551f44e820.jpg,0009
a0cc97ce60c749488ef1b4fde3d006a6.jpg,0057
a0cd2657d1514264ad5132aa124a6f4e.jpg,0338
a0d87f8e40844c99a5e23383a2d0179a.jpg,0377
a0da32727fc54484a0a8a859d1f0df7e.jpg,0226
a0da54efe9124aa5a09cb287d0cd3454.jpg,0185
a0de91fefb044e43baabdb431e3ff3b2.jpg,0000
a0dfdb8367f84bfda36ec149c3649778.jpg,0209
a0e0864cc2574b3db291eb555ca7005e.jpg,0201
a0e35684d83f450dbd809a80b0640e90.jpg,0287
a0e5f515c3fa4d8e8389530d73635d9a.jpg,0141
a0e7f62fee834b819d16a9ca2b5b0279.jpg,0478
a0e8aa719f4a45e7ae5d9afdb35a8c33.jpg,0142
a0ec9629cc934505a0a72046fb1cd3ad.jpg,0071
a0ed8e9a867745059cc8f763dafbdbf9.jpg,0160
a0f01e0cf15448ddaad9ade1595e5bde.jpg,0020
a0f3af93dda04b2f92b45d9570609b16.jpg,0135
a0f688a7925f43bdb14ce9bae49f8cd7.jpg,0469
a0fb623447b34eb98239bae73c55fc16.jpg,0229
a0fd046f3b27466a9656684456e4f82c.jpg,0147
a106e585045c45339347c663daac9c9f.jpg,0146
a1086366465a4326a4aa7479188d58e7.jpg,0192
a10a001857974732867606708be50622.jpg,0325
a10dad1829e2424892651c6929078016.jpg,0373
a10f87be51b24ff29d0890dd1486242c.jpg,0218
a110e6c669d0449f87fe0b5998f16c58.jpg,0188
a1121cceed7246dfa1418ebcbc56a346.jpg,0244
a113753cb0e44b0597815d314567e8d3.jpg,0347
a1161c2966f6436da1024017f2b2fb77.jpg,0002
a1164ed6b4f343ebbb66a390b74229a8.jpg,0242
a1174982e5314ed2ab35207e863ec4b3.jpg,0282
a11a90943fce4c3aa5af74466cbd5161.jpg,0405
a11bba0aacab4b679ef336867564f3be.jpg,0361
a11c898f612e48eea42b3f4ec8e56eb3.jpg,0069
a11e27acb477403db60bc3c74b64951f.jpg,0276
a11f774fe0b941c08e7f2650620e8d52.jpg,0355
a125682e70f34f07a247f89c345a19c9.jpg,0200
a1265c0ba0be4cb38067be6f92c93226.jpg,0412
a1268c60c0d74953940ae89d21291e18.jpg,0028
a12892b00db94759b7c8b9258388700d.jpg,0064
a12a70272b8d48f19d60ad3810f6a22a.jpg,0073
a12b9f72946b4b28a1196ba42c6eb75e.jpg,0372
a12baa002be34ccc853efd5c11e136e3.jpg,0020
a12c6115928e444b94a00d1073397339.jpg,0178
a1328696425445028c0b6dbb4037aa8c.jpg,0008
a134031e0c324d908d86d7af912216a7.jpg,0094
a13c10ca25074674a1d9ae8b606fdafb.jpg,0257
a140d61565f0431ab7084b28a2bba022.jpg,0417
a1519482131b4938ab1c98a079f65a1f.jpg,0356
a151d856d62d46498110f7ff8e7c44ff.jpg,0446
a1522e432c274fa8848a7b9678cd0a30.jpg,0000
a156f2b57c49484d9ad39699d1e1a8a1.jpg,0395
a1575849753e40c6ae2e80b7a954d16d.jpg,0328
a15920f2646d4f41902bc3a3223d945a.jpg,0494
a15ad4ef33714879ba1290e5fd92842f.jpg,0012
a15dfa7ad7b24c0096c614883364695b.jpg,0189
a1614d9611fd4b3a8baabffd5ce0e44c.jpg,0042
a16196fba605437e866f3481ff9b6eba.jpg,0189
a163e1645feb420c89973ceedc96b6ea.jpg,0162
a16db2bb15204af685c49da80ad6ab77.jpg,0211
a16deedcf4f142a6b278357df8fdf8b8.jpg,0072
a16eb7745dc3491997857f2b518bcdd8.jpg,0475
a16ebdfe2d644c0e8fcee9d163161673.jpg,0291
a1710cd494dd44d683e16e0939f23aff.jpg,0029
a1717d48458446f98261965bb9dad315.jpg,0321
a176ccb70f6c4fd489ff1f7776344926.jpg,0291
a1788987dea741d3be1fd021ddb6e530.jpg,0346
a179740c3cf74822bb113c8f1fe0366d.jpg,0480
a17b1bb4e4724c7da189464af5ac68f1.jpg,0327
a17b761fc61949e1b8409b7be855dc29.jpg,0277
a17fba2a20114641bd9c3115993b031d.jpg,0387
a17fc9e85f8c41229d4d712e2b2b4a51.jpg,0108
a187e9371d9b4231b550474b026fccaa.jpg,0031
a189048fee784352b925971e6781ae48.jpg,0461
a18bf167b81041ce9935a7e7b5340e46.jpg,0312
a1937b8c539043a2b1a79f5e3375af0e.jpg,0414
a1939c6e69e349e4a4255c365013fa9d.jpg,0416
a19533efdfa545b498d7089f2cd1b828.jpg,0297
a195fc696d724395bdfe7afc3a360569.jpg,0074
a197cdde78254e47a03fe2f5b63cfc4f.jpg,0147
a1984735bc644f62be7e64772283b417.jpg,0342
a199a19b183540499114501e0da32098.jpg,0138
a19a266a997d4b1f9cf6841f3de6ae1b.jpg,0313
a19c5da64d034dba82f29d9911f01b74.jpg,0254
a19e5854ac9b4f4581e6375f0559385c.jpg,0374
a19feef36e0e4a84a0046b68c0addc50.jpg,0395
a1a2f31226d0443f80eb921e17330028.jpg,0238
a1a9a0045c68400b8ac411fae35d1e53.jpg,0349
a1aa153d52794f43bdaf7ebaf906afca.jpg,0232
a1abaf8fe6714281b567c8b7955cf5f4.jpg,0120
a1acba6c5950446db2be53e6e34dfe0c.jpg,0054
a1b1eb5c90e34f6394e5c740d5fc917e.jpg,0336
a1b27dafbaf24c2f8558db0f8a86ff6c.jpg,0426
a1b379c7f9a643ffab87d3b8289d822b.jpg,0115
a1b4611bd52c4baf902c36266925ff37.jpg,0298
a1b8a343b593422faf171b14ad314058.jpg,0422
a1ba72290be94718aca92dcdfea3ee08.jpg,0110
a1bc2d26bc5946699014a1d64221d183.jpg,0070
a1c08fda1cae4e91a06da20a546351ff.jpg,0098
a1c1b9ec820f45229594c979e0f79868.jpg,0064
a1c45d66377f4f5d968526013b17cc6e.jpg,0242
a1c462dc79254917942ca8d057376782.jpg,0372
a1c48d97a3cd4dd6a75a710770f6991f.jpg,0368
a1c659d206084bb4ad9beee58beb10a4.jpg,0143
a1c6f5c0b28c4970afd9b77906a443d3.jpg,0177
a1cacda02fb549799ed6b70f83050d94.jpg,0486
a1cd5c622ad84725bf08f0088cef8701.jpg,0313
a1da08c141364110a2eb45a451f947ec.jpg,0315
a1da5d76ecbf43a599e957be2cf78af0.jpg,0081
a1e2cf4b8ceb4f74898ce88b2ea8062b.jpg,0175
a1e80960334a48788d5f67eb785f047c.jpg,0387
a1eeb729a8f64072930c7b29cb12ec1c.jpg,0335
a1f0293a68b545eb99eca1e52e4bf3cd.jpg,0408
a1f63387f578498f89aa58c33130a908.jpg,0209
a1fc6804d84f4aff990441e0ff545d4d.jpg,0272
a1ffdb0feb1045c2a045908362738252.jpg,0426
a203491f4ff2400aa4b46e17a4ede504.jpg,0297
a204d753f02744e8a601256ec13e6409.jpg,0037
a207e1c201944d72b8dab2ed01c9b5f2.jpg,0208
a20bdda9eb7142a2aa5b9b380aec6abd.jpg,0104
a20ec5a5627a40d08227c796b8e9fe49.jpg,0176
a20ee43cb3ac4a75bf17bcb83b1a474c.jpg,0477
a210a18ce2124980b0a189166b3131e3.jpg,0149
a211740bc94647328479b3e08e9a9f1a.jpg,0220
a219d154d5764466abbc11ea1d4b6c8c.jpg,0072
a21bcbb18fd7401c9a53cfc07a88066c.jpg,0361
a21ed66bb8904225b3ca886c9785b9b5.jpg,0165
a21eee7dd2874f92bf98a87bf2eedbd7.jpg,0023
a2209bd8402e42c2abc21b588af5031d.jpg,0466
a2212c0bcb0243639e206d696fe207e6.jpg,0341
a2235414bbd54db8ac15be9e6050ff9a.jpg,0207
a22b1c3d522a4860a5223f558e19538f.jpg,0291
a22be7766f614ec285b63ff31cc4e25e.jpg,0384
a22c8bb385c745ae880e44b780bcce69.jpg,0193
a22ca109de33453992d763900dfd8df4.jpg,0291
a22d574a9f8d4083a53826fbf22194a3.jpg,0093
a22d6773a8dd46ac9d7a26cca35373d1.jpg,0396
a22db51912c14c24ac453e66d1f92281.jpg,0156
a22f4f28cdc541b0a7ebc4f38dc49c11.jpg,0140
a22ffa6510d447caa5509772413aa586.jpg,0124
a230407adab24bc8b190c861b946a8fc.jpg,0143
a231d9b9891a42c2934d0de0003e2f9a.jpg,0307
a234afa967a74964a62fa1752090a595.jpg,0008
a235335ba2d44d769ec9e6fc633fe0bc.jpg,0085
a237cb8b986347dbbaf8f687c9296883.jpg,0480
a239801e656e4fe193ae6d8e2538ff8f.jpg,0066
a23af2bfef67481e9c4e40c9fd7a0e93.jpg,0365
a23b8a95176b4d42a9b2cd3ba1fe51a2.jpg,0200
a24113e0741b4756ada8fead84545c9a.jpg,0304
a244ce3d03704f14aa8d01c88d2d93f8.jpg,0350
a245d973145645cea44427396f12cf66.jpg,0134
a24629aa735f42458cdbebf52dd8399d.jpg,0419
a24c910eefa14ae99fc5abc6ac0ac3de.jpg,0279
a24d67e461544ccd979615c5393c9c36.jpg,0171
a25135fb677d4a0cbcc4271ac44c13db.jpg,0334
a254b54fb1504e6f8771a72e1a67032e.jpg,0366
a256123b1ce24dae936c745b2cf02b0f.jpg,0333
a256345414e24031b444bfcd1d7ffb6f.jpg,0485
a25794650ad7452499975e98128fdb14.jpg,0151
a25ba830ff7943eb885909d40aebbffd.jpg,0392
a262bd15452447c89815df0ceb861a29.jpg,0164
a269e3625c964d70b01b085ca409c98f.jpg,0037
a26aa2e7ce7f446a837b50e2b6b38257.jpg,0472
a26b97b6d0194367b31596062151ec5b.jpg,0418
a276819d61834dcab70658a6642f2167.jpg,0235
a28829a6e4e446e39f785e1aaadd5d10.jpg,0115
a28912f561c640ecace174aaaea9e481.jpg,0391
a289a0f935ba4b5299d69fc5cf87b27f.jpg,0131
a28baccd527c4db78b99550cbdfa48a7.jpg,0395
a28d1810f81e428d8393054c0b4e4b2d.jpg,0380
a2903512afe04669a70f222d168e7c95.jpg,0107
a295ec4dcd4b43ae8088cb0aa9ce9113.jpg,0203
a2963c7d61fc4fb5adf7a5558e7cc2ff.jpg,0128
a298854fe2f748c19764f6c859bbed63.jpg,0427
a29cbb48c23947ceb4bccb7cc3423020.jpg,0165
a29ecb1ce06a4d65987900d9a8eddf82.jpg,0210
a2a24742b46c48dc9cf238b3272fb286.jpg,0214
a2a35215278d47f0b9f5603f3ba491c1.jpg,0239
a2a84e68f90848168470060f0a093472.jpg,0244
a2a8ae3114c74b10a962e0f35636557b.jpg,0179
a2a8bc6f510f4b67a27e740b91c0dedc.jpg,0004
a2aa6b8afbbe43cca367dcff0c2b92f8.jpg,0422
a2ae3a1531424ec38d61ac9212d635e5.jpg,0429
a2af7a0fab5d486da69b64c14720d945.jpg,0045
a2b360786ea04f0486e58d8e44fa19e6.jpg,0012
a2b4c1e37007464b8e3ad89ffb386bbc.jpg,0391
a2b8e36371074e469c34af7f7e43564e.jpg,0330
a2b9b1669fc64fefa1c2ed6d54af4d67.jpg,0264
a2ba71e6096742829fa27429e2fe9106.jpg,0173
a2bb1283e5b3498f9459e277f600f9c1.jpg,0189
a2c249fbeff841969feb1661c19921e0.jpg,0182
a2c29d266c044895894771a0cec9485c.jpg,0093
a2c6212734e84df79e68b387cb30978b.jpg,0020
a2c7147e0a6043e482190076116ddb7c.jpg,0339
a2c8da516ee14bf588a8299d82683285.jpg,0278
a2c9fae73b224e9aa8cfaf58e789433f.jpg,0045
a2cbd511bf114f339348deb0fb961830.jpg,0286
a2cce40477264acf994f394bd41e16df.jpg,0331
a2cdb8bbb713494cb6da0e6f836b9be5.jpg,0365
a2d017d5b3b24152a2dec2f0047865cf.jpg,0199
a2d0ecd6e3a1404da2b39ec9f0c80e73.jpg,0259
a2d2a8e3c6304ebbbf9155c6d5a3d81d.jpg,0286
a2d424ee9fa34e469ce0938ccce0b468.jpg,0301
a2dc1d2f48404d76946158342e286223.jpg,0200
a2dcbc7e65814de7a467d80956f265cf.jpg,0321
a2df52c3b71c4226ad2adc90f90ee6a1.jpg,0267
a2e09f8705ee4c8da2f235a6ef22fff6.jpg,0225
a2e5d94bf5624f3b89e7bb98e42982b8.jpg,0190
a2ee31cff8ef490088e3951630ca96ff.jpg,0391
a2f28cf262fa4a588b1ad60bee837a84.jpg,0447
a2f61f9a30574279ae84a656e681acab.jpg,0180
a2f6cfd9fcbd493fb3fd4d96335974b1.jpg,0264
a2f70efe3bdc4e7bb096d9e774bed74f.jpg,0288
a2faa102cd844cadb7044b06253070fd.jpg,0181
a2fc2c3a411045fa9c8995612b6af823.jpg,0178
a2fc2ecc1ea2485ebc633f00cce9c595.jpg,0414
a2fea54c05ea45358550388063157e61.jpg,0483
a2ff68069aee49b5bb49411c76c6f0be.jpg,0304
a303f5b366364598b83854f7b9c58dcb.jpg,0181
a309599b97f44189926ac34eb9a376ac.jpg,0229
a30a46b5617e473d9d2160c23fd59adb.jpg,0348
a315cd2b920746dd8be057c63ff5fc51.jpg,0267
a31e67c0c04e4b35b9a8b08595141150.jpg,0100
a31e72e01fdc49a982d6ef9af80aecae.jpg,0406
a320f9030f314909a5c1179316ca97be.jpg,0159
a321b458a03e4d34b1244e63b535f9a7.jpg,0056
a322d7ae4b264c36bb6acb7302c02a2d.jpg,0197
a32652eee3634754b547dac4823ce623.jpg,0257
a3270dab8a694269b247d28d0f8a9eff.jpg,0283
a3285e1f44d0473fa98e95b5ff001bcf.jpg,0344
a3286c68b93145c9be11212e7ed5f11b.jpg,0168
a3294326abd24030b48782f5c0ccc73a.jpg,0254
a329e2a4674a4c8598e3d9c01b294230.jpg,0389
a32bdd5089a640b38fd146767d9eca9a.jpg,0314
a32f06a3899042de815d23ddbeb5a2ab.jpg,0054
a32ff6d0cdb9470f91479b28d6b7a48a.jpg,0046
a3389956c0754fe2ab89e51c804fe8a5.jpg,0313
a33fec9657e54feea116c68bf94a104e.jpg,0487
a34051d9ac8448e5b832590ea0e3db04.jpg,0363
a340f346d8a940a2bf32a247c4a4f737.jpg,0390
a342f635c7c842c2943f89b9947c7799.jpg,0329
a343c270f13d405c9f86384d15556aa5.jpg,0116
a345b5953bb34729bddc14eb04641909.jpg,0263
a3476edfc8984b3bbd48c749105949d3.jpg,0297
a34db4c2e69447ac81c3d4e58f73b50e.jpg,0045
a34ed7d1ddda422491c00e0f4acc052a.jpg,0302
a3519fb166c542dfae5dd753c24b3356.jpg,0462
a353766739394e2bbe39ca60bf0a3b26.jpg,0036
a35b4f37fac14dd091d4906fdd66d0ab.jpg,0072
a35dc55adadf41278a00e965ae6514e1.jpg,0445
a363a602ed5e451190272a98effefe50.jpg,0184
a364cb6e0ee84ab594be5913860d2495.jpg,0216
a3675291fdb6442d89eeef691fb62557.jpg,0297
a36c9e1170e2483abc29182f9b300597.jpg,0379
a3710a57aa624a64906264d141f9661c.jpg,0221
a37309b4f20e4cb587b1ba0043c12425.jpg,0116
a3748ca638e24ae8aa9b3f4c29b994a3.jpg,0428
a37534bcb5004fd3a5882ef35bd52102.jpg,0250
a3757b9410f54d9184bb40642f7b6fbb.jpg,0335
a375df927d53477bbd8386799abe8bd5.jpg,0203
a37c1846494f466dba7cb2ed77ed27d8.jpg,0322
a37d9d8a6eef465eadd9e65e63761df4.jpg,0092
a37f3c9fad4d47ab8027d1885b7a6554.jpg,0386
a382ad87e63e4bcaace432b7a96e8762.jpg,0123
a386c5ba02044d15bc1973f2db284010.jpg,0408
a38843e67a4246dc921133e045c76035.jpg,0119
a3897d66f15240bdb98f3a847a2f8667.jpg,0163
a38ac3e5568941ddb884dfdc5ca74f1f.jpg,0157
a38d364de2d1489aba9b3fc2be9931b5.jpg,0334
a38e9026dc454b8e9240d76487dd25ad.jpg,0112
a38f8b0d74484b3d895b0dcf9a1269a6.jpg,0230
a3939d70329f4318b011198ddff309ca.jpg,0455
a393beb2ff17474e9dc03d623b4eee02.jpg,0133
a395e14213e24d499c54e2ba74a7cc11.jpg,0210
a39639c7423b42e7bd8d75fa2b7fd5c2.jpg,0204
a39a7ed4797042368d5792b28f991ea0.jpg,0335
a39abd787f794b8aa29055968e441371.jpg,0419
a39fdd2ebae74b8e8464df9feb3a3a0f.jpg,0445
a3a00b0451204ae681c3871f61f576c7.jpg,0059
a3a05e8c824a4692b273648e71306060.jpg,0033
a3a6bac17bad4af3b722e1e000e11898.jpg,0291
a3a8f32dc8e948bb955f3436ca81b10c.jpg,0276
a3ad243622b04d39936332761ae736a2.jpg,0132
a3afbb8fe2e64ca5a1e433c2f6e4a9a3.jpg,0147
a3b8424c0eb3473b8c441406c91cc0bb.jpg,0013
a3b8f8c0f1de4794a272468fe252cfa8.jpg,0491
a3be134c2f7d486cb648d9388326a767.jpg,0268
a3bf40247ac940609c5d3e853bab2157.jpg,0292
a3c252e397854faead1530bbd49ab37b.jpg,0047
a3c7c5a207ba40438a4d9e8f5e6ce9fd.jpg,0063
a3cb87406010496d99858ab8971b1799.jpg,0020
a3cd327e46cb4f4d8103a0dba1fab5d6.jpg,0124
a3d65a601b504f88aca91b867d073608.jpg,0081
a3d695e8439947579b6fd119ff2d75bb.jpg,0394
a3dcd10b9f2546a9b28cac1bafbc7b59.jpg,0100
a3dffeb3ed84465b89cae8ad77c0f563.jpg,0166
a3e4326bccdc4058bb1e1f37846002e3.jpg,0380
a3e8be146f1e4dda81229e3a93fc7b10.jpg,0273
a3ea285249a0481eb5bd54e7d8944f0e.jpg,0260
a3ec199c32ba484b80366d96a4c11d79.jpg,0452
a3ecbf0a273d4dfbbdbdde64f66cdc15.jpg,0178
a3ef651d1acb4462a22cc9524825f938.jpg,0275
a3f76962e3264cea9030733b37732baa.jpg,0055
a3f778f6b7594d8184a214d614a89278.jpg,0037
a3f8e90f56c8415cae4962091934cdc5.jpg,0102
a3f9d82b7e434f35b29f9290b92800e1.jpg,0122
a3fc0c0371674fb7b43f2ebe66520c4c.jpg,0177
a3fd5a1595f04da8aafb7d6348533604.jpg,0108
a4037ac8fb584055a3974be8ea24a938.jpg,0369
a40754ee4ada4ceca0775261f8bb4d80.jpg,0059
a409ce96a3974545bf20cab6faa7a5d8.jpg,0107
a409d8e4286b4f6abe92237eefe13566.jpg,0019
a40af600b7a64f7bad9ed248452b2292.jpg,0207
a4110d7154f245709f363d0bd5f6b4ea.jpg,0230
a423c22439f14b3ea7080797c75ec450.jpg,0047
a42497ac308a49a096b05ee79cd32937.jpg,0099
a427beee56734dfca58598dff7484fcf.jpg,0297
a42a480254ad4940be416b5f6ecb8310.jpg,0287
a42ae7086efe44d2968792c82f5540f2.jpg,0064
a42ff4f73c8140669f5a88b0b4cde3a3.jpg,0087
a436ad8a8192423894efc70545ebbe6c.jpg,0120
a4388d8037374adfb6a800c2a601c328.jpg,0218
a43ea97fbac943b1a9fe2155fdbc0aad.jpg,0202
a4405ad248a84aae98431b0c351538b2.jpg,0336
a440feb0b0894210848630ef62a08835.jpg,0024
a441420ac00b44f5802d33ad7e8f0a93.jpg,0086
a4466c18a3c14534a1ab9799cede225d.jpg,0465
a446b70b2e074d9ba518ab7301b82a4b.jpg,0342
a448e670fcd844e89543c4a39cbcb470.jpg,0405
a44c957500184b83ae1001c9c7746fa9.jpg,0385
a451886b51e544a786e6fe81140cf4bb.jpg,0455
a452d9253ce14d7ca45e751bc1abd5d1.jpg,0200
a461b8cd3ba145c88e2007eb250f414a.jpg,0349
a4649fc2581443b19bc9cefb0ebdb27b.jpg,0430
a46a08fc334f43cfb675ee33a1970232.jpg,0046
a46d9a05cdf34bf28aa9b8997d6a7d33.jpg,0111
a46f903317b147a1887c194f9ccba110.jpg,0164
a47284ae08d0473186ff9fa8d92db7f5.jpg,0495
a476fe04cc2144c1b9d263f535f50392.jpg,0438
a478771c6ff64f969b8f6f98755b845f.jpg,0040
a479422331914fb49c76d2bc31f6954e.jpg,0057
a479909b4e1f466d93f4e3a99c377587.jpg,0010
a47e1f5be0c04b82b39dea293ea5b514.jpg,0314
a47e83f759b14a98a981e819aad978e0.jpg,0458
a480c9a1f4684df6976bb9afd27675b1.jpg,0473
a48351015f2842fd829768d1aef1f9b6.jpg,0006
a4898d52101b48e0a9befd29c67b833f.jpg,0018
a48a2b9dc9be40d4a096f24f166cb0e1.jpg,0258
a48efb68f9684cd29d46558b53c2ad19.jpg,0258
a48f142f49b54441808690fa6dbf1ae7.jpg,0267
a48f9247a2a54067b69885b342e877ba.jpg,0062
a491e63074c947319e85cf4114db5bf6.jpg,0029
a4943d614573438c87be6c607e59ae6d.jpg,0178
a4945e1abbd54e6dbe8886f2f75e4fcd.jpg,0071
a49608bf9ea644dfb4446fa2d59ce121.jpg,0283
a4984f25ef6a451ea5231c128204b7d4.jpg,0134
a49f5f80acf243e980d210601f2b1e3c.jpg,0312
a49f650319a94f8bbc9f5a3d22e82477.jpg,0294
a4a02125a5774954badc25028f045b18.jpg,0457
a4a1189f22464b33874eb6f58fd4dd3d.jpg,0188
a4a6e45f067748ed8c3abbc887fe5e33.jpg,0163
a4a7fd6382324f55be5b8b2a618bbdba.jpg,0123
a4ae43c5d03c40aaa6c3418af4e9491e.jpg,0090
a4b070a4c5384d93a364b8b322d226b5.jpg,0249
a4b0af6d076d4255a5cf0e441c0623b7.jpg,0103
a4b7483c160d438fbbfd3e96e9a77e26.jpg,0305
a4b840dd0d4743b4a2e6a13a5b7e107f.jpg,0225
a4b85b937c8c4de6aac15e041594e319.jpg,0177
a4c1d9e6765f4abf8131ab7f38221452.jpg,0024
a4c5f3a4006246a58a1f3149d131982e.jpg,0052
a4c99863eee34659bf67e09ed01660bd.jpg,0099
a4c9a194e19e47d8b6de6a0e55ce93b5.jpg,0443
a4ca132369124062a55b0c4d90bc90c0.jpg,0187
a4cc0d821a5d4428a7895e5986d1f023.jpg,0016
a4cc122d999e4b84835d7cb7c36ee166.jpg,0052
a4ce505d842f4dfcbb552f02619044dc.jpg,0048
a4d18a5766cc46d0a384b6d9796e6138.jpg,0392
a4d2d55583bb4bda9c61c2bd57d4e09c.jpg,0100
a4d4862bf0fa4982b7633cc5553e7931.jpg,0338
a4dabecd802849b1b5471537cb44538f.jpg,0373
a4e25cabd9c6430caedfa6a49768f5ff.jpg,0146
a4e7c69764c242178b0c5de36fcc5280.jpg,0458
a4e89897c16f4a74bec7f3363f797099.jpg,0205
a4ede3b8d1604990b939a27328db4d95.jpg,0385
a4ef2143d4ab4f28b923e7c0e50e2c80.jpg,0219
a4f0f387ba49422ba4fef20353a3e219.jpg,0314
a4f6aebe9bcc48f2b3cbbb8a3afe8a85.jpg,0208
a4f7c29810534832b9754887e590b29a.jpg,0077
a4f901b7e33e496f90a5c8177082ef99.jpg,0175
a4fc781fe2bc4d9fa601981a28335579.jpg,0412
a4fd8547521e466aadfd12f2ea7bb698.jpg,0359
a50343f60986488185c22f05377840f3.jpg,0391
a50e73945d9a461c990dea87c8556465.jpg,0283
a517234b4f594d7d984aaea909a248ac.jpg,0372
a51c6cb27dab400c95811ae497e3c9e1.jpg,0159
a520abbe35d645cc9ea5417df3fc348a.jpg,0199
a5223cc37a524c34ac0ca7fd24908dcb.jpg,0475
a5232a227f094d3abe2b56d64c90b86e.jpg,0383
a525dcdcb16b4c8ab7ea2487f71f648a.jpg,0350
a526e75d4a244c8a88702b4417808d76.jpg,0058
a52d89f57dd241bf8ea1052a8fea112f.jpg,0426
a52d94d26d274d3a962d6475adba00cd.jpg,0204
a52e9d1c2cc34f2ab2a76c29b3a9a37a.jpg,0365
a53030ed1b5648688e5eadfa3c1d58f5.jpg,0227
a530f03a42624efda67b9e9640c52d5b.jpg,0052
a532bc2cafce47a5bdfa381d2f1869c2.jpg,0216
a536a04929a244a8bfcfc89075476ccc.jpg,0040
a53a895ccfc74fb5bb4de2dac0ba1ad0.jpg,0144
a53ac7b80dce479589b63e9abdf11894.jpg,0356
a53ecd67420a476d874545bda0669aec.jpg,0119
a53fbc93f6914f84ba128efcc1ed66a2.jpg,0199
a541c6c8a817409bb041956a2f9d04ea.jpg,0064
a54dc349a33f4fa4ace186e3b70daa55.jpg,0448
a5505dcfe2df44609070b7e7566c99ac.jpg,0485
a5518dc0e6564abc91479921ce700044.jpg,0351
a554adca056241a4ad7eb8a0d95ca461.jpg,0383
a5556a6c28f1445b89ffd7db3c1cb35f.jpg,0470
a557e01a198442db9a21b68674f331bf.jpg,0015
a55a1e16fe66495a94f9bb02bb8c518e.jpg,0213
a55b6ed23fa8426bbbef992faa01c334.jpg,0034
a55e609e68e04aa0a3fdf4f2f22b4485.jpg,0475
a561262043c147d58a7f05b1c0f261b2.jpg,0235
a5617b77af3e4e379251f83a8dc92eca.jpg,0267
a56180dc9dc648cda48adb68fa7a506a.jpg,0145
a5657c5aea4348898fcd27096c99cca1.jpg,0317
a569536221bb4103bdd12d89631abbb3.jpg,0002
a56a12b9048d4f4e849c99fa3e592d46.jpg,0417
a56c66fd67a7442dac1cf44ea008dcff.jpg,0482
a56d9dc99b774e539fd71ff3c0a86039.jpg,0413
a570d41bff024e7284a448a05c4e8b91.jpg,0298
a5754e0ac2d34856b5e67394ac732e0d.jpg,0322
a577c1bc973a486797c56eed355f413c.jpg,0019
a57833039f754c7f9fb81102bc598629.jpg,0374
a5795195437f442a868f85f212045623.jpg,0182
a57dbfc52cf448158c363232acc87980.jpg,0186
a57e0f9f007b47a38e51a2a86c2f3e3f.jpg,0288
a58148b2e476409eae6deef640bf072b.jpg,0288
a584aef01a09494186070e881c2bf61d.jpg,0426
a58f0ee124d54c1caa2dcd3c75dd3c83.jpg,0312
a58f71b3168c48c3a6dc730ba3e26a9a.jpg,0455
a58fe4e9ec21441da955890d2ecc5bac.jpg,0018
a5909e11b61249dd8eacb2bedf65338d.jpg,0437
a59619822ac5455e933893a6982523b7.jpg,0462
a597a0bd5d1041408dc566b88108de61.jpg,0315
a598a3bccb404931a38112efe9b9b217.jpg,0382
a5a1af7e9790483db83f619a3c496e3d.jpg,0176
a5a3b0e023064deea59e82cfd352c56b.jpg,0189
a5a46916f2334f97baafff7cc32a54d6.jpg,0398
a5a9a6539f154fa39b0682c07deca51c.jpg,0211
a5aaed349a06470082495ae60c26b987.jpg,0192
a5b75b1b55f7411289c6a2505b81843b.jpg,0329
a5b9db1680064d56a2b042bbd9bab2b5.jpg,0311
a5bdd661a44f4540aaca15f9cad60a88.jpg,0045
a5c4246f02ea4ab497ec7c08083527a3.jpg,0346
a5c80c68409e461ab1a58de0c92f9a10.jpg,0468
a5c91affbaf84bd8a483fc302d422586.jpg,0408
a5c95e69d9d943e79e14ba2996cdd273.jpg,0362
a5ccd92c78484c38a3c580e30714c86b.jpg,0498
a5ce03cc4732494394ebeea0b5c886db.jpg,0451
a5d10694c3144b5fa307bcb2f787e1e7.jpg,0027
a5d1c37bc9f049ab9e0966eb54276950.jpg,0135
a5d670c157d34c70919de6c015d7e093.jpg,0266
a5d72c7555474255987caff20e2d0ac0.jpg,0436
a5d785abfa774992b81316e664253801.jpg,0128
a5d7d2040f3e4b478d39016c886db276.jpg,0136
a5de77bd4a3642c4b31f89201ad1e22f.jpg,0024
a5dece6dc3594fa8a63da0afbb2742a8.jpg,0177
a5e02975f7bd4321816ceaa1000bc8ba.jpg,0328
a5e048c7c49540669c41b65e7670b761.jpg,0421
a5e269ad2ed54ad3a4d233beba74c0dd.jpg,0446
a5e38db4d1d5495fad8f911f20fa9e5b.jpg,0438
a5e4141bf4c047e19c5bf0e698a8d303.jpg,0246
a5e5db258b6248cbb638632ef4a306f6.jpg,0466
a5e5ecab10cd428faae62a3898beb9ad.jpg,0382
a5e80cc2e14d46d0a27f313b2a517e69.jpg,0229
a5ea1110147f4d9d8ba80ca70d19ef58.jpg,0408
a5ea8d9bb7b94c9884ca2019d196ae03.jpg,0351
a5f1314d892d473297eca4783e369d0c.jpg,0428
a5f1a7bebea44f42b38debcb6bfcb5e2.jpg,0077
a5f81c11b79247188afe1631ae78a027.jpg,0167
a5fd2ff26f4d47fbb471c2c6e3ec239c.jpg,0312
a5ff2b73bc794ad983f87925d228cc1a.jpg,0495
a601ca405ec043f5889a4c435c80f2f7.jpg,0434
a601e5a7f4be4f52b3e6fe4b25e4e5a1.jpg,0483
a6042c58df7c4f07bb31e5a6294daa99.jpg,0030
a607e21992fa41048d29a73283cd4704.jpg,0319
a6099949a77f46c0b54e78f4cf45a552.jpg,0028
a60a615c843b475780de96f41e153290.jpg,0133
a60ae9cf8f6748acbad6ff170fefd1ca.jpg,0454
a60f3780794341c5b30f6a2175f69fd2.jpg,0287
a612489512f8441ab5418d038f05b49f.jpg,0360
a61272bf21864dad816c9d6589ad10e8.jpg,0304
a6130c5b94524fcf9173c1a27c9a9a33.jpg,0054
a616f3fb3f4643bc9d57c71d6648eebc.jpg,0324
a617f6c6f5024763bdf37135467519c7.jpg,0061
a61839549f68468099815d8e14938000.jpg,0343
a6183f80ef554905b57ec658fcbdbeab.jpg,0004
a618daca67c54eae8e286f13bf669d04.jpg,0012
a61c47f19fd84d46afefa8585aa00f36.jpg,0447
a61c5d55d5b3441fba3d804a2973cdb6.jpg,0325
a6217eae99f342e7968686eeed387d07.jpg,0001
a622beb408b9441c9975c3552bd94f9b.jpg,0295
a62417bccbbc4e89a880c82498949bf2.jpg,0370
a62a8dc726224d66a86d87548f05038e.jpg,0359
a62c82e44e514738a5b94c202f9b4167.jpg,0052
a62c9188030c44f79db554f7183aee9c.jpg,0080
a62d1e1672a34103915e441caa300268.jpg,0326
a630631077004ce8a1245b056d29a716.jpg,0495
a63635851058455c97a29824193a9674.jpg,0146
a636ab5da7e14325ab27ade2d7134917.jpg,0422
a63b5ca057ae419bb34a994afde4b619.jpg,0389
a63d29c8a2154cd1b93815b29aeb2455.jpg,0277
a63dced83de445e098f6e6201835864b.jpg,0073
a63f110bfed24d69a3409268182058db.jpg,0194
a6448d95b7464402a3f09ecdbbd7d254.jpg,0142
a644b8642cda45d2b7dfdcbdf54311d6.jpg,0287
a6453089ac75405f90caece0b32a42a1.jpg,0298
a6469150a6f64879b7c9aecabbc1c28f.jpg,0234
a64798b5ecf7404d8c98c4934573f992.jpg,0398
a6483a8f0fbe479ea6d778454938076e.jpg,0483
a6497da7ef584053bffb093a4e8ab528.jpg,0240
a64b80b91e1b476a98592a09576e4f12.jpg,0406
a64f75f057484d0592ea506570ae8e85.jpg,0458
a6553690449c4245b4a5196cff56b2a3.jpg,0261
a65cf9c4ebae45dca472a99b0520ad40.jpg,0420
a65f1567dc08466b97a8aaab4a6e1afc.jpg,0041
a662a8aa22244e94918e086e919c656f.jpg,0330
a664f57700344ea4a9b6758b46df6cef.jpg,0496
a667b7732e68484a8f70622c9e5a8219.jpg,0396
a668f3588a754013891f2036c8cbe777.jpg,0248
a66c6bf861254733ae4ecb52c16e70fc.jpg,0427
a66db8de84b44c68a728f7afdd56f278.jpg,0125
a6717d7f92ab4291ac5f6f1621258077.jpg,0229
a671d97517a54845bde10a1cd2674286.jpg,0260
a673ba48607a49d7b8a13985ee916666.jpg,0455
a6745fa517014aa0824873b4407e7b5e.jpg,0074
a6776fa5fd034ed8a420301eaf3fe8c5.jpg,0341
a6799e402bed4c34baffbc65fc5315ea.jpg,0120
a679eddb2915417a8a9a9254864140dc.jpg,0366
a67bc8dc485e4c90b9573004cf4b1620.jpg,0248
a67cad53908b48759c274d1bb4e3da9b.jpg,0161
a6805e440f5a488da1c90e86b4b66981.jpg,0199
a682938828de45a590d262b4e6d7d509.jpg,0428
a683349624fd48c0b9a0ecf3a89cc8fe.jpg,0221
a6880869591247ef8cf8fead024f9714.jpg,0074
a68c4316746b40e584e44833943fa5c2.jpg,0141
a68c7315d49a4d2390224d2a5d0d0c1a.jpg,0220
a6915648fed545239ef485e98fbad85b.jpg,0049
a692b9ca057a4db2b0b2833cba63c390.jpg,0493
a69441b4dfbe42798e5aa5ddaa9f0489.jpg,0498
a69651429b374466b87f28d13595f626.jpg,0292
a698c640d60b4577ad209ec85c6540b5.jpg,0407
a6999abf37644913bc688e783a3a2d2a.jpg,0209
a69a699a549241faa34e5f5c379c1ae6.jpg,0467
a69f8f23ea024f3a888fd442f5f9834e.jpg,0400
a6a174f377c84efeacc3e6b0b6dbe7f3.jpg,0059
a6a2f4da51b2414686c920a4155c7d9c.jpg,0417
a6a328d70e794a5d9cf63b7a69220d94.jpg,0237
a6a4b65edf3741698a7b1e1287d080cd.jpg,0426
a6a793476789491484a7b388a16f7c1a.jpg,0237
a6a79999b4594219ad6847f3c5840040.jpg,0298
a6a7d94515c743eb99f4bc3f700ef37a.jpg,0434
a6aae0feaadf4b4aaf84bcbc4917fe93.jpg,0420
a6acaaa880e84ded8817f91aa0f7e70a.jpg,0359
a6ad53c99be149b8a1e9ec3e5d5b362d.jpg,0004
a6b1b184c0214db19f5c069d8e0a96a8.jpg,0342
a6bc9d9508d446fb872c57c8a2704781.jpg,0319
a6bd2d4b028c4d528835326398975315.jpg,0209
a6bdea6b635647529b36658a8f17dc5d.jpg,0386
a6be7a9e4f174199a1028927c2018bd7.jpg,0413
a6c0ccda39bc42daacc099625985b9e5.jpg,0360
a6c4facfd5844b52b9bf2daf4db6fb9d.jpg,0163
a6c7d74feb854b0ea8689fadc3c85642.jpg,0200
a6c829df582749f1a0ceba460b76bcea.jpg,0480
a6ce20156d7645c28948f298472e2285.jpg,0063
a6cf3149ab0c4085a8b0b312b93e9e83.jpg,0006
a6d21c8270b74badbd8e733dfab360a7.jpg,0159
a6dadb06d263498ab05acf419a156ad8.jpg,0146
a6deb19b5d454255975758d8eabac16c.jpg,0164
a6e01b5bc62044fc92234661c7f9b90b.jpg,0026
a6e47a0581e34d228ebf7c2f94a6cf4f.jpg,0443
a6eba0f6f0884cdba0e269d4f64edf54.jpg,0197
a6ee57a0961b4e46898f1b9cbaf2d7bf.jpg,0169
a6f12f6b485c49d7a9af75438956a583.jpg,0438
a6f1a5ce801441aca80e7ed643ea9fb4.jpg,0131
a6f5fe5838d34bf79ba0d31d8ca21771.jpg,0151
a6f621e31a9f4b33ad1af57fbf32d5bf.jpg,0315
a6f6f007b19e40528e576296ad667010.jpg,0173
a6fa46416f154c82b2269b51ae23ba20.jpg,0333
a6fc6dc8b93c4d98a6f484a530820814.jpg,0004
a6fcb75b6f5d4418987715c86037376d.jpg,0068
a6ffba50f73a4a34b7f0f5e903f99abb.jpg,0146
a703193b7fd84c45ac0834a85ca93075.jpg,0298
a703fad88aa74d18aed61f51e2a561f6.jpg,0498
a704b1c121be430f8aeb130996cb24ed.jpg,0068
a70516f311c04fcab2db8380c7daf697.jpg,0028
a708018288534274bea058695b5ea21f.jpg,0256
a708e5141e5644f9b3e98b43ef948afe.jpg,0021
a70a5717679647f9bd819d0e2833016f.jpg,0177
a70a69e57b4845f09333ac8d850960c4.jpg,0235
a70b00c48ea448fc9a403006d54c9d57.jpg,0389
a70b31057d2d44db96af76cbd0c2e196.jpg,0310
a7111897107d4ffa87d60e4e4aad62c1.jpg,0378
a71160b0b12f49a0b1544c1b79276fde.jpg,0246
a7126037d8e0493e9304e4e3ea91ade7.jpg,0005
a713f44fd82f44c2af032d628bae8d7a.jpg,0355
a714aa1eaa7847d182d3e45f6cbec0b0.jpg,0444
a714d80aa58a4fc488983a2b792ce653.jpg,0229
a719d64ea8fd470d807bcd71273db92e.jpg,0021
a71fbfb540df477a8e3723fca3fe4080.jpg,0244
a722b385769840b99a4f5341dbc08047.jpg,0419
a72c62ef7a7047d28fa6984680ed7937.jpg,0334
a72f6c545f7f4e72b52028867e1f2113.jpg,0144
a73463219ec8403da26a1c6dbe8c6a58.jpg,0465
a73505facadd40a695a3a28b1a031daa.jpg,0196
a736efa320a1429f9ff94ca8fe4ab283.jpg,0203
a73923bb089b4bb2b037f7aa58381290.jpg,0015
a739732c17e24a4e811765a7d1b484b6.jpg,0475
a739fd5d0ebf441ea998dc9c3f93db25.jpg,0207
a73d246c26984a43bb9c1b95a0428978.jpg,0296
a73f56be255840cdac0a74e3660ed342.jpg,0020
a74765a80002480395322af5904bf932.jpg,0053
a749e2ed162444029bc17e850b93f1e5.jpg,0201
a74ab2132f034d69a9fceb09907f7b4e.jpg,0421
a74addb0393c4127be3cacc0ab7a2f76.jpg,0347
a74b4b59f6104b31ac0af6bed404dc6e.jpg,0294
a74d8e2af4dd4fe69545aa66e4c73cb0.jpg,0447
a74e81153f85472ab56e3f9a2594e80b.jpg,0127
a74ea73a9fde4d1ba7e65f6e08540ac7.jpg,0348
a75235ba3ac54244b6d1d3f370dc8d4e.jpg,0455
a75396d114f34df7a71add614fe4809b.jpg,0108
a75a5f2e283147c59b587acd04807f92.jpg,0079
a75bc9a0b36b4fe2858785a6888f3f7b.jpg,0439
a75cae738271486fa16584d8fdab07db.jpg,0405
a769760c3cd54de580cf3546f5dce6ad.jpg,0331
a76b78b1f6dd426b849792f1a45b1b11.jpg,0415
a76f284ab9004295bcbb99b08d84a5b5.jpg,0474
a77011e65d614d1f823dcc6bd0542682.jpg,0122
a7719bad4bfb4b86ac7b64ef512ded5f.jpg,0076
a7756d46b07e4db0ba4d95ac9ac94a0f.jpg,0366
a779d71a10004696aeba59b5de65a178.jpg,0401
a77d078c983d462aac82e45d1034f6b6.jpg,0069
a77f1b1295f14ea8a464a835c1a6b747.jpg,0126
a7815b15624d44b6912b2a4d1b346512.jpg,0023
a783aad4a1a04fdf857439f6cd0cc815.jpg,0314
a785b77d19e64dd4ad10414840f2e7f6.jpg,0038
a7864657dfd641f9983dffebb805a35f.jpg,0378
a787425e9df54e6b9fe9f973f21d9704.jpg,0332
a7879080c33e4f4dbf3bdb863e667f7f.jpg,0073
a789925760b64147a04d95d4c725db40.jpg,0119
a78b260375b84a01a2173b5f032b253e.jpg,0199
a78b3dffd5564fa3a9502bb6ab906e3a.jpg,0094
a78dbe6ae6114a34a2361f14cca67461.jpg,0027
a78e7488bbb2427d9114cb4360e0c80f.jpg,0237
a78efeeb01b14f58a1c9a653755148ac.jpg,0446
a78f0507b6944dc3b6b99db6f98c800c.jpg,0461
a79189ef6a0f41909a8edde48234f270.jpg,0400
a793390af39f429cb3f8d44624335eee.jpg,0175
a793697eacd64042b1a20939d832d0fe.jpg,0354
a79d8df686f042b086560a416e20bfa8.jpg,0465
a7a55d7650344244b15e9625517bc23c.jpg,0359
a7a7de98f8624c8e98413e2b1afe7275.jpg,0491
a7a8975c2c1642c9b1b2651d5509d743.jpg,0195
a7ab593459df453f80b1e91eb628c3de.jpg,0297
a7ada9d0036b425ebcd934664ee325de.jpg,0105
a7af9b9dca1f47bf989e12555b537586.jpg,0406
a7b176ca111345609249d3bf78c5a53f.jpg,0455
a7b1c2791a4344549559a896250c46cf.jpg,0371
a7b63daa391c4d07b37bae78e3adadae.jpg,0338
a7b69a292e4a4733a7781d2c26a1f929.jpg,0204
a7b6dedecba948a8aef9d70abd62afd1.jpg,0213
a7bb7fd84b9c4cdcab0c8a3e20cbf6c2.jpg,0118
a7c2bed1d7a0430c88f3a8eced033f1b.jpg,0085
a7c79fa6373844129323db4f5a1aaace.jpg,0350
a7ce928addc24413a183e623e262ce77.jpg,0495
a7d07af6190c486eae88418dce8a3132.jpg,0394
a7d50c8ef09b4f23a9686628cd927df0.jpg,0147
a7d84d195c6a4edd892df604bf7d6530.jpg,0033
a7dac7956027403b91a9a505924bd8a3.jpg,0213
a7db97b0143b44b4b1d687ad0f93178b.jpg,0467
a7dbfcfa22144eb3a8263a7dda75e148.jpg,0103
a7e60990a39e42c9ae6cc930af66bbb2.jpg,0288
a7e8efafe00e46d2b1f4ecb575637399.jpg,0048
a7edcf208ced4cc9b19f9b6db739a892.jpg,0183
a7efb622a8884ab484a95232f4ab2297.jpg,0458
a7f09057b2554aaa8e868aad3ee85dc6.jpg,0141
a7f4e80869154b5090c0ed0171b815ba.jpg,0208
a7f54aa65f3b4a179562664bbd60ec2d.jpg,0269
a7f5781f16004c6a87fa6dc6128ecad2.jpg,0341
a7f5ea6374524bb1a0c9ba29840732de.jpg,0207
a7f609dd02284082b4c841e297fe070b.jpg,0015
a7f6a41bce0242c6a1cdc428ac19631d.jpg,0089
a7fa4a02927741c9901fa5e454310703.jpg,0232
a7fe110ba7344b0991274d02d570d815.jpg,0223
a803f288af8e47799bf97aa1f655b7ab.jpg,0250
a804424b986945b9a219b988c2343a4d.jpg,0360
a80b898f501b486d88bd6539344f6f29.jpg,0132
a80c727cacb64f779d211a42446bb995.jpg,0484
a816e82daa77455aba507aec96fa8678.jpg,0008
a81a36b6c16c4902b102de9876adf9ad.jpg,0455
a81a6c847a97458594506d9581d37996.jpg,0464
a81a7ed9a8eb43cdbc8f592acb7f8704.jpg,0204
a81a93815d824c6681b63ece693b128a.jpg,0262
a81b38808b094a79a02bac62796c344b.jpg,0039
a81c38f90a724f6ea6cd62ab7d20b22d.jpg,0446
a81e5c06f5db4c4b8fe4970a706c304c.jpg,0397
a8212472c4eb4c709c0325c5b836b81a.jpg,0366
a8232aa5203c498c8cc3fd0a91aaed13.jpg,0110
a8244290470740adacf311b7021ef3a6.jpg,0231
a82543ae6f684d75ab350d9a2821916c.jpg,0412
a825748d51b34676a68166830f4ff4ac.jpg,0266
a826b970651e4c599a69d17494f31dcc.jpg,0172
a827f9f7e48141178a63d7fb267ebb41.jpg,0281
a828070c6e414b5788420887121cf785.jpg,0180
a828daf3d50f4e949b3dc3df55bcb420.jpg,0493
a82bcee132144e0e822d0ade46276f8f.jpg,0009
a82d458d9dfc4285b72d106427a674ab.jpg,0061
a82e3bf1498f4e6594b91ca085f0e637.jpg,0420
a8375064898042e0acb38cbdbc994929.jpg,0076
a8381170de9a4b8493edb2657fb10617.jpg,0386
a838ddb8deea47c782dbd3f3aab64b9a.jpg,0485
a83c626792784a00b49f633580b91e87.jpg,0424
a83ea8449e8e4b49ab23ec375bc5e2e4.jpg,0013
a84440b691bc4c5f8039a70ac46f71d3.jpg,0073
a84b102351514346bf876564cb17114e.jpg,0269
a84c4f6c1d54466f868fd906cb6b6718.jpg,0417
a84d261214fa4c3da280aa99b697d7ca.jpg,0481
a84ef6d3fa024694b920c9d9889db801.jpg,0134
a854d34f3a404861975634128c434d99.jpg,0336
a856d19eb6924c488c47f867ec3bce3d.jpg,0151
a85af7e3272b41a9b5da7d760044c24d.jpg,0065
a85f7bdb1ff54a4cac85210395bb9f27.jpg,0431
a85fed0fae424ec6ab221ff2dcdddff6.jpg,0099
a8600f23da514e2d9984007f2f53ad56.jpg,0294
a8603904673c4f3faea8d44819444e0d.jpg,0176
a8667f2fe2244f26b19d1dac27d4734c.jpg,0440
a867a318903d402ca7457638102595ab.jpg,0038
a86f27a8ed6a4e0982f6b02344f34771.jpg,0036
a86f3e4b75c84b4a8e832f4ede16a3f5.jpg,0056
a8735808f5dc44a78efd2766d9f3ef27.jpg,0016
a8777b8308184a9cbb70e261aae6f4b8.jpg,0439
a8794468df7548679a8060b1b23bd61e.jpg,0069
a87d8dea2c2d4724a1adffe48400c96a.jpg,0404
a87ef633064346399f2d677d73838057.jpg,0294
a880c80424e043658ca2607b003f0d80.jpg,0023
a880f1a804534800a2888519dbb02777.jpg,0058
a881e23cceed47adaef9ffe80a03ca1e.jpg,0335
a8859f3193cb41bf9f08f2a5c65cc9ad.jpg,0045
a889c94bbe7949f0a844648dea1adb4e.jpg,0262
a88b0df434df45398e15a2aa967e97a8.jpg,0136
a88b6ad82ee34570a8913af597a5915e.jpg,0296
a890ddfd783449409a5f10429198f8a6.jpg,0045
a890ed286431498182f582741c25cae3.jpg,0490
a8913e1bc006491a8f51da38378714d3.jpg,0090
a892048eb8444b3da306f049c26ceb91.jpg,0381
a895ac108ea44819bc4e7ed5fe0692bb.jpg,0470
a89a74123d844918bae70703ccdecadb.jpg,0242
a89b79ac0ad848cd8f319a4f1447de89.jpg,0019
a89ff86ccbb14b05893753b66d6ca496.jpg,0388
a8a087d50b51411d8f6190ac08404b8a.jpg,0075
a8a925bfa3a84b9c958f718e342fd259.jpg,0210
a8a9fcd0652d4a75a9fd5e0f9d7055b4.jpg,0050
a8abd270cbf64bf59db724031e81028c.jpg,0063
a8aedf6d3a824d7ebb4608d59af6996f.jpg,0268
a8b27e3f84f84006813651e3639eee2e.jpg,0444
a8b3d512db924c89aaefb4ea9e97d41c.jpg,0077
a8b58602504d42d8b0aab456e6b1d2ce.jpg,0409
a8b9980067c245abacf7df7baae5c680.jpg,0202
a8bf527f9d194cc49b85c0a9ba5ad833.jpg,0286
a8c1c5e580b14ea5bf3b39db09a796e9.jpg,0247
a8c41d186145420f997a4122bd1579d9.jpg,0274
a8c507145d9d4eccaabbe4bcecdf475a.jpg,0127
a8c60812cacd4aaf9e021348c7dcff31.jpg,0223
a8c79b4be7ac434491c95b278f21c25e.jpg,0309
a8d18c3efe594285be9489367164c0cf.jpg,0388
a8d4a90ae2764fa9b5a62eeaff47a3dd.jpg,0487
a8d63732f15b40afbf9060d33ae4c35d.jpg,0146
a8da30632eba40409479cfa977429914.jpg,0099
a8daa4e1e523453395aefd1a425f8fe6.jpg,0497
a8e8c9eb75ac417cb5d324c58e7ed184.jpg,0060
a8ef5c2a39214d6680ba610fdd62513c.jpg,0004
a8f1e7502d43483d97b05930ff1929a6.jpg,0182
a8f4ff69d8fd4ff597182d247a4b6a80.jpg,0228
a8f5d6384df042db855c5ef0205b0341.jpg,0268
a8f6a17251144e69a358eb5c4dec7756.jpg,0052
a8f9b28bade94824adc47d4a0ae21722.jpg,0033
a8ff13d69d2244b796b0e4e489771b0e.jpg,0060
a90026dfe91544e393d42d398bfc4898.jpg,0181
a901836c55f24b7f8c2ef598ed09f566.jpg,0376
a9031103ea8b4b519bc124ff11f626c6.jpg,0443
a9061c08872647f5ac04aa53090440ea.jpg,0108
a9063739a5f84dc4ab92f82e8df2c257.jpg,0456
a907466d1e874fabb421b462890e2ed1.jpg,0061
a90e08800ecf48459cad0b024b8cf853.jpg,0282
a912a3de00cd45639968d4bc30a24a65.jpg,0449
a91f6f82fba94968beb278f94fcf3857.jpg,0444
a9297eccbfcb46108558eff75392d029.jpg,0370
a929f5c17d964f7bbfe283a8817da543.jpg,0011
a92c66b3e73a40fba28edfc86922bf8b.jpg,0408
a92cf8ef910f4e5980a2ac963e0877ca.jpg,0191
a92e596de3cd4ed6b73932da654175a7.jpg,0166
a92eec37387d492b9f1e80a91ab1b2dc.jpg,0314
a9300fb98ee547288c8da85676706628.jpg,0285
a93a26c015084e3b9b8dc281e697c467.jpg,0323
a93da7245fe24e379643b7af45f2ccc6.jpg,0221
a93dc54fb34643e88b4fc9872d85f24a.jpg,0229
a93e0b1e175448abb45dc42e1a68540b.jpg,0030
a93f4375a6c548b7ac2f6f894cd9acc7.jpg,0297
a9424ddbfde44af1a835e786bc205ebe.jpg,0209
a942b95d62014d84a25840e62bc2d8a1.jpg,0103
a948effeadbc4861b8f268b96a8e556a.jpg,0313
a9493e0cb2b64d4e95caa3f0e38af7b9.jpg,0040
a94a4f3fae1740a0ae5738a9173f1e8f.jpg,0206
a94aeb52151c44339eeb43ec4dbea846.jpg,0178
a951bcb99ff347efba23b185bedcf274.jpg,0105
a95778411d1f4bb4a6a0d2986d804a95.jpg,0117
a959751f238b4e6aa8cb3f43686cda87.jpg,0420
a95a062ed3e84fbab091cc4a6b114583.jpg,0064
a95b7a98d83e44d08463b0f13ad8db44.jpg,0153
a95c8583bd544746befb273ee301bdfa.jpg,0313
a95dc8580984406884d32a4532f8e59f.jpg,0284
a95ddf737fc5483d869516cfe73b0010.jpg,0348
a9600b419a714dc48a906cb1b0883860.jpg,0298
a96279f4ca9544c698d86bb3e9850b6a.jpg,0339
a962f24d84c64db1bf4120d172eecb5c.jpg,0097
a962f3665c3d480f82b9f186ab36d818.jpg,0492
a964a3727d8640e29e18d4d7be417664.jpg,0387
a96763059d4e4083af782161848d715e.jpg,0003
a96b4ac7fadf4e33bd71b4379e773559.jpg,0334
a96fe9685a504175899e2e736aff19e4.jpg,0193
a9754287fe384487935aa6d7f442d743.jpg,0352
a976648492764f4282b0ffe5e722a97b.jpg,0292
a97e0c7aacab44978ec38e1d275e9c4a.jpg,0353
a980d626d4df4420a1ddf8b115cbb164.jpg,0178
a982edc46e7e4107be15d06a239d41ad.jpg,0152
a985996f714547edb1c73dfb22549ad2.jpg,0287
a98612d40e634769acd1157f2ea42e88.jpg,0471
a98c66dea37c4e4b91ea4dcd3b6b76a6.jpg,0003
a98fc19b75864033b6b7ae9bef81b8be.jpg,0154
a995f85ce12d4c10b10e638ad53c2b1b.jpg,0454
a9977811387048abb1e10e32128157da.jpg,0419
a998bd868b1d44839d945e446957acad.jpg,0011
a999b1ce98a848fab9b978889af771d8.jpg,0486
a9a5ed82dc1e464097f16303910d0e02.jpg,0295
a9a78d163441470d9246f90be4d27cf8.jpg,0038
a9a9b217fb4d4fcbb969c554e01b2676.jpg,0357
a9aa6ec4444948b289174c4e93b52abc.jpg,0274
a9aadef1192a491eae4ba2e5b2173227.jpg,0398
a9ad0c83e6ca4276ad0d779dadab7f2d.jpg,0075
a9ae5895e44a4e3fbb1fcb2bf96a0bb7.jpg,0282
a9af8a8a6ce742fcb1de63ee5418d4c0.jpg,0220
a9b05599d7ab411f8d5d4f38c21e2264.jpg,0160
a9b0aaf171ee4fed93962c1826cd2f63.jpg,0025
a9b0c2ee4fe04d13b281d55ab3e65604.jpg,0249
a9b3075bdfc747dbab68f6900776906a.jpg,0423
a9b5a45dec8247f09db06d27619cd525.jpg,0032
a9b69b1d869b431591b363fc2d1c98be.jpg,0488
a9b89a52ba44436da15d90a20d8809f1.jpg,0490
a9c1793e320b44ac9f34a6ec15a095e0.jpg,0129
a9c8f8e98d62432382e2e7f968bc4244.jpg,0378
a9cca15025ee462f8048d434d39934d1.jpg,0269
a9cdbc59bff143f1920313352eb91ebd.jpg,0361
a9ce048e6afe4bb696f4d7f796c3efc9.jpg,0375
a9d22398140d4411a082189826fbb73a.jpg,0496
a9d236ea605e41e1ad402390d979a422.jpg,0439
a9d449143c97462b86e125c5ab6b512b.jpg,0180
a9d538f2cfdb47df902c7b967b18e407.jpg,0238
a9d54f6c63654dc6ac94f6aca6fb5100.jpg,0001
a9d601d1545147a58aae1ed07530b7ca.jpg,0339
a9dc6a53e37144dfa4e7a3f76d1e6c56.jpg,0348
a9e7db9f004d42f9a53469f675d78153.jpg,0292
a9eb64a6d818413d974391dc28a9bc03.jpg,0423
a9eee1c3b3454c09851a882351d9efd0.jpg,0469
a9f0194e0ac24a8e931930771f9fef34.jpg,0267
a9f03bd0cc4349cdbfe13431a9721ffd.jpg,0103
a9f081c8a1ba40b294005176408cc7ec.jpg,0491
a9f2a8c9b8344b2a9ebe6e93bd590fa9.jpg,0418
a9f2e47460154e1ebc764c642f29c6ac.jpg,0292
a9f839f52f71442aace436606baf3fb5.jpg,0225
a9f8ea9b366d4c4584b8d2cdd073315f.jpg,0242
a9fae8bea52d46d2b50c23ce7b658ee1.jpg,0092
a9ff1db007a740f589a12d18b79754c6.jpg,0233
aa06fe8d020943ce836839e0ce0ce762.jpg,0424
aa0adf1849fc4351a6df41d15c391cbd.jpg,0438
aa11545e4a1a4c54a9d7f1bc65fc2a79.jpg,0307
aa1199fa4e5e411fa86aac09793d9133.jpg,0391
aa1591b2e0ad40308bd922ae5cfc6254.jpg,0188
aa198bb01f29482b9865356e09b1c523.jpg,0132
aa217ef11ff040aea61b83c7b0a310d3.jpg,0196
aa21cdb3ccce49a0bd646796ab8574ed.jpg,0015
aa24f4cf64674358986c2d214a469fa3.jpg,0435
aa26605ea257431b87f58dd7f4927e09.jpg,0149
aa29e4e3ec974e0599a7c87c3e2e8a2a.jpg,0382
aa2a55492f014926b8f6b99e485cb16b.jpg,0201
aa2a82147f5e44cdb1a94ab73c35966d.jpg,0113
aa2b3df419ab4c30a066e01489c396f6.jpg,0087
aa2dfc2de49d4c7f89e7037acf070484.jpg,0426
aa300e09d9e046d6b8672166783d848f.jpg,0422
aa333c126ceb48b38852ee1b9057bd27.jpg,0020
aa339cb7c2ae498486a791a88c502df6.jpg,0063
aa37104c48de4457a480473685b569a3.jpg,0207
aa3a140d039c4944886eb773e6e57744.jpg,0446
aa3b3dc5c001412f93c6ae8b284dcd4c.jpg,0493
aa407349343e4587b4fa05325a28c929.jpg,0299
aa41208fc9f241f486219311e3fe8a78.jpg,0425
aa466f532f294f2dba938e14f1085dd0.jpg,0274
aa46bb56b9b244bca49e9807088f9cc4.jpg,0346
aa4ba6c5c4f2447c8ba518fb27a167eb.jpg,0486
aa5183ccedbe44af8b3f405488d9a75b.jpg,0391
aa55163456bb46f39eab7433a6bd5f9f.jpg,0292
aa565dc73978451a99673a8e237da011.jpg,0429
aa5bbda3713147618b25cd727c311a04.jpg,0473
aa5e7d26ee87479483af1bfe1727d0df.jpg,0353
aa60f2ab611548c5927fc166738fa6ce.jpg,0441
aa627600f9534d28bac2af97bf7bf053.jpg,0344
aa64a48bd3574ee4be1076bf7b1c768a.jpg,0436
aa65efbd90ab47c0afafb3fccaf96f7a.jpg,0181
aa6c6f4cc4c54772bda96a71214adf45.jpg,0455
aa6d3410c3214f1f8ede6a657318f8ca.jpg,0255
aa6fea95cdb04469953310a2c8123750.jpg,0452
aa73067d735b49d896fa780ddc32ed3b.jpg,0168
aa739913428641fca94d1c03f6f977a5.jpg,0144
aa75156a6c774ef8a200fcc53b4b610e.jpg,0259
aa77772818ff4b45a13a6f977b90edf0.jpg,0251
aa7932d62c7f46648633632a1bbbb855.jpg,0091
aa7ad92d1c814943afbbc5ae9edbef0c.jpg,0018
aa7b86388e2f47ecb12e3917fb873094.jpg,0195
aa82f4401b1e4240aef69e7d6436312d.jpg,0075
aa89c1e30e6e4df3959d0551c0ce5b87.jpg,0388
aa89c74720414b0483b8228068633654.jpg,0129
aa8ae839a3f4480b80073def5718fc72.jpg,0104
aa8b3a504a4641708c3b2c9b07c56099.jpg,0316
aa8c7015bc0f4859967f027af8937f98.jpg,0187
aa8de843ccc945cfb18df3ac8eb442e4.jpg,0107
aa9035db7dbd43b7876e86783797e94a.jpg,0177
aa9503207c334a5883605feaa2f0b17f.jpg,0187
aa98d3f31ad54ac78c1f8c8c28c2c9a0.jpg,0323
aa990b19d4804d53944796507afb25c5.jpg,0373
aa9def0a9aa5465faeb2ef8ff23d5112.jpg,0395
aaa03a421b7b426da8468dbf6a13a2e0.jpg,0094
aaa52e7ecfec4b8da3033eedc168154a.jpg,0495
aaa5dd5244dc44069df0de89f1d89323.jpg,0277
aaaf543df9b145a796da50e2712538a2.jpg,0354
aab0a9311a3f4b7abde63199ec4b41ee.jpg,0159
aabaa9f5f0f24273b4c847e4433a891e.jpg,0226
aabbc55b2327475fa52d7e8c46998421.jpg,0179
aabd269abd5f4698963306a15f238951.jpg,0352
aabe81df3ec44bec96f38c44ecd5d276.jpg,0473
aabfd974a94149c7802ae21dc0250c3d.jpg,0272
aac04f965ddb491f976f9635d0f55c76.jpg,0434
aac10d38ae524633b985ccde3864243e.jpg,0330
aac55ab15dbd4c4c80dd86f4aad86c55.jpg,0004
aac6f78672724cff9dac101a460d3f05.jpg,0499
aac76fcd3d524f18a2e9d7a2503b3f39.jpg,0081
aac93a6a0ce8450686b6912e3bc47123.jpg,0434
aaca7cd8a8204709987f95b8c9e489c1.jpg,0492
aacade5f0f02404bbcde1cf156a033d6.jpg,0461
aacc4c9456ee47c6a9834f7826268645.jpg,0239
aacd0ae260bf4dcebf67a56cf09439cc.jpg,0111
aacf55fbdf454617949736a20fe93c41.jpg,0165
aad809924d4a4f758efa1eac17ce981d.jpg,0004
aad851d43045462bb94517393a87d944.jpg,0323
aade8fafcfc94ce4beb3ce119f33777f.jpg,0412
aae2bbc1bd454ddb938b2df55949ea6b.jpg,0167
aae45cdf9a2d47c0a9caa597299efbca.jpg,0445
aae6ef2a91cf422dba56f56eb16ea336.jpg,0337
aaeb177722754712a4d5d53823795e07.jpg,0445
aaebb70533d044539bda0ad635dbf7f1.jpg,0040
aaed91ca0f2b45eaa8479bbb7edf48c2.jpg,0461
aaf12bef9f79453a90b16cc2afa673fd.jpg,0161
aaf318c772484a5ea9c2b93207a38809.jpg,0108
aaf9f435d2ed436d87ab3083154f8d24.jpg,0326
aafabaa6ba3d466ab57b5663a53da9d9.jpg,0421
aafc3fd209c14ad38a52fe9a82f3f628.jpg,0178
ab056785cffd4f2b9f988e3b0e3a267d.jpg,0208
ab0759a5815f46adb1918bd5b6646680.jpg,0327
ab10901e4ba64975a6cfd8f1a972a119.jpg,0085
ab111c245e0446ff9905bf66ff099a2b.jpg,0427
ab14f340ec6b4c53a302e414324983cd.jpg,0229
ab16029b6e0e4bfabb1df120ff3afdef.jpg,0217
ab1931c640d94e3ea2bac72d9900cc69.jpg,0467
ab1c325257284b008459a1af2ac72c2b.jpg,0387
ab1c7845dd384100a0d2e2fb36be74c7.jpg,0079
ab22978e2f6a4ae6ab68b32889e6c417.jpg,0211
ab2929e4e50840309f9ad706dd655dda.jpg,0081
ab2ab99ecfc34470b7c94223401856ab.jpg,0052
ab2bc488adef4894be418509a5a8142f.jpg,0078
ab2f668d06e5473db38a364bf5a6f6f1.jpg,0480
ab31bbeeafa44b08a9c971300a807152.jpg,0471
ab3359519ea44a5cb6bdb1aabaf8b6d6.jpg,0324
ab3385217db244479a6fce13c06286ba.jpg,0116
ab3896141ab04adbb04346c9e6c4ff84.jpg,0018
ab397f62ac454bed820d7e6242a6ae6b.jpg,0170
ab3b61884c9f4143b12d8ca01c7f1844.jpg,0085
ab3be3cd32ac49db9ea7b29963f2bad5.jpg,0047
ab46ed4519de4c6ca1e8b1914d413a5a.jpg,0226
ab49df03cfbf48b3996dd45a3d8995d2.jpg,0164
ab4ba199a4a64b88967887bf0f1911a6.jpg,0220
ab50f642bf07484f963d5f1c83e6c8a6.jpg,0075
ab55784f02594cf89d1acab3a7030be9.jpg,0416
ab562d2d3d09469e9639b3110db0561b.jpg,0400
ab59c342ca6640bcb021f6c5d9285b76.jpg,0029
ab5a3140fa2748a1bcff785380dee03c.jpg,0020
ab5b1f11cc724e8eb1ff37deeea60fb6.jpg,0288
ab5b1f3dd97a49ebbab5d5d5e61f5be6.jpg,0281
ab6279fb47864e459d27420de1106146.jpg,0218
ab65b20e2f6440fc9e778304acaa2dc7.jpg,0006
ab68c098aac24b33a1aaea188f9cc24a.jpg,0366
ab722d71004541ff956b35b591c4360b.jpg,0128
ab7393053514456d9266ce4c80b72cd3.jpg,0115
ab7537044cc44f2b84f098e8814839eb.jpg,0492
ab7c898ef1fe494ca86c838bec796ae1.jpg,0268
ab7dc3a833e94f6f984ae36d586259d4.jpg,0451
ab85390afa17447e85cd9090e9037161.jpg,0439
ab866631764c43c38a00105b46976a59.jpg,0456
ab8726a8d08e473ab622ea132d1bcb37.jpg,0358
ab8a4013b89b4d90ac105ca5495211eb.jpg,0325
ab9213f86067483299a7c83691f905bf.jpg,0129
ab982856970d4e1d926d2ddf64cbda18.jpg,0456
ab98497146f64f82bd448523af3eaf92.jpg,0392
ab999136f103422f84eae485559fdf3d.jpg,0108
aba08f61cb0d4e67b48e0ef26d1d035d.jpg,0004
aba3e6d833ec4ae3bbfdcd6848f7bb5c.jpg,0366
aba6d89dfc1f42f581a13a081b7758a8.jpg,0207
aba8603ddf7e44638fd2abc1d0b1da76.jpg,0421
aba8ca9a467646efadc60086c0c4ffbc.jpg,0009
abb5f17e04944dd7a9bc80c9059fa6eb.jpg,0020
abb66bfade3a43c6a21d80af6d10da65.jpg,0246
abb782f8fb82464ca657f82b7b06faed.jpg,0254
abba43f82cc746f19e84832bd14f39c1.jpg,0484
abbb71ec0c024209a4c4981322ff2300.jpg,0313
abbdf21a8e0343569f67dcbdc1aaa4bc.jpg,0263
abbe1052adfc4f8999c8955963a999fd.jpg,0010
abc36e6dee1440e98928f09ef75b61f1.jpg,0015
abc635ac1bf149a19bbbd168b0994470.jpg,0009
abc8034c7a954ebcaa10c967f02372cf.jpg,0452
abca16b7d14448868f35352a61756bc2.jpg,0180
abcebdba726c41109d4df3bcb5bb4615.jpg,0405
abcf2816f5bf40db841e1a9c6f269895.jpg,0013
abd06fe6c0d944c289158b565403ff32.jpg,0311
abd2bd02ea8b4a6fa840b45c6cb4adb0.jpg,0411
abd7b0e9763c4f718337b55383926367.jpg,0039
abdb9ae39976460a84c09389359f455f.jpg,0095
abe3371a8feb4639b7343863111bdecb.jpg,0372
abe81f6c1fb9495492c9ec3050e48eeb.jpg,0142
abe96be5e5d842bcbc432f917583dde3.jpg,0236
abeaa7215d3648d483372d7ee43aa860.jpg,0045
abeb58c159c647ab8d85bb4d36a7c5a6.jpg,0090
abed5c9d250d433383870a7ff25b1347.jpg,0387
abef2c96a97a490fbe187b3d2419c7c4.jpg,0310
abefa00a6fa34ce29357f83e5e1346b1.jpg,0198
abf683765ac54e66850997cc4710d049.jpg,0145
abf817c77d4948c7801c4152cb782b45.jpg,0426
abff2ff790a64ba6b43e32b9e534396e.jpg,0469
abffa05266b0453f876780914440e92a.jpg,0455
ac006b617fa84b82a6c7c27441f4dea7.jpg,0279
ac006dae945b494b8799ef33a8646a47.jpg,0262
ac018e0e71f94aadacbac672bb717bb6.jpg,0249
ac031d58e5b04cd98b2b4e5392e45a34.jpg,0038
ac05a6bcb2f840eb9ec665ecace01478.jpg,0080
ac074b4ac9314cab92462fe61d01936a.jpg,0493
ac0d36f4735b4385b0b0e7e6df318ad5.jpg,0440
ac0f81f8de67408f9720d93d680955f7.jpg,0040
ac16fc54f53f4a3f8536026d865a6074.jpg,0063
ac16fd82ff0c44618fd2e8e629ef5639.jpg,0474
ac18317bda854e1a9b1475454957703a.jpg,0187
ac194e4e5beb4dd8bb9b49f2f1d62cd4.jpg,0377
ac1aa8ea892a46c88a3b5e9e32b6966e.jpg,0130
ac1e1a2e76a04844a417cc127d7d1dba.jpg,0145
ac1e8252b94d42c88a136aa78d3a5ae4.jpg,0296
ac1fb9d55ed141ec96eac109d4375b17.jpg,0298
ac2094deb2624d5aa606737ed9b0ea0e.jpg,0340
ac25ab88ab4c41ffa103f492e896df1b.jpg,0020
ac279508d3f6425eb468a563d9b5eaf1.jpg,0191
ac2b45e4157842609c7963dd118baafb.jpg,0276
ac2c72c07a9445668c334f80ab02a2df.jpg,0079
ac33b9a508ac4df8878df42b40ced5ee.jpg,0109
ac33ee70d2564dcb8446a925aac38539.jpg,0492
ac362b3b11894565adaaad8a4fda7d60.jpg,0135
ac36f700885a4464b374a6828baad076.jpg,0003
ac3aa67b823848229d6b3cac1419bfe2.jpg,0316
ac3d0c7bba734c6e83a37760c7557645.jpg,0478
ac3f4ea0c2c4428d85f170348a71f032.jpg,0311
ac40843dd0b8459c8ea5e9e83add41a7.jpg,0126
ac4736e827754646b4a1df594fa78cb8.jpg,0431
ac4d6702944a414091cb5dc4ff6a2d09.jpg,0490
ac4f080ac41a4224ac20448bbd8961f0.jpg,0251
ac539a72143f4991a83181c71540ac54.jpg,0193
ac5a2161a1c74edd93b399e3d8d60d16.jpg,0298
ac5c3fec633e479782a2afb00ed41521.jpg,0024
ac5e201675a14126b8028fdb036c2cb9.jpg,0330
ac5e4dcbda774475a46df88b14cb5ace.jpg,0334
ac67a1792ada4174850b7d526efc0c87.jpg,0028
ac67d0ca7a7b4f9e8ed2f02eac52f05f.jpg,0489
ac67f869bd8d49388684cf7b94ba1f63.jpg,0084
ac6a6eef681c44c2a44617f92e979485.jpg,0001
ac6e6df021bc47549ba25509e3044214.jpg,0168
ac7113907cc94fbcbdee43eda21c3ad0.jpg,0277
ac716c1aa2dc4da381ff9bf41fc928d0.jpg,0180
ac7850687939492a98797ab196d1d596.jpg,0235
ac79c3fc98314440a59616cecb26adcd.jpg,0319
ac7f3c05e37d4654b88d9bcaa91c14d5.jpg,0189
ac806218645e49319bed5328f3a9235a.jpg,0095
ac82535b7e164cffbd84f2ffca8df555.jpg,0270
ac851397b26f4628946296496901073c.jpg,0337
ac8a20ebbaa546d78ab5a38c17f6a4b9.jpg,0461
ac8d2faf5a8e4fd293d1c030cead5a69.jpg,0027
ac8e75de219f411da6c2e4d95a044494.jpg,0168
ac91842ca79c456a801e3b5105bf7bd0.jpg,0444
ac94d3ecfae0482980c0feeb6397d916.jpg,0027
ac98d7a250ad463cb7820153f2c3c4b7.jpg,0015
ac9edc0c3bfc4c4889ed179d1fe25b48.jpg,0460
acababf7185642e280ad890698eb2869.jpg,0168
acad5d66f41c4ad4bb0bb96205642dad.jpg,0089
acb034b3176044bc9e5fd3691737a58e.jpg,0274
acb0513c37a8456f9bbe0133f8f1ca83.jpg,0081
acb211328bf34ac0ae6fc4ce894bb2a7.jpg,0141
acb7966d3930406aabf80efa2fb8fc1f.jpg,0415
acb9d574b4d443769d39c3b60bb4b682.jpg,0248
acba0d43fbdf4b4fb23d24badf49f096.jpg,0210
acc13197f6cc4cf8bdf8a654a2ba0fc7.jpg,0017
acc3f0caba1341d1bdf897735894d483.jpg,0354
acc4fc3c586948e18729b8df8252a54f.jpg,0285
acc9fa90ab91473f9ddd44a1001c465d.jpg,0053
accb3d5ca91541ba953bd0b60c9185a6.jpg,0472
acce765ad7fa41a3a46f764fc97a18a5.jpg,0439
accec4f3dfdf470fb8b3de4acc90c7d4.jpg,0111
accff10a19974561946c1c0c070d79d1.jpg,0137
acd0b6e61e1641069821c6937bdc47d1.jpg,0323
acd0ba1364894fb0ab9bc6c598fe43fb.jpg,0452
acd4e2fbb4e14200843c270a590b2f04.jpg,0381
acdca470605e48bd959813ae99704bc3.jpg,0137
acde3d72b30245f6b2a20ec9f883c83a.jpg,0362
ace00f71ee134f648cea52dd5818bb29.jpg,0267
ace25232f7764209846d74ced01b47ed.jpg,0001
ace406f967154078878936dbf4478c9f.jpg,0214
ace46af26583447a917467d99dd94ef9.jpg,0454
ace558a90918495d9f82f732eda6d758.jpg,0355
aceab7e3dcf1434f845c0725705751be.jpg,0360
aceabb13ce7a46508cf2e3f278ef9f54.jpg,0180
aced558417fd404083b192b6cdf87f5b.jpg,0232
acef53bfd07f4bbbbab882a15834e9e8.jpg,0199
acf2f1249b74424ca19626cb27401c02.jpg,0319
acf41f84f67b49c693338ba9d1354f99.jpg,0035
acf4298c51814e529aea3a06af8be1b2.jpg,0314
acf633fb0b1b4604a5251783ca6fc170.jpg,0178
acf9884cd5af4c53800e7c2088e3982a.jpg,0417
acfae2875fda42348c70c68f6bb422d2.jpg,0164
acfcd8279f7a40cc98b116394dbe7d19.jpg,0345
acfe5e9c8f484447901a3dcc505de815.jpg,0047
acffc230c4dc48ebae2f53cc29c4a104.jpg,0450
ad005a1645e2470994586bfc6cb4ef83.jpg,0271
ad04a3490aad456c8323a494bf6c1606.jpg,0078
ad07d83ce8394ecbab07edf67521c392.jpg,0491
ad0ad375df604213961ead5141132cb2.jpg,0173
ad0c23fc448d4fc59ac32ff3431f9a0e.jpg,0455
ad0ec39ebb96487fa667177abb6d7343.jpg,0345
ad0f5aff8b6a488aaddddbeb1f81c61b.jpg,0251
ad162f7b238e42aca39264f7359d6273.jpg,0191
ad1cd2e5f7b4489ba55337ad80bff051.jpg,0227
ad1ddf79b93a4e7a912a57c8e8d3adfb.jpg,0055
ad2054b864ff44c5be22ecc8de9745f3.jpg,0032
ad24f47f83aa4d91bf7ba5f3c341ff27.jpg,0186
ad2635a28b1d4859b7978642bc4bd987.jpg,0073
ad2783b1689049ea81d60eca76f6a725.jpg,0033
ad282d816b454f629884026fdfb5e805.jpg,0459
ad284981ddda458099804242c6eec6de.jpg,0411
ad28f855b84e415da8e47944ee36b0c5.jpg,0382
ad29737de4fc49198be9d068f6fe2714.jpg,0037
ad2be2fac8144df4aa3d04bbb0b2dc51.jpg,0415
ad2d6e50c6af4c5ab5b6f4eee8b9ac44.jpg,0140
ad2efb9c7da14ac28e0dcb81efef99df.jpg,0073
ad305e01eabc4a99a9cab395050851eb.jpg,0241
ad341e6bd2b84a4584786db4509a2961.jpg,0354
ad3565a4de7a4727ab423a710a37d63f.jpg,0087
ad3862ac4a8e4df68b191cd074657d0e.jpg,0409
ad38953dbd6d4e4c8c14013d8f89f214.jpg,0222
ad39c75da03b4b688ef5c1ada42158c8.jpg,0274
ad3c1c3feab44e53aba37b6a4dfcd253.jpg,0008
ad3d59ebe5204853adea6748136b06f6.jpg,0234
ad3dcba4547e48b08d5622debec7b0da.jpg,0291
ad3dcec2862d4ce8a23394649d8b8420.jpg,0395
ad42e765c3dc4f13af069d7302db1b66.jpg,0362
ad491cd3338c4ca6b612bbcb68ad9d18.jpg,0330
ad4a3f370e0c4558b8313b887f3cd98f.jpg,0020
ad4b9daf75064732a04288119782b462.jpg,0172
ad51e1d455da4697a73da34e7e038141.jpg,0475
ad53900e833e41e593a8eeed4981db15.jpg,0460
ad55c6f6664343a99aed17a5a7075f30.jpg,0345
ad58593d26ba4af594fdb866575d7bc8.jpg,0497
ad58f6130fba4d9b98137e95765b13c9.jpg,0385
ad5970fd526944c29cba691564ce7c20.jpg,0066
ad5a65e733cc4e6d9505055b1a278037.jpg,0195
ad5baa9cac2e4770a62fa7490b593cfd.jpg,0280
ad5db44c292d40f9bfb4aceae4ac1248.jpg,0285
ad5e0c155ae4446286cdd07b83b4008f.jpg,0151
ad60a76199644e0c916e66780c3a9d7a.jpg,0111
ad6574b071f2439881f8203577ad5fd1.jpg,0004
ad66f4edbba54a13a14bb514bdcaebdf.jpg,0207
ad673b520b0647caa800272bef6dbe8b.jpg,0054
ad674eb7f55f4b4b8b95e15b49d0921b.jpg,0442
ad67d5f6341d499cbaf99c3e4f35cc1a.jpg,0115
ad69a564ccb14769a9958690ed2673db.jpg,0445
ad6a71c2bb4e46c1b2c8edf4e49de0fe.jpg,0417
ad6b4d10f4ad4f0294760c4815cf3515.jpg,0103
ad6bfb33cf7b4878b9fbdd35a5ecfcb1.jpg,0468
ad6cebe152d54791af636ca07e944f0f.jpg,0344
ad6cf021a6674243875a885107b5a470.jpg,0388
ad6d5202688347d4a3f0d97c64db9547.jpg,0022
ad6f3200c65349d69ee54d5ce5a3b0e4.jpg,0308
ad70eb991cfe46baa6d4223297cb04b9.jpg,0491
ad717ca8c4114a669cb3d3bfe560baef.jpg,0224
ad71917560f24e61bd84fca0189e0f3f.jpg,0257
ad71e6d39e7848a18b30213e2c8f3308.jpg,0352
ad731625daec416e87dff899378c4c4e.jpg,0495
ad75a27c42df4d009f873f469a90217a.jpg,0254
ad78fc0acab54a9f81d6cb5abb09006b.jpg,0448
ad79fecb43f747c58d405991e876e95e.jpg,0434
ad7a8dc6bef14d1091b536f1445f36fe.jpg,0301
ad7abc6c974c4ac692dcf99ce80e9dc1.jpg,0415
ad7ba2cbdd0d4c1a9204d43adebaa733.jpg,0195
ad7c62b869ec436981df6ac4b3a4946a.jpg,0261
ad7cabf0a881483197da0a4b36ea1fa4.jpg,0005
ad82286e0a4642c09176404afcbc6ae9.jpg,0181
ad83630a589d437c9601d0399ad8403e.jpg,0415
ad85d1a7fac041c0864d24ee94d4106c.jpg,0014
ad8ded16aa644b4b91f0fc2c08ffe023.jpg,0477
ad9315d7b4e84c558e7f048e76b08903.jpg,0208
ad94ff13367b4c61b98474c18eb1f9a7.jpg,0369
ad9516757d904bf2b8f580d09624da12.jpg,0013
ad9ab7f88843457c83b3002c08fc94cb.jpg,0405
ad9bb755f3cb4615b8ca97feb7eab7b2.jpg,0020
ad9d2fe04fb84f7eb926e52db8bfd1a6.jpg,0370
ad9d635063c943c684cff2aea00a4284.jpg,0365
ad9e3e539a6d4cc9906e14e94eb2f866.jpg,0177
ad9e993d51054495b7d45c24bae18735.jpg,0332
ada7248b842645e5a4af9cd3bc308c99.jpg,0418
ada7950c732341958a7961015104b9fc.jpg,0121
adaa673734ff48909e46acb8e7f78038.jpg,0228
adaa6e6927204fa9ae6506c3595d3de0.jpg,0133
adabeda7eeee4259ad0318fc1303fe04.jpg,0286
adae44702b08478290b1913388b83346.jpg,0294
adb16bbe268d4ae2ab595bf57edcad41.jpg,0103
adb3e5fb1c064a07b9bbc9f1c65272a8.jpg,0118
adb4d66d3d9348708229667f7f4dfc08.jpg,0197
adb948d1f29a4ebcbca1798ff630e31e.jpg,0013
adba4ba5518f4608826002d9b0abe1f0.jpg,0423
adbd83a2e147495b991aef5581e71a56.jpg,0317
adbfba0bc1fc4bf7bd593bfa21feec9d.jpg,0030
adc89e1a228742b58c0ac114dba212bd.jpg,0331
adc93b7102eb40d6934a948a8448cd3c.jpg,0002
adcd0ef398464e6cb8bdd616037b3411.jpg,0114
adcd5f46cb404b5599996041e41f3ae5.jpg,0025
adceb5ad1134496d91b1fcb11ccfc73a.jpg,0405
add21641bf014bab8d92a2444adb3c46.jpg,0168
add24f75cff04eddad071feeb37d97c3.jpg,0387
add45b4a57a6494f88551bedf622b08d.jpg,0078
addad5ea23694f799962058ee9fa43ac.jpg,0020
addc28b39f4a41fd9aa9cc8731a9432e.jpg,0207
addc83e0c57a4f059037c7d6f70afafd.jpg,0166
addeced734e8478e81d75581fcd9499b.jpg,0176
addfd911cc8045e6a0335d01899a0cb4.jpg,0040
ade0b95d0e5840c18d013896d41ab361.jpg,0483
ade228715e0d436a90d518833671b20c.jpg,0268
ade53b0983c646378c7c3c5d566de21f.jpg,0381
ade6cd5ab251456f9326da9a16b823bb.jpg,0118
ade9d26b1dc3410c89f0d1aec875dce5.jpg,0354
adeb7f03b55146be85ddc699a997f44f.jpg,0057
adedbd0055b044449126f41f9fd9fac8.jpg,0011
adee6473e79d4f0d93ce1a0fc608a36a.jpg,0397
adef9f129e7f492797b6f1d41eb9954d.jpg,0093
adf18e96faa24e0790928da823aed2f1.jpg,0177
adf1bff17be44df8a0192c7ec6aee92b.jpg,0146
adf2309f9ce54bbf8a3ed16b98276f8a.jpg,0218
adf2cc4cb66a4acab8447a9e268403c0.jpg,0350
adf331d002f74ab8b26c90101f46aeaf.jpg,0188
adf338bda4a44948bb6b8be1e7d48e85.jpg,0098
adf7114d77a64001b2dc4c963a67680d.jpg,0464
adfaadd7ca6443f992a1fa69ed8230e4.jpg,0244
ae001066fb444120bc928f4896455cc8.jpg,0459
ae02bc0ddac94617912d19b4c6e47c29.jpg,0267
ae0810626b0a4715a5e116fe46822ecb.jpg,0371
ae0deec1c9c34710b912168e9620ebb1.jpg,0050
ae11a258284b475c96e5219c7ba48c1e.jpg,0262
ae11f4e8baef4cdda13a08b1142ea6a1.jpg,0015
ae1d37672c2c4b7ea88705fc9475b4cd.jpg,0140
ae1d537efa9349739b0599b74f6d2ae8.jpg,0130
ae1f5571c98d49f685cddbfdfce2f288.jpg,0296
ae22767445334649bce61a973278d237.jpg,0089
ae2402f1abcb4f2696c86c51e9154283.jpg,0210
ae248f06103a463badb3476942264df1.jpg,0283
ae279a30301a4f0dad877f759ded0fe5.jpg,0491
ae28d5e0fc1c4c87bacb8c54f7400cec.jpg,0086
ae2d2fe21f7a407eace3bdfadf2eb1e3.jpg,0191
ae2ecd03ecac48d8898e32854d2c671f.jpg,0348
ae32105a9b3d483d8c809accd26a3bc2.jpg,0123
ae32e61903ce47a4b17b635299c21814.jpg,0031
ae3326b455da4d78950efbd696aca68b.jpg,0263
ae35d470ecfc469ab27d8d147bce9490.jpg,0113
ae36080bf6f344e8b0940559b2fe6201.jpg,0147
ae3ad54de19a4b62b15a05bc9a57c319.jpg,0150
ae44e2321d2b4651b1c36ac6650074fb.jpg,0344
ae45db22237448ffb202679dc33e3545.jpg,0361
ae4a709f39f44b1c9c0af1a60119c52a.jpg,0425
ae4af714940a4d2b8ee1493984ed84f6.jpg,0001
ae4f38c9a5de429d80c77c8a713a069d.jpg,0134
ae58816ac70c43d18feb83acbe2352d8.jpg,0232
ae5b399ad4824ffea4eb637d04e0299a.jpg,0323
ae5ee46501b24a5fafce65ab1f745ea3.jpg,0269
ae60c33cc624413aab5269eaa8902cd0.jpg,0429
ae623368f5cd481ab9eee60ff498c2d5.jpg,0140
ae647931c6b349b5a19124cb6ffe2285.jpg,0374
ae66891d2f7f4622956512afa46415d4.jpg,0359
ae69d050c7894adb9c55d58f8d2a661b.jpg,0342
ae6a0aff743f47b4aa6bd3722443a634.jpg,0284
ae76b0ec60c64e5db01815e858550e61.jpg,0280
ae782a21ac48438d9ef4a6c3982df724.jpg,0282
ae7cd58c0bc54d28ba12ddb27d4dca70.jpg,0327
ae7d3e6327df41ce861bdf737a67063f.jpg,0300
ae83f23ed7b04f14bb5b566a3b00f9d8.jpg,0023
ae857c00cacd40f4ae2554818cc9880d.jpg,0354
ae87506f82104a44ad5fea423b393230.jpg,0412
ae89288ec3a44c63a91fc9c40a1fc024.jpg,0148
ae89c1eca2034a0cb9362b8eba7f75af.jpg,0166
ae8bf715e70b40a6b850fa92b9d95086.jpg,0398
ae8e27393a4c4adca3488295613fbc4a.jpg,0038
ae90e7902691435096b596eded327eee.jpg,0217
ae92a8c63d594bc5b56e63ba738cde55.jpg,0088
ae95b0415bfc45559f868aa9c61a096c.jpg,0145
ae99d4b611814c8b8611eefb8bd8e8a8.jpg,0426
ae99d50df10a40e78bc38087eafc8b1f.jpg,0366
ae9d1c78575e4cf89226d1667311dd66.jpg,0499
aea0747089b34ace800ee08d2eb4c084.jpg,0132
aea1b70cca07483ab1da10b1db857dd5.jpg,0486
aea22da2c9b842e9bf8c1de85d6ef431.jpg,0326
aea4dec1a9df44efbd35b8ad98077b51.jpg,0112
aea50f414aee468a983b71c7c3249903.jpg,0374
aeaa51c5d04c4932a978055f6a16dea2.jpg,0271
aeac8fca28e547949ff97975833eca96.jpg,0207
aeb625fc765847619dead11474bad12e.jpg,0239
aeb74a25cb0140f0b944ea66d3310783.jpg,0383
aeb87dc6985a4fccbb35e1ffbb49614a.jpg,0445
aeb890fef82d4079a93fcb18fd98f6c9.jpg,0283
aeb8b89a89bd467ebd72c50957de274e.jpg,0070
aeb95328433b4cebb91bf5f9798f2593.jpg,0325
aeba96dd79d5443a9701eb997d46489d.jpg,0049
aebb544a561e4491b2f16a5231c8bf30.jpg,0360
aebc5277a761405ca015c08099e91469.jpg,0251
aebd935ce5a14c81888e8e61de8226b6.jpg,0045
aec04bb492fd462b801d7d0e789b12b6.jpg,0292
aecd4a41e3654fc5b90dc62c101120c5.jpg,0191
aed2d5586a8f469a8a4ed998b069930a.jpg,0368
aed3e3c11d7444a798bf39ceb004e1b5.jpg,0475
aed4b3dc2e484139a609ac7faa5a164c.jpg,0245
aed4b58912bd4b2db93f27d3111b6437.jpg,0234
aed66ca4f10c460f912dc1cc5ecfb703.jpg,0394
aed862a7225240f3a325366b209860d7.jpg,0133
aed8ba57779842c580f355dd23bda571.jpg,0326
aeda07d42b334bcb8aaa85178023b330.jpg,0405
aedc4e86dafc40b3afb8e6239d21be4f.jpg,0097
aee1490c65c84f8f8e4ab03e6cacaf27.jpg,0265
aee25446fdad448b87e0672d7a390ba7.jpg,0004
aee927c9cc004236a1e3f697c641cf64.jpg,0250
aeea9965ee7440cd9fd917bcd061614d.jpg,0439
aeed134d33e145cda1478ca0cd1c20cf.jpg,0032
aeed3da054b7490293543ecff655ff4b.jpg,0075
aeeda989997f4d44bfe7336905a44d3b.jpg,0307
aeee3244972642c9895214d1bf8edbfc.jpg,0281
aef007b6698b40638e9e1360a13aed68.jpg,0434
aef24ea48cfc457885af83b9e06f44a5.jpg,0326
aef29c6f334149ee8b6f25a4442331d4.jpg,0235
aef7b20d8b0a43e98fdad20c0590585b.jpg,0214
aefbb1bb6bab4dc3a22bd6d1b888b474.jpg,0363
af01abebaca94eb684788dd03e215182.jpg,0057
af01c51f6ac3463fbbef85a076879214.jpg,0247
af02a49c24bc49ca866ea562cd709ddf.jpg,0305
af02f0f421214c7ebd9a3ec89d78a67f.jpg,0214
af057ae63b6542188feea34f753c057f.jpg,0036
af075e93d9db499495c7ca7f15845d71.jpg,0295
af0bb8bd5ff142139f9c2e3f54fb3a10.jpg,0227
af0c8ed050a94cc08ba5f4689134a4fc.jpg,0471
af0e4defb62a4debad629eddb8a7911e.jpg,0228
af0f523c95624600af83633eb64bef1f.jpg,0443
af11ebeaba3043469a67b17749f9ddbe.jpg,0438
af13088e33d64053806572e8d72ec1c9.jpg,0198
af18e97d6d1b41c39adf6ae3f1d2a868.jpg,0370
af2d02af34474909ab4795248dc70279.jpg,0093
af33dbb8f6564b64accff63c0e9eb9e3.jpg,0367
af3448b0f2aa41e593ae08ebc160fd57.jpg,0140
af356b67b8c84c519142d5316f643749.jpg,0225
af37b1cacba3453d8c043e56292c95ff.jpg,0033
af3b1588a6bb491eb4a92a49a297b3ba.jpg,0067
af3c4dfaa6f843bcab01cb4f0b91691c.jpg,0182
af3da15f6c3847ec85813b086b45737b.jpg,0011
af3eae9d623241f5897698a505553dc8.jpg,0256
af3fb112905e418397ac2a2df9d94885.jpg,0371
af41b4e4b7a346dfa15eb9b82b72b480.jpg,0159
af420892cb65447fb8b5a001f13d9a8d.jpg,0223
af446c8c3f334efb81b7555261c49e66.jpg,0228
af450689da7e4e89863850cdadb5cefd.jpg,0276
af451759a9624a7a8707648f24aa2605.jpg,0149
af459de208f243539460fc39e796c701.jpg,0053
af45fa8d519744eab90fd95fa6f85a06.jpg,0013
af47b235c0e04134aed0964f5ca2e1db.jpg,0086
af4c6cb246a94804a8cd9106eed2abc7.jpg,0162
af518b7363ed41c49d1ae6cdcba166eb.jpg,0256
af5236213f66476f93f601641ed50536.jpg,0325
af523ec6665d4444b038548f7cfbf127.jpg,0317
af52cb9fbe9b4a6c83020c6e31ca63ca.jpg,0483
af532c9d252140dc98bd2d38c28f1a84.jpg,0239
af559e65230542ef91fb455ceeaaaa10.jpg,0180
af5a77bb56aa427981a004429a27def3.jpg,0008
af5d212407384b239aceada92b368936.jpg,0100
af5ea10a295748aeb87e5871ceb84858.jpg,0313
af62d10d6b2d42b7848084509145c98f.jpg,0314
af65af477c3c40e7b6cdcbed2fd4b188.jpg,0137
af699dc4bcdb4b3d93c6db0da9eb751c.jpg,0161
af6baaac79f74dca99e30e9ae1ca0a6c.jpg,0430
af6c481e48634a7b90596a431557c1e3.jpg,0064
af77a44891834e4c909ec0faa7711083.jpg,0092
af78133dd4d34572800c852f0a562fbc.jpg,0111
af78b10290e24c99a95328626e466dae.jpg,0295
af78d9274acb4badb81b40aae03bab9a.jpg,0022
af7c4a062a994acea91bf1bf11a8425b.jpg,0206
af7c6df0fae54ff084061b073494dc10.jpg,0176
af7e1b8f2b5247bc87a86cb3f4480856.jpg,0311
af832affd0c74c6c98155dc00758f152.jpg,0368
af83532b061e41a5ba8a98e97ff71c66.jpg,0305
af8eb1ad7f894e389aaf3e1c1c7c34f8.jpg,0007
af91bf8c524548d89d356f327bd4d3b3.jpg,0062
af94511930cb4905a02bb141890669b5.jpg,0323
af9a10bee0374e9ca079f59f9c954ba3.jpg,0281
af9a115e7e2b4c2c84c945df67b17165.jpg,0418
af9b843686a341fdaceaae6e35fadfa6.jpg,0169
af9d89673b804944bb77d355adce59a8.jpg,0302
af9f349065e8464da660efd9c68d192d.jpg,0357
afa17aff5da945c29a218679ca881f69.jpg,0179
afa42d569ad34ee083832e3c4de56d39.jpg,0040
afa48a5302dc428b9060cced0aa73701.jpg,0178
afafd1417dfa44328808c073fc3c3ac2.jpg,0259
afb108af72a248edbfca15cac304c27c.jpg,0114
afb413ccf74343478ec803bdef86317a.jpg,0463
afb61291d50540968edb53bba66495bb.jpg,0446
afbb5e9afd994fada78d0cba9fe972d5.jpg,0412
afbd1d153dda48b5a22b39b384d7fcb7.jpg,0394
afbfaf855eaf48279ca5cc2db05e0dbf.jpg,0434
afc431ec1ceb448ba9f9d5a9d81c5360.jpg,0482
afc58272b1d3447caefdde850711cb19.jpg,0284
afc8b3dfeee0443399800d5e53a86717.jpg,0043
afcd1f2272eb4a1b8f39274c2c2c6bc7.jpg,0099
afcd4d06d7f041f08c146e5baae765da.jpg,0148
afcd6d4379504ac09514e0a92af95354.jpg,0056
afcede4a4d014016bd28b90a02419221.jpg,0096
afd10d1ba8824960a514bca38804b86c.jpg,0362
afd18b4a74994eefbcc74ea98511a453.jpg,0392
afd677ecf387434ab4a90925d6a3b41e.jpg,0386
afd9c7e7f3fb41d197873132e9b8a5de.jpg,0195
afda2a32b7a549a4bdbd31a9b7e21636.jpg,0019
afdb00a588c7413d9a0ec0b565d2e06d.jpg,0256
afdb789e826a4ef7b7b6197e92a104d1.jpg,0304
afdcd34852e744878d5ac2440c0759c8.jpg,0024
afdf65e8c77144ffab39482d920866f4.jpg,0270
afe02315f6d743a38e0315f369ca09e1.jpg,0360
afe198fbb0e74e639244bfbecce86d10.jpg,0272
afe1dcd22d8d448bab821871b9f18b29.jpg,0072
afe624bf3e3f463688dce4cfd27fdc07.jpg,0112
afeb0e6523ce49778b1e50c07bcc457c.jpg,0047
afed06141f4d4884bb2c843ab769b177.jpg,0001
afed38bfbd0444ca8fe55ec73b476317.jpg,0095
afee472b70d743aaa1b561c3706d558d.jpg,0119
aff114a2f55d48fead7782f428548dd6.jpg,0013
b001aae98ca14963ad366977bedc7227.jpg,0458
b004da740751488dbbbcfa5175d5defe.jpg,0486
b00686079a5d48b6936623b73d52c286.jpg,0140
b00c4ef55cb94887b16657ea01358f0e.jpg,0474
b00e3b4505c84ca3b6e58d01dcb75633.jpg,0149
b00fed721d9d4c78a5b4e12d993f8761.jpg,0081
b01039ab9bfe438a819cd16496f7b18b.jpg,0305
b0116526849042839fdef2f507e68518.jpg,0499
b017f6b9adf64c00866bae5156caf0ae.jpg,0095
b01917eaa9724fef9425318a2cd43c9b.jpg,0305
b01af4d1489344fbbadfc86015a664d1.jpg,0005
b01c0a4793dd4c7bb53789c470f3f129.jpg,0440
b0224a0be9b44cb4b9463a451f1c9458.jpg,0231
b0256968c71b47daac3103356cbff980.jpg,0317
b02658df2bae49e1981c9133240c19b8.jpg,0480
b027e33bc1ae4e33b2cebb19b578a027.jpg,0310
b0284a4a3fff466280d4ff78d267df13.jpg,0098
b028f5ebebf041abbca5426e0e7cd909.jpg,0324
b029828b354a40de9a4e4b3ee65f572b.jpg,0108
b02ad8dc9b534754a90e6b97f3a969db.jpg,0086
b02b84a6a98242c68e8dc7ffa86105db.jpg,0357
b03202075e224526a45d9e5cb6e30b62.jpg,0046
b034a1cedc97438bb2590dc043b1210b.jpg,0442
b03b1b9fc0dc48a5a8298dbe4cdd448f.jpg,0213
b03dc1c1d22c45328dc57d0a61c5587e.jpg,0355
b03de41983e5495a98d46c7ffb568804.jpg,0116
b03f6640d2004df1a76239a48eb01b2a.jpg,0246
b04346c371984b2cb777f3adfdd09e14.jpg,0216
b0456fe4302b407db6d27bfed246786d.jpg,0194
b046f38e50924b17ac729fba3f75965d.jpg,0060
b04a4069853247759846d042fbf2aa52.jpg,0469
b04f1054d2b44ac2bc8da5efe7f61665.jpg,0211
b0512e76e8214ad49818778b291021c1.jpg,0412
b051576bb68840f49cbe4fddeeb85153.jpg,0242
b052bf26314b4cbca6e88e7fd7241049.jpg,0016
b055167a0a914632aed940110f6c7428.jpg,0347
b055635fcefb46bbb18af9b879c1cb37.jpg,0151
b0590ab2fd08408cb74676a3e4b64b85.jpg,0330
b05924021a6b4b59acaea87d37d268cf.jpg,0261
b05b7974348c4ada8afd0618bae6e687.jpg,0225
b05c2ce75afa49f9985b4e3a0d81e3e7.jpg,0466
b061ccf464984fcb88925a38b6584f36.jpg,0132
b065479be5c4407b939f55be8e76fde2.jpg,0116
b0685cb998d4442b8698c8b0db3ce1d8.jpg,0136
b06a01c1af4940ce80f691339b30a707.jpg,0258
b06b2be1263146cd9146ae3a22d610c2.jpg,0055
b071db7831574d838ed76a786a1280f6.jpg,0387
b0732c2d250a49b494906bc8228c704c.jpg,0432
b0736d1fbb8c409b8dd3acfe5b868fb9.jpg,0079
b07738d4ac644e2daceb27e4f0ad6f25.jpg,0093
b07b2a2b8d67409bb4a0ec933be26747.jpg,0212
b07f725d8983485e86f2f131eb69f722.jpg,0328
b0814a1bb8ef441bad72bf075e471939.jpg,0016
b085cfc44639454b8ba4a38ca53cc906.jpg,0463
b08e471c40e14939b8a1e1130d1cde8f.jpg,0406
b08f78ba52e84ebc9ddb402871c53b7d.jpg,0437
b09134e11f044393a3ec27a2b188a899.jpg,0341
b092d789df3b48f5b1edd6e7b5b968b0.jpg,0239
b093dca62688468188b11d0690025248.jpg,0079
b094e073c21f4743a54987eb59404362.jpg,0027
b094ea880161499396539e0c5c91974a.jpg,0120
b0959f81c1db4a4b8d3cf884e34c7d68.jpg,0458
b09c7bef1d1848f9821019648cc33409.jpg,0213
b09cfa583fc0481495d28248b9b817ca.jpg,0431
b0a492aaadff44348e0f9fc4633699f7.jpg,0301
b0a96f8d32cb4756a409d78758fcf6a3.jpg,0380
b0ac1e892fd94d1ba47d6af8eec4f971.jpg,0311
b0ad7d10f7ad429bacd3b6fc4aed479d.jpg,0171
b0adf8a8b6ec41bfa24c65343d478033.jpg,0162
b0afbd21a9a24a079bbfcc10b956bfa1.jpg,0326
b0b2c1f94a954151a929fcb23c6fd164.jpg,0207
b0b3ee94a7b543b4abe9cc501bd54ef9.jpg,0169
b0b6839ec95f4aff9241abb74014efe5.jpg,0197
b0b9ba0ea81544709f45fe8b5746c878.jpg,0272
b0bcac4cc36448dc859a7f3028b744e2.jpg,0119
b0bd2610fd144f4b826d46eb57e3bc06.jpg,0322
b0be0e22b12e411a988ec3d989a7781d.jpg,0445
b0bf609f0cff450c864616d52e3d139c.jpg,0213
b0c23e14ff484843931908f2909b6644.jpg,0327
b0c4d3c44c3844a989635022f3a1af3e.jpg,0106
b0cb9f3feee649339971c730db33b15c.jpg,0455
b0cd69cf2f7f43dcb659b3dc50961c08.jpg,0101
b0cebb928f2c40b4b7412c9aa7133300.jpg,0131
b0d5a3ee25954bf6b3c30821bfc359e5.jpg,0353
b0d78660ef234c508d76c3a2efa6d74f.jpg,0050
b0dad109ee3c47bf9515405ccf025ca3.jpg,0018
b0e0294168a744f78ee6fbf0112a2b6c.jpg,0206
b0e5d2d7a47c4258a85583e1fc72858d.jpg,0443
b0e80641986145ceac76ba5a4e522232.jpg,0197
b0ecb8b32cd24141ae4ee907bd0c00c0.jpg,0340
b0f05486841b408a937b8a4da74c1941.jpg,0203
b0f176282d444d27bf185d37b2051631.jpg,0317
b0f3693cc4e44152866ad5e22de16a87.jpg,0310
b0f6fdab82764fe5873e5302455725de.jpg,0394
b0f9fb1cf6e344b3ba7db4e929ecb607.jpg,0395
b0fda486902245dcb2c57daa2e40be11.jpg,0457
b0ff57869aca4d14aed100682b1d0599.jpg,0131
b101bc648bfc431dab05116e877b565b.jpg,0450
b103df1fda4f4705b5442de52a5735a5.jpg,0305
b1084038bd1c4c91abcdf4022a701116.jpg,0395
b1087936bea245a8bcd7286c11ce60eb.jpg,0440
b10a7cc818bd424ba08ba03238a89f98.jpg,0463
b10adf0501584f5280153270b8bc7867.jpg,0166
b10b6b7d5aca4278bf6f01c72ba686bf.jpg,0172
b10d7b37a75d48bb98b1f56a67ea5e1a.jpg,0028
b10dbbacec4c4625baa9bbb1a0a3a28d.jpg,0143
b10ea1bbf3774debaac7a9e21443de37.jpg,0482
b116e62f8d7c46919fb5d47e3f2a9093.jpg,0199
b118366bd2eb442e879c70c2482a2748.jpg,0195
b121e97feceb4a76842ef9addc607117.jpg,0120
b124fc6de76b444bafbeb4322ca64c23.jpg,0302
b127a2819386489bbd7c00609ef47d9a.jpg,0157
b128aeae55b94e7fa315dc1aec1bd44a.jpg,0178
b12906e9bd2840da8cd91bfde3c67b23.jpg,0307
b12a75635a0946faad52a65bb8ed45c3.jpg,0348
b12cb878b63348f48529e2dfb23dacc7.jpg,0239
b12d910dd5d740219c465fcd4d121897.jpg,0110
b130ae39c2e448359ac5ceaeac321a86.jpg,0378
b13141725c49479180642eff1dafed27.jpg,0260
b1348157f4a1432e959fd6dc25794c09.jpg,0332
b135eb2bfeee48218aebc8151e7f0107.jpg,0242
b13795b80a044de09b82a6852ef6e06a.jpg,0169
b1394a00ecaa472097e71478bf1c916b.jpg,0049
b146c0cca2e24d7aa3bbfded673565c2.jpg,0359
b14ac85574c442f2b7b51bad5148b38b.jpg,0321
b14e34adcf8b41bfae34d9127869f380.jpg,0310
b14e98d0f3cc4076b5f24dea921fd317.jpg,0208
b14f963098284021bd08d41478d93a84.jpg,0306
b150fa0ac8f847d7901d7ffa92f400a2.jpg,0047
b1525306c0a54f64b8e7a71246999632.jpg,0281
b155a42613cd4bfa9389bba546ee135a.jpg,0282
b157b0094af6412cb412ad0fec54900a.jpg,0452
b1633a387eec4055bf5142d6565774f7.jpg,0130
b167cd135a324f5b941fadcb3f63416d.jpg,0249
b16902c2188641299a57d84b1eb7575e.jpg,0265
b16fd32932fb44238bbde9a2da0be719.jpg,0256
b1740ff87a33465798b1b96db58e580a.jpg,0448
b17537bfb2ac4057ba602c9257cb2faf.jpg,0493
b177e513636e4a24a558d4351a111bd5.jpg,0403
b178fb4f9639435e8962236472317652.jpg,0438
b17958ba582740e7bd28b736093b352c.jpg,0043
b17aec5774424f9088a5b068c4116a71.jpg,0013
b17b6a01d6b044038104e5cc2f78be0c.jpg,0014
b17e24000fa849699c1a9acfb4b4b88f.jpg,0220
b180ed27b5104daf94d7c4160de30f54.jpg,0074
b183baa0829e47be8804bd2577edb386.jpg,0020
b18684d419414caa87ad7751731f43a0.jpg,0451
b187edfb57e04349ba678eb22bc65eef.jpg,0230
b188940f07474c7fb5f3692d22a50a71.jpg,0229
b18a86c2447445d8948e019d3eaab9af.jpg,0246
b18eabcb97e549f28f27e15d5d1c91f5.jpg,0308
b194db79a2fc4e3b97a67f77db142675.jpg,0186
b19662d633bf423597b359a12ab2addd.jpg,0205
b1997ecc9ee24f449d0b592ab111b43c.jpg,0007
b19b23e33f784d39a0cf79cf57635772.jpg,0199
b19c50bf49434fdd9aaf5359d8012906.jpg,0118
b19e74c2e4ea447999c4301d971908e0.jpg,0037
b1a3375ef5634866bc1605fa19e19028.jpg,0196
b1a50f8df8cc41d190e3f41722355f57.jpg,0104
b1a731b760544696b1c5b7d67fecda07.jpg,0287
b1a8b50cacee4dc684fd0c31442bacd3.jpg,0444
b1aa5974511b419c9d4c45d95aef5619.jpg,0038
b1ae1ac1837a44268d7a5dc0bf6d1bc4.jpg,0459
b1af2f7440634305848d8e0b92967dcb.jpg,0484
b1b259304679433c907741b3af8d22ec.jpg,0057
b1b4940d5a11436ebb09942ff8229832.jpg,0007
b1ba5729efd440a897961cf9c4bcf893.jpg,0336
b1c1b8598f184b5bb656b37fc44758a1.jpg,0336
b1c1eb54e770456e901e4f14f82d4e1a.jpg,0173
b1c626b86ad4496c97df2c453593e7b5.jpg,0129
b1c8b13c0a1a448380a9cd5b37f71d7c.jpg,0332
b1c8e826b72d415ab329aba814b81870.jpg,0205
b1c95778332b4963a758364f36a538fa.jpg,0052
b1cb89b7ab8f4011b2632f5635179585.jpg,0235
b1cc2bbeceda43fb8bf3645cb3d84e06.jpg,0320
b1cc873b2adf4e60a1c8a062eb709f60.jpg,0325
b1ce305d684e46e1bc9c59c66c6f1186.jpg,0253
b1ceb78b9b664f87891b0a168c2fcb9f.jpg,0495
b1d027038310445489cf0c02b6cb82f5.jpg,0486
b1d0d29505204eec9d6bf70d4fd59aec.jpg,0475
b1d6879d7d03417db4f7f2d4b660d2b3.jpg,0257
b1d7c37907ff4fe9b1a0defb64cd9643.jpg,0371
b1e3f5ed867148cd8ddcff6dd629e9e2.jpg,0154
b1e81240e1704c4ab684bab30d5d782c.jpg,0062
b1e84de779ab4956a62a1256c63bae1b.jpg,0198
b1f00aa61791407e8633ba3054d43dd1.jpg,0257
b1f8d21b72794562b907a9572967b25f.jpg,0443
b1fa3f6da9d44fe2acc77333fa9a46bf.jpg,0443
b1fc262cf45743e8b0142c6aed344f07.jpg,0001
b1ff6e0dc69b4784935c8b5e05e1c737.jpg,0272
b1ff719e8d8841f8adc1d3d64dc31804.jpg,0098
b201cd9665574186be28284119984379.jpg,0022
b20399ca8d31405dbe3212179f28acc8.jpg,0385
b2061af057ce44098c86cc89df824a2f.jpg,0483
b20695fadc9b4f72babd7b0fbd99d66e.jpg,0294
b20868478ad24336b6131a03527480f7.jpg,0404
b20aa05428d044029e518376a507af17.jpg,0046
b20e1ca0f7bd4025883514c9f2b965db.jpg,0124
b21030f26ab84deeb215b22af3a6e321.jpg,0158
b21867e6fedb45eab887716372d77073.jpg,0022
b223a0f87d3f4d76b13a4af21b5c987d.jpg,0220
b2269febf09b4f99a5217e774512035f.jpg,0002
b228a8bb3ace4a33b04622c5fd4f07e1.jpg,0422
b2314730f22740c3bcce02e2ff1772b6.jpg,0231
b2325ca9e9034b5db6182ff6febed824.jpg,0248
b234c3b3c2bf4f1db9bdb462b7014ba0.jpg,0134
b23523a63ed64171bd4879faeeb9e72f.jpg,0395
b235ce6d65c4422cbc34051ce4ad7f78.jpg,0030
b2377d4c4606439aad68517a2b0f08db.jpg,0136
b238a1d74f154dc6b22a49c91095841d.jpg,0496
b238bee816a048ca91de46fa831813b3.jpg,0463
b23f09c4390149489344491349c1507d.jpg,0051
b2400786124b466f8a0afbd7f4620876.jpg,0184
b240d9186cf645b489d52c583bcb50af.jpg,0003
b2412a60d43b4a9cb51b61adbaef8dae.jpg,0462
b24272c2332d4cd983cc499b64d13a8e.jpg,0025
b24b7595a5384f3896dc2855f4730ef1.jpg,0338
b24e39d6c1904a36b9b84efd85feaa3d.jpg,0475
b250b90fadad4ee6b1edd2c0c143b105.jpg,0002
b25116ebe60a4ec08c11470863b0309e.jpg,0251
b2539c241df54023ad0e44c8181bb733.jpg,0296
b2542bd31bfc47b1b8a38564f70f072a.jpg,0133
b255be05b62340f6b203cdef35dba16e.jpg,0489
b257b0c8afbc4308b05013073b591d6c.jpg,0292
b25844f820434bfbb24fac50440049ac.jpg,0338
b2627d96876e433b9caba0a7379bf84a.jpg,0398
b2678edbfc33414b82b93acaf66f35fc.jpg,0390
b26892df7fa54d35a3549ea257763957.jpg,0047
b26b7b397ba34ff6827da263cd2e6c69.jpg,0044
b26ef43398b647d8a252803ec6c0310b.jpg,0147
b2706981cb0e4c96ac5c0850250fd47f.jpg,0235
b27fec9a18c14b8daaa3fea8ba574005.jpg,0420
b2811ff3d94042aa9d86ea9a6eb97272.jpg,0361
b281dfd3e7e84daab8e82e725da3ae71.jpg,0088
b282ec3a3d0544bd99930e815a5a537a.jpg,0425
b28e98a525934905a03e5d2fc5bddf5a.jpg,0129
b2901a2e08d443eda61deab91e3b3f09.jpg,0321
b291f92c415b4c89be3311357b5fc1ef.jpg,0250
b2922f27ee804005838f0711db730d4c.jpg,0125
b2924482f32e41e585619303eff3ebf6.jpg,0005
b293f9b13ff74eb58f490366bc88596c.jpg,0388
b29462d2ebb944ffb74f4c6442abf292.jpg,0497
b294a0fcacdf4e21928233601e549425.jpg,0086
b2962e74bb484aae9b1f3da32aa643bc.jpg,0116
b298670528214c11a938d3e926e247f3.jpg,0369
b29d741075eb43a6915b8ed4fe619607.jpg,0137
b29eeb65d46a462a86c73d61b35dd2cd.jpg,0316
b29efd64c2a64c96bc344d86da7212ad.jpg,0077
b2a1092d69c34e4484605ed90e7fe605.jpg,0407
b2a200c657f546278e22bd0d5c7cb3ff.jpg,0200
b2a2e45447bf4991849aed4fc07f950c.jpg,0271
b2a5c38b1cd24a05ae65a1c5674e5d57.jpg,0174
b2a67bf424274966b13f8a25c4879075.jpg,0074
b2aaa0bc15a44dd18f2c1e2648a42f71.jpg,0125
b2aafbc7207c42a68b75a8f794d71490.jpg,0307
b2ae6fe3e88f47aaa835d95675ccdb49.jpg,0442
b2ae92d155c049f5969dc1243f33c7b3.jpg,0184
b2b36338630c46faabe67f635e0d7dea.jpg,0452
b2b5a9a92209409d892e0899663fa04f.jpg,0435
b2b669a3fd5040d7a3a42bcf9bfeede1.jpg,0358
b2b71068273344caa26e7bbdcdae8028.jpg,0329
b2b9c4bb9bff41b68fed13c6aaebeb80.jpg,0332
b2bcb17e2c6a432da22b3851f9d148ac.jpg,0234
b2c0230894214c7c9b2517332e228942.jpg,0398
b2c0c675f0934a6faf03d5e6cc156d87.jpg,0022
b2c4b3462e0044339405191dc0b8cd57.jpg,0429
b2c527af4ed8488c9a184caddc717e1e.jpg,0475
b2c6e9d9418844d5b9718c51615d0301.jpg,0295
b2cec4ed96b64307acc006cee3c845be.jpg,0181
b2d1a4fbee804019b79602689d148e2e.jpg,0085
b2d5b2c3ac3d401bba0bd3c6f7c72b67.jpg,0348
b2d9ed2ae74940a8b3b61b2362fea769.jpg,0417
b2dcd0e1886d453d88deada75f25932c.jpg,0154
b2de25200c6340fe8520f514bebcf72f.jpg,0130
b2ded083301f47b2adf12007c13a2fac.jpg,0480
b2e203e38e32431196260077f856eb10.jpg,0481
b2e2717cf9da43b789bcae652d9b6db7.jpg,0388
b2e2808cc1a54590b22b10a7d1e303d4.jpg,0089
b2e85d1ef11642cab08e94fd70c829cc.jpg,0162
b2e89672d1b846a685a3422763bfacdc.jpg,0306
b2eac6316f814a068ab97a5a4fa5e717.jpg,0385
b2eb585cc0f74cf886826072304dc288.jpg,0123
b2eccd79ab904465b965ae9a55bd8a9a.jpg,0465
b2f18d298a144cc8b99f146769ed1c69.jpg,0274
b2f29ae3d1c046239cf7a9cacf6e74e1.jpg,0031
b2f6ebd4d2dd4cfa8ccc566e5d912b8e.jpg,0471
b2faeff8a0ff46fd9b2bc4a8434e119b.jpg,0201
b3000d6bfa3d49cd8e394b63b5454fcb.jpg,0142
b301968146f54f7499de80369134e077.jpg,0287
b3025a6ad66c48e38fdd05711b1f2ff8.jpg,0205
b303a5986b724f5a9ebcc0dd38537407.jpg,0428
b307411f25fc4154b882f25c1cab522b.jpg,0129
b308aa68893c4bddb9256f411cc4214b.jpg,0109
b30ebbdcd27b416f8a46d1a98b364aeb.jpg,0478
b31bca742c8c4646b0f8a2a211010eb0.jpg,0474
b320706da9be4b85bd64dda1eed9bcac.jpg,0098
b3271355a3b444aba11dc43816a37338.jpg,0447
b327e676e64d4278bb06177e4c8b8613.jpg,0490
b32c950cb6db42df8a0a08db2f4a6e00.jpg,0403
b32e7290eefc415c9ad2cb1f45a703e4.jpg,0058
b32e79eb54544886a00d8e1c8e104bb9.jpg,0032
b32fd0ee9a5043b5a4ab02b074a2cc0f.jpg,0125
b3305ddd34e7430182e4332ffdbe4f50.jpg,0389
b33219466f31436bb67327a4b8f4a924.jpg,0353
b334973a3bb04724bdb8abf3901889eb.jpg,0414
b334c9ea0c93444582d06b3646cfa7d3.jpg,0019
b334f35f49fb4f799834cf58c6807ddf.jpg,0064
b339a119420343eb9edaae02017ce649.jpg,0429
b33a895aa5f64ad8a6147c09531da5d2.jpg,0015
b340487c8ed24b679291673d68de8de2.jpg,0027
b3440c662f7e4102babde625489f0d7b.jpg,0140
b3442943abfd4583afe3397e3c4d2234.jpg,0380
b344b081a6894dc8b48c3beab88ef4c9.jpg,0195
b34653802dbc4a5dae4fed2516a82722.jpg,0163
b34780ec473a41128e6f935f801b084b.jpg,0254
b348377a979d4510aef6af896da8f24f.jpg,0087
b35387133fdd46adbf81db4e21a27581.jpg,0053
b3578362f5a64346919dc03dbb62b1d5.jpg,0115
b357da8be52b4fac93e980c9812b94d0.jpg,0135
b35dfed379ea4d9baba91d1adeef6b4e.jpg,0465
b364ee7a07444a5aa56e3c359eb8ffe9.jpg,0495
b366d4ce10b5422fb623b66c39b73908.jpg,0391
b366ee7c5e9c467aa2e74a330323b759.jpg,0189
b367209723a6408a9136f1c54b7963cd.jpg,0389
b3689ad04d474863814ca80f71d71dc1.jpg,0230
b36c0e903bc34bcf8851f7762da0ca0c.jpg,0117
b36e612b555c4f789d36280e401bc365.jpg,0499
b36fa849e60740fc8bb221e9e0348a0d.jpg,0161
b37233bfdda04fd6831ae7cb2b830ce2.jpg,0371
b372d39a51fc40e3a6f91fef69c44d47.jpg,0271
b3749312359b46118d6da1815cceb3bd.jpg,0250
b3761d269c104ab5b753a1556b340a39.jpg,0436
b37e3bd8334b4f8e87d988bd5f3d5795.jpg,0321
b38002320706412d9c2219c7216d452e.jpg,0098
b3805f9c0d854965bf6257edda441b97.jpg,0035
b382aa99cb9c49a096c7280bb4a16f55.jpg,0288
b387ab346bb64426bd7cef5bec6c5c72.jpg,0174
b387cc9ce9774dda9071f999a875ea9b.jpg,0160
b38e4006663b40e78748cc788a79e225.jpg,0165
b3911d481205420385224705c85bde21.jpg,0190
b392d2dbb24c49ad9874d7c80799c818.jpg,0109
b393bc7ff66b440f8e190fdf34429309.jpg,0086
b39598907f474d168c1220b29f878dab.jpg,0438
b39aedd6cb9a49d89bd148b1b3771c79.jpg,0254
b3a060a13cfe4e3b86cfdf74f19180d1.jpg,0156
b3a18bd8794f4eb5a1d441d40a87dc12.jpg,0216
b3a6d9aba6f84099b597eee3a0e96235.jpg,0164
b3a719822cb243ceb42e4472757d2474.jpg,0368
b3a937f5227a4b0fa49bbc5afe383f30.jpg,0222
b3aadae7fdd140b28333f7c921b0ac3b.jpg,0272
b3ac0faf5e7e489cb82b05a4cde1b5db.jpg,0357
b3ad788937fb4932be705f07a731e514.jpg,0343
b3ae424d08374b97b6d1d2b3c8fc6c0f.jpg,0119
b3af1b71a2ac49ad912b8e0868218b91.jpg,0494
b3b2bb8f536949a786140d3e3da7b734.jpg,0495
b3b493e40a294ea2b0e4d26725303819.jpg,0133
b3bae48aec3d4da5835cbddd0e54fc86.jpg,0156
b3bce40a8ee4453283751d1cbb3c83f8.jpg,0360
b3cb4c285d0d4e3d9ad773e191efaadd.jpg,0169
b3cd6a7957f7446b926367cff8a90349.jpg,0186
b3d80f5abc53477e84554c0075cbb0bc.jpg,0260
b3d9add194e74d8b809fbc94306aad80.jpg,0017
b3dbca0f4ef5429ea08590df34ca7041.jpg,0180
b3dd58ad74974b47b2374a78b20048e8.jpg,0375
b3ddd9b8827b440d81766639c9d34567.jpg,0104
b3e07f843acc475d8a5dff864ac7d2f2.jpg,0499
b3e1907de51d41b7b6df45aeb5ad0fa6.jpg,0149
b3e2e314724b4ba3b67d6dd93d387c6f.jpg,0352
b3e42d67c422447bbb4f917e6271f890.jpg,0311
b3e6fd9c9d8446279d7929170d49e587.jpg,0027
b3e89ed95f5d470390ba8c6007f289a6.jpg,0114
b3ec4ee919434a07812e21b02eaba568.jpg,0373
b3ed7ccd1012435da15958365fca23eb.jpg,0032
b3efd77758f9465f851ffbc896431f13.jpg,0186
b3f35fbbb79e4153ad0ff43b7aba6f2b.jpg,0035
b3f5c5ee955e4e948d18bbd3d45e560b.jpg,0297
b3f723cd921049a58bf77d5d011bc86a.jpg,0360
b3f84fb967614b82ad92ab2c3fc82cb6.jpg,0202
b401785d45034bbbbd9958922a63b886.jpg,0476
b4031f99d14c4bc7a7664800b066eadb.jpg,0391
b40334fc37df4d30a6576259f1060fc4.jpg,0261
b404035c4f7844baa9f5ff5f4c573acb.jpg,0031
b41082de1ee241b4b919940875c69845.jpg,0243
b413ff725ec54d48910cce0cc36c6dca.jpg,0424
b41896e958534caea32dd81978eab7bb.jpg,0054
b419dcc4166c49aaa0cf5fc7125fd7c9.jpg,0499
b41ad5f71a6643c78cf943bd873ae87c.jpg,0095
b421d694118148e8a81609fd90409b45.jpg,0331
b421f552e6ef438bbbe1ecb7518c522e.jpg,0127
b4264735538f4816af7f8d586d9d5df1.jpg,0205
b426ee07aeb3438e81fe12611b6b5c25.jpg,0163
b427103ba8c14006b367affbc7e6aad0.jpg,0461
b428fd438193418989a695987719514c.jpg,0012
b42971c8307549abaf58822609d96fc4.jpg,0136
b42add263e1e4b5eb5ff66589ea4a970.jpg,0248
b42c3991b3bc4e828ce8606172bf0b6e.jpg,0441
b42d026281a84e1db411f41938670358.jpg,0270
b42d85f6eb9145d5adebbfc9d0ce1a84.jpg,0306
b431a0bd49e54bf7b8a61e900ea96047.jpg,0166
b434b9704f4047e3b825220f7427e1f3.jpg,0047
b4353e75784d45a08d48c3abc0c11c66.jpg,0029
b43613d434a643c89894b04f135ce88f.jpg,0177
b436a0bf61294b96b34525815ee8def1.jpg,0124
b439b15579614ca2899304520638f3e1.jpg,0071
b43a9ed2a6bf406fb1b736f316e659b0.jpg,0007
b43ec7bee0ee4c1b9f333cb3e88f0a3b.jpg,0106
b43f57f056b849ff9e5064e87681807e.jpg,0307
b44317649dc04c2498a0e4441ec3b2da.jpg,0329
b44b2ae265004e1998dcad6741bdb367.jpg,0259
b44ea2524b6e4f1a8d918368ed4b0ecb.jpg,0157
b451f0bae83d46d9bc8596985ffa856c.jpg,0020
b451fbfc137c4c3e963b5c827405fed4.jpg,0474
b454042bfb4b4baaaab79c715feb8b1b.jpg,0387
b456a0816209424fbe395107933034ed.jpg,0014
b458d108a2ca4f5792b680930df63615.jpg,0191
b45b1ffcb1c149d190f300e3af08a823.jpg,0037
b45b20bf6225410b9e2200bf0c2acbd5.jpg,0420
b45ba23d510b4b7e88955e822000222f.jpg,0018
b45fd1e66f4c4825b8e684d8181b97e0.jpg,0287
b462b30ed7e94c7ab41fc432c6499e65.jpg,0338
b464c4f27c1a4b8b8ba0ef21b763fbdf.jpg,0102
b46540de772c4eb68a65ddc2f4e3f6f9.jpg,0066
b469985279f141529b0019b45036719c.jpg,0272
b46e460a8c1944fc92b9b115772d957c.jpg,0297
b4713d79ee324b388fea54e270f7347b.jpg,0274
b474a71f8e7849399b58e694af1f585a.jpg,0214
b475d3cf2adb441198a6ebcbfd549e7b.jpg,0223
b477e70f380b4313b02d39e533b9822e.jpg,0123
b478854411d046cdaeee87ae5c3010ed.jpg,0229
b479ec37b17a43548b4599b2f37eb433.jpg,0455
b47aa5ebf61444da8357eaa87e853d09.jpg,0004
b4805068a4954ece84d3212f2f24e868.jpg,0026
b48334ca57f04149afe81a0c0933769a.jpg,0018
b484915330c440c08648124a3099bd70.jpg,0096
b48c9e13efec444090e4dd615a2a1508.jpg,0343
b48f36c6ad234f2b94f6716b67c10543.jpg,0225
b491593426784db98b132d1ccdcdd348.jpg,0288
b491e6d3291244caa6f75fde430d2dde.jpg,0069
b492e540ae334d72970c425f8b7997f0.jpg,0289
b493936d1e534e5b81a70a63d9475040.jpg,0006
b49ae0dbd48045f3a97a1a9161aec297.jpg,0018
b49dc6b2aa4044b6b546697ef61e18d1.jpg,0258
b49f84879d5243a397a20cb97d305ea5.jpg,0184
b4a0c09efaf144faad876201c28a65d5.jpg,0340
b4a3b6579b1a410ba17382e9637e4871.jpg,0249
b4a5c77aa9214e6da0bcdd4c4bc984ae.jpg,0072
b4a5d1c534dc497c8fba891ec09dea13.jpg,0243
b4a6a8d3d54a4f95aad578247c9f85b2.jpg,0341
b4a81367492e42018d7bb6f6d648b2fa.jpg,0215
b4af4ab418104cc7a3d3e5d66564ef31.jpg,0149
b4b4cd9174fe488ea7d02148b1b59367.jpg,0046
b4b6d829177f484c9d5e0b071b4a70a4.jpg,0092
b4bccc2867a7427e958087cca3aea492.jpg,0421
b4bdfbfe2a89484ca1bc493f3cae66f0.jpg,0494
b4bf2b0fe73e43e0917756d3efe22a42.jpg,0354
b4c3c62d7f6f4a858d893a36f49530de.jpg,0290
b4c4531723ca427594aef1f27f049bc4.jpg,0085
b4cf169b45b44b8cb0b3c1a4f743d5dc.jpg,0352
b4d09c5826e84048b8b8b58751e4f321.jpg,0233
b4d406ebc4774c0194a84b9e722e2986.jpg,0474
b4d4e8124f8b48b8b4c6c80d6882154d.jpg,0422
b4d9d4da78f1468ca499d39f918d52bc.jpg,0162
b4da7954db7a470aa10e65ee62021a8c.jpg,0431
b4dac6ea0c444a78b1602e75f902d7c0.jpg,0141
b4dbc9abe5bd4e458c33eb39710acfc3.jpg,0071
b4e071d09f234b379c17b6388a6c7633.jpg,0497
b4e243c72b964c968ac2a0b54338166a.jpg,0308
b4e5bbbc583d4f9fb032d4444fe429c0.jpg,0255
b4e95bb19aee41049497317e8a17de4c.jpg,0269
b4ebcdb99af7441f9ffdcf6cb0c248e8.jpg,0153
b4f866edd466440bb92e655d9d479e27.jpg,0234
b4face38567146669116acb495c54464.jpg,0294
b4fcae5b22454c17b972eb3cacecca8b.jpg,0100
b4ff4090c3be4085992d85fbb468aac6.jpg,0473
b50134e740434086beec6fb0cc53a97d.jpg,0234
b50515e5e5054bc589a73bfaaabee46f.jpg,0398
b5053de1f6674405abee48060d117827.jpg,0494
b5059d200fd14c9b99aced747291a40f.jpg,0310
b5063c8709ae4921a62a518b62e779de.jpg,0143
b509e6625a7e449788d26b42bce1ba76.jpg,0132
b51004fbf2ea4d54a45a8cb07168bf9b.jpg,0158
b510221f8ffe47a0a78eeb917c39f5c8.jpg,0023
b511e249e5174810933509de6af449e2.jpg,0203
b51501aac89146d7b1f4ec3ce454d5f5.jpg,0374
b5169fb3e7e14736a9da36a4ead008d9.jpg,0045
b51a52e669874a0199745a11b8f53ee0.jpg,0120
b51adaf591f24091a5893a0148095f10.jpg,0215
b52008ad10a84b33896fc52b5bd92539.jpg,0028
b522df63950143f19bc0a938c3745a6c.jpg,0171
b52ce0b72e194447980cc724dd4e729c.jpg,0169
b53311595d0449178caf187b12946025.jpg,0252
b538d839e92c43c39ee614409c9d7cce.jpg,0340
b53c4bb897754382bc52b65caf18e269.jpg,0013
b53e71e3bbc843c8b2af09e1e99cd713.jpg,0024
b540b91d2d334187b4bd09c3a2195a2f.jpg,0369
b544099f96774953bf290ebcba745a10.jpg,0324
b548e9ca09ea442294226435db91514c.jpg,0324
b54ce9aad2714f9b8576922f59c5b164.jpg,0137
b5538a3e27a54c03bcebd9a9e737adac.jpg,0310
b557b45cac794e8c9eff39f690d3f6ee.jpg,0058
b559d972e56140bf8bd55a39e8a0d6c6.jpg,0006
b55a289b498b46b38fc22caacd64a912.jpg,0299
b55a36dbe7d8498da3371253c5355075.jpg,0334
b55aff3490f0448ba07be09eea10aadc.jpg,0394
b561341116414661ba1a1e01f9eb3e86.jpg,0198
b5613f1f9d824545aaeb78bf77eae44c.jpg,0472
b5617e0d015b47ab977bda38205b1c39.jpg,0196
b563a9a39dc44c21adf75e1b434b21f0.jpg,0464
b565561e1edc4310b23a4053b3876fa9.jpg,0452
b5658991e9944b588494528ee424e5f1.jpg,0202
b565bfb84d6a4e0eb699b5d1d4774a93.jpg,0442
b56a3fd872d74e4f9e7af3b5cab023a4.jpg,0428
b56c9d4ee3cf48a6be1ac58d500bc8a6.jpg,0002
b56ece83bd214e3ba0ae90845c1e56bd.jpg,0234
b572ba0157bc4c0385d1e6ee3f7d7f8b.jpg,0038
b5794d46f2f743389be4704e841d7d17.jpg,0345
b57b4e5043604a6c91515f91793f76be.jpg,0169
b57ec18f897d4d4a93c638f557e9b656.jpg,0089
b580723fe3874aad8a77c04960d5dd5e.jpg,0171
b582eda998a64fd889944c0639d22ce3.jpg,0274
b582f5d8568b41a092ffcc7eed115a99.jpg,0000
b584d1d14f044eb6a993cd3ddc46e76e.jpg,0274
b584e128edf644769ef391d1bc8e0630.jpg,0266
b589c976526241db855f542eee995921.jpg,0349
b58d3269a4864fefbf4fae633eb6601b.jpg,0332
b58e20bd90fb4e6eab3e45c3dfd6ef3e.jpg,0297
b5915693039d4ca19729ea5fc7f64001.jpg,0084
b59459e1011e4d92ab297a62ff4a483c.jpg,0225
b5991f128d5147aea7956a5dc78dbb1e.jpg,0438
b59a03706f6d45729d4b0d2ca6baa971.jpg,0005
b59cd5727e6b4285bd3faba80b57e87f.jpg,0329
b59d16ea074244689c13b22a2577d850.jpg,0059
b5a2668d03f842fb82a6538f21dffc76.jpg,0443
b5a54930ee97483f9dde3220f476595f.jpg,0376
b5a5c272dc494f0998dce0e0624299b4.jpg,0051
b5a63692569443cdb529aaa3db2a6e78.jpg,0283
b5ac178d48e84566ac9c5e9d0ad2ddc2.jpg,0061
b5b4693f3f6443c481db2970fdcc21d7.jpg,0358
b5b6bffd672c4686810c72cba043fcb9.jpg,0174
b5b8075637ed48f283469b1b3a08ce2b.jpg,0175
b5ba160688544f24a2353a8a40253751.jpg,0366
b5ba89ce5d5d4eb5812af3e6f680f8d8.jpg,0020
b5be215cfe2a47eeaeb06f29e9578ba8.jpg,0389
b5be6cbd34234fd59e65bc17f4455bc8.jpg,0066
b5c437cb8a4b40cda4c637af63bc9d8d.jpg,0201
b5cabbacb73945c0bc8e5437cbc83b6c.jpg,0469
b5cb2c49621b40c28721179fd5541429.jpg,0144
b5ce4e66dd03449084c5801ed195eef8.jpg,0141
b5cec2684edb4454a73ab47aa5e400f4.jpg,0249
b5d08ef54f254293942ca0f4fbbb6ea5.jpg,0399
b5d2bf2dbb6c4290a844c5f7365829e5.jpg,0174
b5d4d8de876a4c8eb64f87a25075a2f1.jpg,0221
b5d5b6fa446c4c2993887d89a463d601.jpg,0006
b5da704c335a419abfc5144cfc4252c0.jpg,0128
b5de9b863f5847149069475b9da28f38.jpg,0104
b5e700a2ec604804b87072294b85bf02.jpg,0461
b5e78f7cd745412d8d6a64276c666a28.jpg,0464
b5e92514389345ce96a0e5f20454ef05.jpg,0350
b5ec8adf598b42ca88d66f1f516872c3.jpg,0150
b5eccd1175bb4cf7bcd1a3904fd86d7f.jpg,0356
b5ef140cbfbb4de28b0485338cbdd51b.jpg,0362
b5efefb99b4948f8987c0c0bd7c089df.jpg,0016
b5f0c899d0074a03bc449f0748596ddd.jpg,0073
b5f132586d8e4db0a416f0f73a2dfa73.jpg,0288
b5f4c3b3d2894cba9f6f5c14496c94cf.jpg,0151
b5f965e49b4442c297d1b7f33938dd3e.jpg,0434
b5fa658b750a4534a41b26fd225a852e.jpg,0275
b5fd2d4811f645aca713ad839d6c3575.jpg,0249
b6000b7a9be14692a7124317dea775dc.jpg,0283
b6015bd99736470f9c06fd6d558b5eb0.jpg,0026
b6037f0d790b4a60a88f122542ff2f5f.jpg,0081
b6097a954f8f4539acb978daaae897c3.jpg,0043
b609a9175d4e4e15bf46d49af80335a4.jpg,0007
b60d3ca855ff4047853a1888de5fa6e0.jpg,0020
b612aaebace1448bae030301ff288c1c.jpg,0036
b612ae37b69d46dba05fc393ec76d735.jpg,0052
b6143f73058b44e9b7c74154ce2c32cc.jpg,0199
b6147318e0df4de1a8fca377a8b431ad.jpg,0188
b618bc8fba78426c809fb65455be7a8d.jpg,0388
b618e873353a44fdb7db177f4b989ce4.jpg,0268
b623f907df9f420a956e837c7bfe112c.jpg,0116
b62cb5dfd17945c993b243980072d00b.jpg,0142
b62d38cbc0a64867bef30eea91bfdae4.jpg,0168
b62dc6d14d3d4086af520a162dfd6c47.jpg,0362
b6390acef7644c5e9597a254265c8548.jpg,0051
b641ccb7b7a846b799368a6b6426e0bd.jpg,0340
b6497bc7c15442359dd3d1dd892346ac.jpg,0159
b64d4c43f6b04674af966ddb02df573b.jpg,0120
b651e349ac974d94af904c9c4aa454bd.jpg,0073
b652acbde78a429e975a83ce64f6f282.jpg,0453
b65ae8a94ad547de8761fde8ee5678cb.jpg,0283
b65c808871cd42fc9784ec01d227b002.jpg,0336
b66153c061b74e63970804967f7a20bb.jpg,0152
b662de1a55f94fc8bf4e959eb443a4c5.jpg,0265
b664f58653de40eb828134abc564f8ae.jpg,0204
b66504c52eb644418fefdf6830d2a745.jpg,0155
b6671e485cc648e3b5418545530a9fdf.jpg,0287
b667bf076ca4448e8b8b1467fd0e85e2.jpg,0032
b66d66db95ac491dbac7ec6556c78757.jpg,0047
b6797274a4c44e7cb2dc43eb9a1eb058.jpg,0324
b67a4e3cff6d4576b33f44e53e7ae5f7.jpg,0454
b67cd48d961f4f598d1a3dd0341383ed.jpg,0111
b67e65365a16485f9635c15537a84679.jpg,0293
b67e86877e9c44c2a2f99480c18a1456.jpg,0206
b6801762f52e45dda60031ac3fad96d6.jpg,0136
b68e009e62d94dfd9f9af74630b460e5.jpg,0148
b69390144e9d45e3812d454615f0da8d.jpg,0453
b693ae4a8cc344988431c3efebd5f880.jpg,0245
b69a8999b5f74b5fb75464e4496ac6dc.jpg,0171
b69b59dc873945d69139f41d2589398e.jpg,0096
b69fdff46e624cd3b16158fd207f47c5.jpg,0346
b6a11f14454940e5b9c05e81a2364326.jpg,0401
b6a532cf3a544016ae4b78131cab6010.jpg,0115
b6a70a5be059409fa07920457d93b93c.jpg,0485
b6a75e6dd173440bb7afc84aec67a76e.jpg,0249
b6a79ea2d7a44aa0b4454e96cc6f663d.jpg,0235
b6a9345c73804b27b26a2ee042361584.jpg,0223
b6aaffbf70b14a40b5217dc49d0e80ed.jpg,0243
b6afa691b3f34909b6e3f4b98daaa0dc.jpg,0035
b6b168a870c843e9b7d18cd8e845b069.jpg,0373
b6b6b904ef04470c9a0093a90c7b03a9.jpg,0394
b6b7b209c30b4489bfa58ef75d2938da.jpg,0185
b6b998df23ae4047980ce8e28cbaf985.jpg,0015
b6ba4c28270d4f67a33a224b313a18e1.jpg,0157
b6caf334ad0e4503a50b78b7f02a9b4a.jpg,0145
b6cc0861df07453890de0f65dc697c0d.jpg,0141
b6cd26b2f7f64f48a4e17440798ce143.jpg,0240
b6d5403157f3453484f4864e4276294c.jpg,0227
b6d730be6d5149cbaea08067bbc2a728.jpg,0355
b6d79aa076b440f3ab0786c3fd26e80f.jpg,0028
b6db9de9ef144a7490159bbdeec29247.jpg,0354
b6dda9cbbc844ac99fe9b1a66d47af2c.jpg,0270
b6e30c1c5f034339964630b0f41339b1.jpg,0397
b6e32d1ef84a452e98c8e82ccc3a029f.jpg,0435
b6e39f8f4cf74df19411a8482a23cf51.jpg,0417
b6e4fd7ca13546fd8ab6e30c87592222.jpg,0333
b6e56b9e6bb242a58788ef134d2fad8c.jpg,0161
b6e7b6e347114734aba376532334beb1.jpg,0046
b6e890ec58cb4bb5b05b54749f3f8161.jpg,0067
b6ea3011b5764b48944b930240db37d5.jpg,0159
b6efc6171eac46e689d65d879dae897c.jpg,0024
b6f4d289ee6b44dba90f7167988211b1.jpg,0142
b6f789d0157f44c2be9db10cd0729da7.jpg,0397
b6f8d0b0ecf347248e7544233bf16d73.jpg,0221
b6fa351f6f7244c4ad5aea2ab31d44bb.jpg,0139
b6ffca04a95b4181bdcf57aea84394e4.jpg,0146
b703c9cf780c4bf8b2b3a8e954a1c9d8.jpg,0476
b705873c373d42c3bae4d7cd6762c4a9.jpg,0089
b70659350677473e81722da711676554.jpg,0483
b70660d03ea64d03a9de0f5f73c6c837.jpg,0192
b70714eb2a9444f29ca883212f11bd8a.jpg,0264
b709f01008a743c18bdfb96e8d8748be.jpg,0169
b7112b41bfa4436d8984f98bdae49a0b.jpg,0326
b71442026e3d48169bd2be5a9b4f5575.jpg,0017
b717bd8d8bc94ba4bef7618075baec64.jpg,0064
b718ce8607b841c98204aec375bd7f1b.jpg,0024
b71ac8946e5643e681859d9b89d44ba4.jpg,0152
b71c22ac7d1f4ae8a2ee24098f003202.jpg,0363
b71d0bfe36f2444b93fbb98c82ca29af.jpg,0005
b71d51686aeb4905b9776338963caa3a.jpg,0196
b71ed9e3724d447585fb1f8cc498ca4d.jpg,0120
b721353e5b5247e69ad0bf5c62331934.jpg,0102
b72558163bcb48bfa831e4ff30997874.jpg,0390
b726a6cf724a45549b05f4cd8877120e.jpg,0376
b7277b820ab74f32ad742d241dfc3c2b.jpg,0014
b72b686351aa40eda080265acc63ee9d.jpg,0429
b72c853154684a739839bebd9fa23af7.jpg,0475
b72f42725b7e431b9e77e8f63cd7578d.jpg,0242
b7310e41705e478988ddca7ffeda6e7d.jpg,0257
b7321bc2ff4d48c4b815b2c172a628b5.jpg,0289
b73525da43a848aa95f9ba7747855958.jpg,0224
b7390762e6ed442d9a96702193ff0429.jpg,0416
b73acc6c56304025b6cf9253b19ce34f.jpg,0111
b73bb413531c436bb2cf18d5f5bf2957.jpg,0416
b73cb8ba0c7a4216a9630252f58de910.jpg,0032
b73d5680b1da4044aa0aeea5d1269688.jpg,0024
b73ed5ead8a845ac982e7f5ef1a92f67.jpg,0288
b741228fa8cd41b7b2f1cdcf786efa21.jpg,0474
b74201cd69974abbb095cea0daa4cc88.jpg,0464
b74436f5f84147aa8ff4d49dd7f9267a.jpg,0300
b745dcb7ea494d85bfb53e410f22f35e.jpg,0085
b74faa8853cd40cdb8b718d9e7901ad0.jpg,0160
b751402b270c4446b61ee90da14d2c40.jpg,0023
b75a089aca234838b80036d69c903150.jpg,0144
b75a1053629f477faac711a02651462f.jpg,0301
b75dc69c21d940b49f1f3d46f1670d2a.jpg,0005
b760e420f5ef49f588423c44e8418748.jpg,0313
b76198374b7c4b39b5780bd1bb7fa443.jpg,0015
b764a170bcc346078d56721f5c95191d.jpg,0001
b76a35000809407d87898c3dbc909201.jpg,0081
b76b78021ec4402d94f4ba70efec0eb3.jpg,0292
b76c4569ae634a37920568fac8ea53c5.jpg,0214
b76d295e68034933a80a8644af35c135.jpg,0147
b76ebfb1b5c041abba5066f4f9be1b31.jpg,0140
b77089889cb846679b184718d205febf.jpg,0119
b7728b10b71a4324a031fba32fb327d0.jpg,0362
b772f06b74b14492b016ce00160c3d0c.jpg,0311
b774aa8a6bef4d3a98754ac321cbf402.jpg,0229
b777c9f67fc44c4c9350b6c81cedac79.jpg,0269
b778cb19971c49ebbf3740f0deb852cf.jpg,0036
b7795cd0f3ac407aab348c564e28e8f7.jpg,0283
b7796db441d64a37a034e507c45f7c75.jpg,0121
b77ba30ea194418bbb7bfd9f9ccb98df.jpg,0121
b77d518acf96432db3612af4c4088bc5.jpg,0128
b77d9bfe2781420ab81f90dc6cacff9a.jpg,0005
b7838e31fd99475e90bc1d133ccaf58c.jpg,0245
b785a414a30b4b7fa90ec86c6dc952f2.jpg,0283
b7884c483f1445c18e4aba567b6ab6a2.jpg,0426
b78c3fadba924c97855ac49821776ac4.jpg,0203
b78c998b9d54477aaf7df85afc3499cd.jpg,0373
b78ef856a4ad4d74a81ef93b91ac85fd.jpg,0369
b79881039dcd4ba2a7fad3ba715af14f.jpg,0429
b798f7ec4a0b43e6afc6a97a92d8e582.jpg,0129
b79a81cfd87e44cc8a638fafd2d7cbf6.jpg,0249
b7a4acbdd711457f9886b8857b6884c8.jpg,0293
b7a77acf454442808cf63782417f06a0.jpg,0392
b7a7842ad1114ebe81bb9b69af391d5d.jpg,0001
b7aaa869619c4bdca4085a51624cd7d7.jpg,0353
b7aff0794d364e6bb23ef3fc403f0f76.jpg,0269
b7b2931cb7ae4faf86afc48b6fb0badc.jpg,0165
b7b88f2d29d24a6981c02917986d2134.jpg,0099
b7be2182c46a4b7089f1c7a5c6e7682b.jpg,0283
b7c3452205264e00a2576716f7b10907.jpg,0069
b7c6daebb0394e52ab3e56921269d0c5.jpg,0463
b7c905c537a545ab95f689abb2152562.jpg,0459
b7d244de2c7149b2bdce8bd925197bab.jpg,0047
b7d24e15b5cd4abeb81efa1e5735809d.jpg,0392
b7d674deb5b14ac095ec16ad7805957a.jpg,0155
b7d7587592cf4f65a2b344dcc5362d86.jpg,0038
b7d8f4a3fcf24cdd8230cf29bac31764.jpg,0472
b7dd323bf2d4430c84ef3a20fe2a8b9e.jpg,0390
b7dd506cf3484659a0537735d899ae1e.jpg,0107
b7df0578580248a9bcdabd784c7aae95.jpg,0087
b7e01f180cbf4496837ec9aad5f12558.jpg,0110
b7e20ac9bccc4eab880604a0c0a42bc0.jpg,0376
b7e294469713446e8ebbbb584b0542a5.jpg,0395
b7e40c8f43c0431e8d01a1e5a66130f3.jpg,0044
b7e6b96bef364a4aaf0b007c3771ace6.jpg,0458
b7ecb70f936d48bcbe8679c4d6f1018b.jpg,0383
b7ee0b131b6440ef9dc879c06ec7866a.jpg,0012
b7f095a00d2e489e803c60225cc2bcb4.jpg,0326
b7f3f490deee46969126a0a4da12f688.jpg,0118
b7f6e7bb56c943af91f366ea62ffb45a.jpg,0165
b7fc4749df6046b389c71bc1af4e6b22.jpg,0065
b7fcabba583f41d6bcdad0a267cb6116.jpg,0404
b7fd36b371054e6093d8176bc5d97b04.jpg,0037
b7fef05ec7b54e98a86bb3009412c91f.jpg,0017
b7ffcef12128490fbab34ead13c865e0.jpg,0386
b8017dda61e5469599b31eeaeb488375.jpg,0478
b801b16762b94833b55324e70829a5fa.jpg,0296
b8032f7e015745209b6051dd63e89347.jpg,0169
b80a32500e064d329f86e2840e60487e.jpg,0095
b80fe5d3ee1640ebbfe52e71a52ed115.jpg,0318
b810be112f23450194a0a7b00ea09366.jpg,0189
b810ed7faee24a91a86d944d7ec628d0.jpg,0226
b8112a31dbc4418b89cd0f9216ba6ec7.jpg,0003
b813e00441d744c8a679c1d64e5e577a.jpg,0065
b818a7170244405dbaeb9c10ae7d9dfb.jpg,0498
b81a34c9916648de8e4abc43df9ccf2b.jpg,0436
b81aef7756234f8ca6581a1f1a7f4afd.jpg,0174
b81c0cf839db465c9e750c1ba18cda22.jpg,0426
b81dd52aa52249e0977cbce545f173bc.jpg,0328
b81e4c26417b499093874b84bed51f30.jpg,0020
b81f779168c34cf286f98dbcc745cffc.jpg,0055
b8237d92ad434c16aa15568bdb740a6c.jpg,0393
b827aa7bd9704b148c4c5ab8bbdae4e4.jpg,0152
b8288a48b34247bf814099648e200ffe.jpg,0299
b82b6ab012d94cd1a8a09d5293056160.jpg,0065
b82dc87eb23c47a88d9b14509d16d257.jpg,0489
b8314234363e4a44b1b407c615ed949f.jpg,0225
b8352d187c454d29959d600fdeea5662.jpg,0238
b835be4ebb134289925c6d093ec3c895.jpg,0347
b83e84f2a9d74d2bb03f24fbb35fadd9.jpg,0079
b8403524ee544689816cea15fa52222c.jpg,0490
b8415cb66f0549ab96bbe01be9fd17ef.jpg,0205
b8433d64c3394185b8ffe8823880353b.jpg,0158
b84c1680d9ec4c3fac0eeb63a3d4bfa0.jpg,0326
b84d7f94dad74c60a8bcffe64d64a3b2.jpg,0352
b84df5675bd84bd3aafa4570838db3a7.jpg,0494
b856a55254ef40c9adefaac451f68729.jpg,0216
b857716a8a7b4508a1bd4170e64af839.jpg,0254
b857c301f25d4c309bf4be9f07d77793.jpg,0476
b85b478500c74f27ac9a92b3489584d7.jpg,0417
b85b5f31a83e4572be74ad7baedd1f3b.jpg,0422
b8610179178b412e9448a69f1a437078.jpg,0042
b86109ded3664212ada6a0ce7f1dd393.jpg,0249
b86333fccb8c4d7393005a412d1720bd.jpg,0283
b8649c4955354d41a31d1484febbd632.jpg,0293
b866f98a24284a759853fb858bf9796d.jpg,0148
b8686aa35bc04ff18cd5024d4f840480.jpg,0169
b869a5a8259542e8852270e4001d00f4.jpg,0320
b8739230d37c40ebbff19adddf285638.jpg,0316
b875070cc4bd4efa975aedb468f92588.jpg,0485
b878eb69d99e40aabc3efeefa8dd746e.jpg,0387
b87a6534c0bf4cad8fefd47fe78ae766.jpg,0309
b87cdadac85f490aba908d6abacaee6e.jpg,0226
b87f6e4d40904300a89eef2abac060e3.jpg,0295
b881718da0fd46cc80271e139eeeb54b.jpg,0334
b886efb0445a47d5bc0ffb5e443ea8c5.jpg,0390
b8884b3f89f444448d6fcddb1ca3c6d4.jpg,0195
b88b6d3c419c43abbd4554d4a08ea432.jpg,0194
b88f05f284ca4efba9b07ce95700557b.jpg,0421
b891d7e2eb3542408624b68816afba41.jpg,0039
b891ddc36e344727b7028c3869800be7.jpg,0029
b892e0c2fbf445649cbbd8250f671edd.jpg,0430
b8963aecb29b45b5af35372d1ee417fa.jpg,0112
b89ddba99e534c0398216f627c08e06e.jpg,0387
b89e08ba435d4a8eb4df05b08ee64d45.jpg,0427
b8a5fc81098d495d8a889855d82911cc.jpg,0194
b8a9e8135a23422180c4e6952f4829c6.jpg,0121
b8ad4e6e6fdf4a339a995b373b1e2911.jpg,0145
b8afe24501074fe4a692372fb2f02d09.jpg,0368
b8b2e6bd51604252ac600da931c09002.jpg,0226
b8b3e9b5d3fd4e47ae508590ac151f34.jpg,0316
b8b9896bc8284070913936fa3712703f.jpg,0036
b8c2ec9f7ee14a2abed31ef075ec26b2.jpg,0488
b8c36ee67f354d4faa540d6aba2312a8.jpg,0276
b8c56912520646d5be57163c7e991fcf.jpg,0047
b8c81574495b4a4ea28ff38bfec6a047.jpg,0002
b8c9801dc23a4d2eb3c661fcaecb2ea9.jpg,0161
b8cd30ea6fc346e8ac55430a9a58ee7e.jpg,0037
b8cdf2098ab744e39bf6e15a6c3c611f.jpg,0302
b8ce991009744a84944d6f10672760d4.jpg,0218
b8d04be4cd924b2aac760af5fd758dbe.jpg,0125
b8d0bae557e84ab99d78e4dd5b2ce05b.jpg,0445
b8d40d7b4d5048deb88b3af585591a90.jpg,0186
b8db89dd42e74171802238a1f1e33175.jpg,0021
b8dd0cbd34c94e12b231dd0f54e86647.jpg,0126
b8de3d5e1656427da205a0633397238d.jpg,0248
b8e1ece928f1408f853cd0541997be8e.jpg,0220
b8e22b1831bf4a2eb2608b13c99fc630.jpg,0164
b8e3717642354cae8043c46a6e02009f.jpg,0259
b8e3a0944d7b4450a834dbf609101bf2.jpg,0380
b8e434d7eb8f46d1a48a8f35d4722ae0.jpg,0086
b8e6837c8b8546f5ab5e2442652772e1.jpg,0373
b8e937d37864436dbd5d7bc02d2da804.jpg,0414
b8e9861089cd44349fbe55913e8b0545.jpg,0262
b8e9eb0b6f3741d5a8bfdb5bec118490.jpg,0265
b8eaa57c0da04e4ab466b65c474599f7.jpg,0202
b8edd9406c814f1593dfe8deee872c8f.jpg,0122
b8edd98fb597411fa7816a253d8c7fee.jpg,0125
b8f028ff395449bfa6cbe3b01f20a382.jpg,0180
b8f22777cf944833b4c4dfc8227d7565.jpg,0282
b8f388305dac46c983773d960ab241e0.jpg,0032
b8f617c22ba84faf90264f592b8b2afc.jpg,0490
b8f68e6871a34deebd61e234381bb9a0.jpg,0199
b8fe1ff902194461860da3065c2e60e3.jpg,0345
b9062d5e76164fe4bde1853687f33c19.jpg,0353
b90b32e532fa4447acc9d71c857b53f0.jpg,0247
b90d4b3bf215495788d2be8346402b45.jpg,0247
b90e1e7f7a13486eb16580fd5502d21f.jpg,0052
b9100db1daad4003a295d6661c44a3b5.jpg,0218
b9173c3e78a94e1b9833c12438499e46.jpg,0147
b91ac0e993974f479aaaaffdd112879d.jpg,0242
b92688410b8b43d79f87bffe9b4f2605.jpg,0396
b9276a992ec949c887cdebdb6c098be0.jpg,0331
b927d36e8573403ebcfa272b00eff5ef.jpg,0196
b92c8f2bdf2f4de0961c553f8e445891.jpg,0346
b93004196e6c4f77862db29392a22054.jpg,0164
b930785f049c4c49b16e76da66859182.jpg,0371
b930b1bbffd34a21b9f2a8058a28bfcb.jpg,0249
b932e525b3fb4bdbaee040a55e3d3404.jpg,0030
b932f7d300ca467bb9c9e0a319a010bc.jpg,0052
b934c70143b64a79a0baaf7b6afe4e03.jpg,0194
b937175c283c488a8913e59f6e0fd63c.jpg,0213
b9381ccdef2e4c81bd43bad247a746ec.jpg,0430
b93bdf6aa98542ecba5f3ba98ce57997.jpg,0047
b941a64cc38449e689702927e117e5fc.jpg,0398
b946807f1c034211a9745691c7a0e7e0.jpg,0196
b9468b9a687d4f1ca9814bdd43104806.jpg,0205
b94828a7abec420ca9a5836448602ec7.jpg,0178
b94d1bc6da2b4043805443c87b63b11d.jpg,0186
b9501d17b7dd498f9af8927ebe6e7fbf.jpg,0461
b951653818c9424584b16244f037d07a.jpg,0021
b9525ae7c3e64ffba3c4b546a64fe3cd.jpg,0180
b952c2b9221f4d29afe2aa539efb3cff.jpg,0486
b953a5205f5245cb8b74e03768161fd5.jpg,0400
b956b2e62dc94957949851f3f36f854f.jpg,0222
b959b6858d39434e86a67bd133b89452.jpg,0092
b959f00fc76f44f5bde0b6dd1f8dcc01.jpg,0008
b95d025817464326a10740f6ea1cfb01.jpg,0309
b95f02231ea0428387f520f11c8334dd.jpg,0063
b9638568091c4b3ab76e4cf43af53871.jpg,0012
b966aa27729844e4864bc1d52358c728.jpg,0324
b967460888ea4aadbf72c84bbbc8ca36.jpg,0075
b96e8997286543c9a6429f6369999617.jpg,0495
b96f2a1baa4a48d88a51f252b221cafc.jpg,0342
b96fd93a46fd4525a6dc263f57584644.jpg,0058
b9727a6d85564bd3b396d613d0967da3.jpg,0109
b9735b4e0f2246a0afa264a442a660ff.jpg,0134
b977cc51a7894a2391cd954dfc12b253.jpg,0052
b97815da08f643fc83e7128ca5b9b22c.jpg,0394
b97b13cb328f43da9879a48f51c28ae8.jpg,0193
b97bb44ed1344225952a8db779c227f6.jpg,0369
b9874868335b4d1a9c5303047466a28a.jpg,0192
b9881623861043818371dfe7b109b746.jpg,0487
b98903e369f34237a11f4c1976f74ab1.jpg,0194
b98945b9592949ae959d551735217007.jpg,0314
b98a938d5d154d069574bb8426c18beb.jpg,0105
b98b9d22f7f34d31831ba9cb87c95d03.jpg,0126
b98c023cf5914f34a34f964657d3c6c6.jpg,0173
b991b7c191144c26a648a15e50fd69e0.jpg,0141
b9951ea8391f400ea91f8b1c35e3633b.jpg,0081
b9987f8f0ba54bffb790095e147ad864.jpg,0465
b99dc02fe1c641c7be3050d30b792829.jpg,0055
b99dd95b526e47c3ad9968e148affa7d.jpg,0132
b99fab61d97a4b60b694a4c88acfb600.jpg,0220
b9a87f8befee4fa0bbbee7d4b1e10339.jpg,0484
b9aade2fce094f4b9ad63de7aab4e35c.jpg,0174
b9afeacea8c34cc884eeaf9cddbbe2c2.jpg,0459
b9b10c3aaef547ef855d4e293f0d3410.jpg,0194
b9b3e9a83a55473194e4c71fca689f83.jpg,0380
b9b44f223bb041008c9a604a723c15fc.jpg,0164
b9b458b2a91047fc9a4cf1340d83d894.jpg,0331
b9b6ce1ba30d423cabfba19368123ec0.jpg,0168
b9b74972b5e04862b48bbb34fa64cddb.jpg,0358
b9b8baf7abfc4a279c97292f1a7066bb.jpg,0148
b9bbd4ebba3e45d3949dcfcf96d1e6df.jpg,0045
b9bf5061247b40f6a265e39b87f830a4.jpg,0170
b9bf9c4774044055879f84df6716cbcf.jpg,0280
b9c1bef080344e5f95683e582d772a27.jpg,0310
b9c38f2928db49dab7dc5017322e38f6.jpg,0186
b9c923d410a64cdda47f45c6a86f5ee1.jpg,0445
b9cd27da7c4045e9a2c6ad493bdbb9aa.jpg,0103
b9cdc1c76b5e4426a8ded3e04649fdb1.jpg,0333
b9cfb6daa0a44121afcd5b3012eef934.jpg,0465
b9d041a87aa642f2840a5a8b788b7db2.jpg,0229
b9db0ee019044b46a1362c6fd016a4b7.jpg,0008
b9df4574d5b34e84b9ba25b111300ba7.jpg,0277
b9e00540cc7b42349d131eeb471ae4f0.jpg,0393
b9e023ea201e4cdcb12d5c013c2ba8ad.jpg,0475
b9e2ef23d10742e99e3ac2e7eea5bd35.jpg,0013
b9e65543f1544e53a39d0c23b7e7a1e9.jpg,0040
b9e7ec7805be4f42a29b3ca558e55222.jpg,0126
b9e7f25218534abdacdad3931f678b2d.jpg,0377
b9efa48f295a491f86da4da95bb7a9c5.jpg,0071
b9effc9490a04bfd8e99cef8708bbb54.jpg,0033
b9f2098399c54b5985d43cc79c389cbd.jpg,0302
b9f2fe26222044f894427528cf1c96de.jpg,0332
b9f5164479bc4679bc765f157514b9ee.jpg,0484
b9f847f0a46943beb7483a56cc3aa3be.jpg,0489
b9ff31fa0c054f6a80065ada7fe829cc.jpg,0085
ba01ad1d9c734091839f6e4a4330522f.jpg,0344
ba01cd723f8c47aab72feb83df4d11c4.jpg,0299
ba025f6a1dd54796bae9d846dd0ee46a.jpg,0425
ba0502b9cecd4bf78c7147fa9a1d42ea.jpg,0324
ba0508c438164c11bc1ed177a317dd9f.jpg,0083
ba0c378786b848f9abe6824bd90d8190.jpg,0438
ba0df9afc4ce4d5ab30f0d6070154067.jpg,0334
ba14e6e4a8484926b948ac9d28c3cc85.jpg,0343
ba1963415adf4caf97f8a100af5bf61f.jpg,0371
ba1b37de342441d7932ad8fd0158cc51.jpg,0370
ba1d9d6773164f8f87ab996a1ca3d104.jpg,0021
ba1dd756cb09452f8989a0a2f23d70e8.jpg,0428
ba20c9aa08aa4cef9795060b6b336fb5.jpg,0330
ba229eb360f64a0e97ad46d7659707e3.jpg,0361
ba22a1f45cb84906abfd7504b29010f3.jpg,0302
ba2363cc814049f5ba28cc8034ff9bb5.jpg,0039
ba24ba331a514cc4aee935facb2fee98.jpg,0046
ba29293cdc2d464bbc043b62dcf5c7d6.jpg,0223
ba293fdc554e463dbc531b9fc22adc32.jpg,0400
ba29d0d23a724b8789218c7d4f4e2671.jpg,0368
ba29fc7e11e1454ca7ca15c1beb63479.jpg,0224
ba2e7dbb385040619994086e44c40999.jpg,0309
ba2fbefd68934e278bd6d749875704ef.jpg,0116
ba35393e1cb34b6c89cf04c29b096304.jpg,0086
ba3554150a964127832c1399b9a8491c.jpg,0329
ba3b02db24384615a35781c0ca372575.jpg,0122
ba3c20c8e7c54a81bfded3922bcbc20c.jpg,0004
ba3c8565911145c2bb602856b6a3bc80.jpg,0257
ba3edb5447934a339d0efecad2d8688d.jpg,0212
ba42fa13e5044ca59ba394f641f0c207.jpg,0345
ba46201f50b840aa83bcc4d8727f4131.jpg,0106
ba4b807501b1475fa7946fd70592c160.jpg,0233
ba4be18f9a0a4f359d837686f08ca83f.jpg,0462
ba4d9fa7c21743e597e573062e379653.jpg,0124
ba51f88a528c40bb9d550d52a3353b77.jpg,0368
ba5b6e6f3a904fb3b69eb9c9b5f3eea4.jpg,0136
ba617f2748244064aa9ae690b1c4aa60.jpg,0482
ba62a2f76b244d50be72ee52686f0025.jpg,0296
ba640ad1ccb74dea8525e68f0b41f530.jpg,0122
ba66adbab1c948e3b650111d9581878d.jpg,0342
ba674d16ba6740e9b6200297a367bc25.jpg,0306
ba6c5e8c7fb44547a3c7bb2372b29903.jpg,0138
ba6e5b44a2af493c93ef76537135b67b.jpg,0069
ba7123ed5cfd4a0faa6d71a296f1b397.jpg,0075
ba743b282b9f4a1aa4a5541390016a5c.jpg,0034
ba794640c3c74ad283788b8dd7e8586d.jpg,0082
ba7beb641f4442c5831fd99771aaae55.jpg,0193
ba7e41118d9340d18ccaf02f3b664757.jpg,0295
ba7ebd450542436296c5987c29690519.jpg,0333
ba840f942d7c42e89fb500090cf8008b.jpg,0248
ba85058c80d642098532c70b690fdccd.jpg,0422
ba8951e7be9a46b8bb23af62fe776c2c.jpg,0420
ba8965fc057f4ad38bd57d5302c5d0e3.jpg,0328
ba8d40f1bdb8423dafecf5c00965dcdd.jpg,0362
ba913fef95ab4b768f5bf01685fc46f1.jpg,0485
ba949c5cf86c473fa330a8df909e5fc0.jpg,0281
ba94d8876e824dffa762db598da161c1.jpg,0470
ba967a2443b2495baa09f499ac957478.jpg,0100
ba9928e24b0942d5a5b4cde734574465.jpg,0387
ba9ab6abc899462cad1c880e5f0d81d1.jpg,0193
ba9c77b61e21431cb4c8a6f08e3d5596.jpg,0482
baa097b5e6624395b11e3c63016ba310.jpg,0251
baa5fc769f6c42759650c6866d60f402.jpg,0132
baa8118e2beb49dea9214df95f133b25.jpg,0343
baa85ffbc75f4c69ac59c328c889165e.jpg,0425
baab7dbb08ab4a3fb6551ee5985e1edf.jpg,0425
baadd6fa5f854d4e9882735afe2556b6.jpg,0284
baaeaf93821743f1b35e0bfe8374fe82.jpg,0352
baaf97e283684cb7a408e393a793e264.jpg,0146
bab2f872403c49bebad4e5e1182e40e9.jpg,0404
bab806e9f5cb424fb9c3afd29ae5c140.jpg,0186
bac076801969462d93a19324d782968b.jpg,0407
bac09081260a4f1aab8d950b4984bac8.jpg,0244
bac21e5a5cda416e9512066e3524c54e.jpg,0406
bac6b612043a45f1b676da96af6a00a2.jpg,0433
bacb57058942465a82569179f95c5210.jpg,0433
bacc0249452a4cc9bef31c5f6f3f98f7.jpg,0387
bacdc0265c464b2b9c3c151668828f6c.jpg,0292
bad32c9e8e1444ee8aeef78562543829.jpg,0489
bad3d3f8134e48e2bc671e4618d6a50e.jpg,0029
bad41054bc684ae39a71fc8aed61e78b.jpg,0060
bad65d1da5f74dde9ccbd97f406f4083.jpg,0074
bad78a7ee376466d97721d9c0b0c718e.jpg,0489
bad8c5b037824551ac1e6ebc191725ca.jpg,0375
badb16847c1f47709d39122ec27b7755.jpg,0072
badfe6f3fb114d5e8cef59cb5588656c.jpg,0371
bae2cd3d1431492bb4c89327da222faf.jpg,0379
bae6deee43d64f468d6efc9db53c5676.jpg,0280
baed7fb0c5504d8abb36e2e3ae26503a.jpg,0023
baf0bad4b6b240c08b8fad750cc8a889.jpg,0183
baf72993a9534c5da750824046759d4e.jpg,0257
baf7d2eaf2654a3a946b07a080988620.jpg,0091
bafc634a85594146a7cb80f3cfac9441.jpg,0162
bafe8612d03c465fb19e6dd7acade106.jpg,0452
bafffc0095d94f389c77ccc6ac9a71d0.jpg,0005
bb009e55185c4e29927ac5331a84f1fe.jpg,0275
bb0243262f584ddba8133d39c24bc57e.jpg,0286
bb075aa286dc4a408ca88676f4b28fd6.jpg,0284
bb0a458fa75241c3bd3c1229cfa81596.jpg,0446
bb0a636b3d6744c48ffb6eca33ea9b2b.jpg,0210
bb0dcfb3344943baa67ff8e0fed5782c.jpg,0014
bb122cfd718749d3b7f3fd4765559f5b.jpg,0106
bb1236439f874ee0b29a394f655a8df6.jpg,0296
bb15e13e84e645aa80a0a4f4883d0311.jpg,0186
bb16d6ebd857441cafdd81eef103e352.jpg,0373
bb1742b867414a3aa901434a280b8c10.jpg,0421
bb1915160a944db7b025b4a677dd5807.jpg,0292
bb1923f2dfae41439d84965cbbaf4356.jpg,0045
bb1969a4c1d64a2c80760d762de5b51a.jpg,0045
bb1a4c7eafb841cc8bd1ff9ff958580b.jpg,0457
bb1c3e5a49354fa9a147f127fa30122b.jpg,0428
bb1e7123889e4cfb81d75ed9a9f00152.jpg,0441
bb1e7622500d455d966b638ce292e37c.jpg,0205
bb268097acba42c4b6184ecd185a4f6f.jpg,0401
bb27b90cce40422d81976d8bfc7eb8ba.jpg,0165
bb27c2597d5b478388ddf4dd7c8fcacf.jpg,0089
bb27f03a8f2445fe940b1c3dddfa0121.jpg,0436
bb28d43ecf4f4b8398ca9475c14ff60f.jpg,0135
bb2aefdfa97d4fdca8a1ccdae25da1d6.jpg,0267
bb2bb665069a408cab945f59512b8125.jpg,0267
bb38bba4cf2e480e866a78941a33a945.jpg,0291
bb3a91c9f2b74e8cbfe6330e03f3537c.jpg,0427
bb3b2bcd2ba84cffbf256ba7927437db.jpg,0216
bb3b511633784117b6e7a96f8479a27e.jpg,0496
bb41c1d0155c45429f379dba5c3cecb4.jpg,0046
bb47038c1b04470f8e60fed45c84192f.jpg,0150
bb4b75c58d594ebfaccec297c9e59676.jpg,0064
bb4b82a55edc468e95856a504028f8bc.jpg,0446
bb4d94181d2d4e6a863a19e4af2091db.jpg,0433
bb5445076f15431a9f0bbd6d14d43489.jpg,0427
bb55c9683e3146cfb93da6591c0ee41b.jpg,0274
bb5830af35a64a0487a66f125a00e1a0.jpg,0303
bb67e1e2b38f4a288747db4791c5fe56.jpg,0092
bb68ff1ad0a445c095990401720e1ee8.jpg,0143
bb71c38a8eb845d381d0820d84dbb4d4.jpg,0371
bb724954503045d7bb527a39e2e580be.jpg,0189
bb7755a97e1d4d6e86253534f748509b.jpg,0386
bb78149f3d254cc9a5cf28c7e6a52cae.jpg,0232
bb7eda9e99d74cb88150ec9536a11995.jpg,0319
bb8033ff08474ba09c6f668ea7bb7258.jpg,0319
bb8a02bbd2f64d40b3e38e2d7bcf45d2.jpg,0359
bb8a4a09199b46d6aac7740fb3718fa3.jpg,0178
bb8ab13f693c4c02ba7e86c653d48638.jpg,0276
bb9109f00ed84ded8d203ed958d5ea59.jpg,0292
bb93eedf2f26443cbb34fb58622f9b82.jpg,0495
bb9554989c74462f9c8d8a4812d550db.jpg,0006
bb96e9ca5c5a4ab2a87f35cb46368c76.jpg,0169
bb96ed1180b244b7a5a12c20f800d750.jpg,0375
bb99238485a74da09c5dff7139154cfc.jpg,0188
bb9b04e085254e34bc52b693237cdcdf.jpg,0028
bb9c34f8f580438498f89b8a7b67af27.jpg,0040
bb9cc08c5ceb4c2f8d820f4a52d8631e.jpg,0358
bb9d0a77985049b585157760c46eac98.jpg,0027
bb9dc4c914ba441689f2bea34769521e.jpg,0281
bba0c400879c458c812226b9d802704a.jpg,0178
bba36e782577493c88f3729e86cf67cb.jpg,0166
bba38dc3e77f4e0ab55e744cd977db41.jpg,0207
bba7c472d64842559ca1bae714eff62f.jpg,0309
bbaa271ddc1647fb9da5d772687a2378.jpg,0213
bbb0cfe225964a92b28a0b329cd3638d.jpg,0480
bbb2e6482e0546a5a06bc4425de145b5.jpg,0253
bbb3fc1e74284ad2bc8a983f4cb5ca03.jpg,0154
bbb459af1d794160b847eafdca18db7a.jpg,0422
bbb4ef9642da436f8eab1377516746e4.jpg,0230
bbb7aa2299614f99a1bc4b872517deca.jpg,0483
bbb7fa20384743f1b9aecf59c7186303.jpg,0149
bbb9c717bb094115ad18cbefd35914db.jpg,0178
bbbd803478164637bb110b0783a57558.jpg,0404
bbc00fc5a4874b21a890c1901102c926.jpg,0398
bbc345fdb7e44998a539a8089c5cfec1.jpg,0221
bbc4004068c04afabb1297efef9a2b1d.jpg,0431
bbc40356332a48fc80f90ae21a3a1223.jpg,0421
bbc6662fbff24e06a8abafee2be8118d.jpg,0440
bbc98c8ceba947d3a3c253a46fc8da40.jpg,0243
bbcb8099a330466780c05cb6fa67ba13.jpg,0459
bbcd6ff2f36c4de0accab87b738d5af7.jpg,0237
bbce224071364f9db98d65a297746187.jpg,0442
bbd33505ff9b4764865f7fba941e7b1f.jpg,0454
bbd36a1b080c4a11bfb0a5f5df2f6004.jpg,0364
bbd5df634b63420f9b920ff6ece76919.jpg,0093
bbd73240cf184fc088968d5271136680.jpg,0107
bbd79decf98545ae912606f14f10bcd1.jpg,0332
bbdeabce14384864b0e3ddb2802a8b93.jpg,0368
bbded68816154ff69fd76c50337e8742.jpg,0080
bbe4ae130f1a4b959f51f98f5549c407.jpg,0378
bbe50103609f4e2fa5204a499367eb7f.jpg,0209
bbe756d0810141648f50ee3f31f7730d.jpg,0063
bbe92ffdc34d472f89a51f90f05ee274.jpg,0380
bbea6e31755b4f208772b829144b2f40.jpg,0345
bbec01a147ed48289552f778b63f03cb.jpg,0281
bbed96aa71a44d0b98c04296954b34a5.jpg,0498
bbf007ab68394ee9b87eb133290633c7.jpg,0434
bbf3ccc1e30d466da5cf70ed7761244b.jpg,0189
bbf4aa1f50e6404ba5aa779fb145753c.jpg,0253
bbf5a9e0ee6d47f3988ec03f77cea054.jpg,0362
bbf634282e8449a483b4bc0a0a876f25.jpg,0189
bbf7130e7c61402b828181c81e7ef95c.jpg,0073
bbf973db54f94b9dbea12fda336907c8.jpg,0069
bc004297b91c4bed89928dcec4cb5437.jpg,0372
bc007663fdf5437c832b515fc65f9414.jpg,0058
bc0514541d314f8c86ce3cdc251dbaa0.jpg,0402
bc055943093a4f408b255d2131011473.jpg,0387
bc0591ef2d6049de9d872d775123e426.jpg,0132
bc0b625db79a4556b58dba0812e602cd.jpg,0420
bc0d097d2a0d456ab0015755c63c0b87.jpg,0125
bc136df713fc4003bed4470ad0ca9044.jpg,0183
bc144d94475b464bbdd0d58276f28368.jpg,0063
bc14ffc5605347f481d3f965f0fc20a2.jpg,0049
bc154ec3ef88401cb3313cac6044a230.jpg,0464
bc15e7f9edeb4249a4a75d87d08229af.jpg,0342
bc164a26d89b4076bbd5db1792643709.jpg,0241
bc19c7a7bfce45168c9d33ed69e16dac.jpg,0430
bc1bd179b3454294bade73cf53aafee5.jpg,0380
bc1bfa42da5b4fdd995d6907e855830e.jpg,0240
bc204460761a4fffbd63dd342cb84c20.jpg,0082
bc23a26e9530468c8d885b338631bffc.jpg,0461
bc24ebe7e3834944a39b835e0acfeaac.jpg,0331
bc291f48588443d59f729b138e0f3240.jpg,0063
bc29a9ddd02c481f902ce0f770b32599.jpg,0266
bc2adef678fd443e856adef7924e3e2f.jpg,0041
bc3339fc27cd40cb8d973b6f2fcc31fd.jpg,0235
bc350c7688aa489d8c43830525a1e803.jpg,0045
bc38be7be296492584b4cb036e088b70.jpg,0011
bc394cae27564964a0b2bf742116d7f0.jpg,0423
bc3a37b605274a94ab6e8d4d01ef67e1.jpg,0005
bc3dea3d35624296a7c4fed8d6084434.jpg,0353
bc3e5ba2fd3a4105ab527adb780a98ce.jpg,0183
bc49443a1ebb45b1a63bd14eaeefc671.jpg,0010
bc4a2d8f40fa4a9eb1ee65caf3929f5c.jpg,0263
bc4de2680ab84460b696eac4c9ac7dff.jpg,0046
bc5499d2bd2248f0966f02a797870d97.jpg,0121
bc58af2d18a240bda7e6a762589318e2.jpg,0028
bc5a62c7f3bc40cba779b0ff46f7fea1.jpg,0039
bc5b682cac9e404f86d4243471cfb40f.jpg,0230
bc5c0c58683741868f6fd5191df06663.jpg,0396
bc5cbe2307674f3bbfe2940fa056dbb2.jpg,0153
bc6424bd537144579fe0207057039ddd.jpg,0174
bc64459c63d146e2b90afd5db03de127.jpg,0214
bc64aa071729405f8e4c3b589fe8f11c.jpg,0437
bc650cc9a9874212a0f85a468f7f8c70.jpg,0184
bc65b9c2f6b1426bba457965e49480b0.jpg,0445
bc66525de07044aba4ea467ee1597da3.jpg,0464
bc669262ae654facae4318cceb478a6a.jpg,0146
bc66cb9020f34ae4ad26992cb84995db.jpg,0023
bc6b877665c947f6a7e24e883333edf4.jpg,0062
bc6bf51af049421b80b137b13eb551c1.jpg,0336
bc6f4ad1398f4bb39da332ca4338295a.jpg,0373
bc709a302de34c9dbe6cf13bf041d37e.jpg,0103
bc70f94afa784acaa9ae3c9863e78543.jpg,0198
bc788afb96fc4cf99bbc2fc746c02c4b.jpg,0035
bc7ba87b26094c8c960d976e16c89652.jpg,0110
bc7d656ca0a649348430d3b87c936277.jpg,0006
bc7d7a73a2954c408d16123631090691.jpg,0200
bc7e91d6d87043a28406e07f9fa4b6b4.jpg,0327
bc801189460e4a7e83e7003be005612b.jpg,0471
bc809c9d086f4cd5b3a39789b6f84d9e.jpg,0408
bc81edf44b55464eb81ecb60717b5d29.jpg,0132
bc87f57ae1f44e2ea64cb17defc04698.jpg,0165
bc8b7abf2bf84d3e99a2e9de868c4e6f.jpg,0380
bc8bbd5496f74382abd4ad7cf9c62ae0.jpg,0104
bc8d535960c64206834a9188ab840b18.jpg,0294
bc905f4067e5425c935ecdfe8fbb9495.jpg,0054
bc914f6f047142a5b39a7fde0a447bba.jpg,0367
bc92f55300a7400199b83b8366ff6618.jpg,0392
bc952cde35334dca93c2475b9a71d60c.jpg,0019
bc9898f36833426c9964ea1a7736ac8c.jpg,0119
bca28c814ca74395a3e5533be080f421.jpg,0365
bca4e11c4c2e4c5bbbe967fe4ca7ccaa.jpg,0084
bca5c61c27254b048ebf7e5f29fb93fd.jpg,0001
bcaa600953f8468ea79b91bf71b256bc.jpg,0368
bcaf1772a3c540b6b437716086c77c06.jpg,0457
bcb1925e0bd14f15a7705af94562d665.jpg,0290
bcb1bbe525854ac386c91ff3889d68a7.jpg,0314
bcb65c2a563a4cf395656e203f232729.jpg,0341
bcc1a6839e54456882e17e76cd4277bf.jpg,0383
bcc5eabaa272427ab0915e4c9611df3a.jpg,0164
bcc70af1b9734aa897bebdc8e68f1856.jpg,0148
bcc875a2a4394d50a5da08e9b43d76a8.jpg,0181
bcd2f8061b4d4768a57f9c19124f0438.jpg,0180
bcd3495d3dac43c5b9c4dec9ef1083f6.jpg,0161
bcd6fc5f89784e0e869e76baefa939cb.jpg,0378
bcd7534d915d4ca9ad260f8709fc9fd8.jpg,0320
bcd8ce088fa240839d0508845f89da4e.jpg,0024
bcddc1d426ed46df9daba13ed210e430.jpg,0394
bcded5f92d814e018b2834fd6036324a.jpg,0158
bcdf5679881a4a718a2467b6b4b190a4.jpg,0193
bce03aa3b7804b15950ffd03a2922402.jpg,0063
bce6fad6b380418e878d915bc45681d2.jpg,0224
bce7294cae594b4eaf31a2f917a695d6.jpg,0035
bce937807b7f48b9b7e2b14ad5d564e8.jpg,0092
bcea9f3ee00948cd97a257a099c6a034.jpg,0277
bcec9d62940944e28679515310ebcb5e.jpg,0298
bcef540f811d4ba2ac8d737b78b19c65.jpg,0324
bcef7a5e359646aa95c189b379ac4b86.jpg,0159
bcf336f8e0a5499a90a443e1756b5591.jpg,0297
bcf337eebd554d02b36d0aec4d9d1a62.jpg,0104
bcf8ecebcebc4eb6957c3faeca280149.jpg,0121
bcf8fcb33f924d4289d7545a640b3049.jpg,0199
bcf9ab93693946a3b4b2ab9f340c8865.jpg,0375
bcf9d922a8314a6dad9ed562bd856b84.jpg,0357
bcfd569df8384331b0772109c089a693.jpg,0183
bd018560600a40cb9fe3b840a46f3eec.jpg,0028
bd05c4a15de04c2f8b7f67a2a349962a.jpg,0141
bd063890812f4d4abfe261bfa7b0f5ff.jpg,0154
bd0a4e3c8b1e41b4a844127d899bb2eb.jpg,0218
bd0ea96f353e4b4093a9cd3ee141bb56.jpg,0215
bd14d00a6edc4f45962f9decdfdd71b3.jpg,0040
bd1744c3579d4e75a517b83db1a9c38c.jpg,0484
bd17bf4f78034cb0a0768d9cb178f5ec.jpg,0218
bd18c309bab048f590493f7785b7eb4e.jpg,0357
bd1cbc12ff424a979168013ee008e37e.jpg,0316
bd22c732313749399eabc9d098c35385.jpg,0223
bd251d73ceb845dfa045c1b7ef8bea78.jpg,0487
bd26cf55a180498fafe3cbc85795416a.jpg,0266
bd28a7cf76e442c4a282d223c326fadd.jpg,0063
bd29c89b8a644686a9cd270c18a95754.jpg,0153
bd2b9ca689c34a4a9b2a5caf5fe80675.jpg,0030
bd2fd38237f54eaebbf968d18c326b43.jpg,0407
bd2fee277b1841fba912418658608533.jpg,0219
bd335efdfd9440d3a4ad983a9a07c2cd.jpg,0223
bd33f039cb0c41b482bb79a4c14c8c71.jpg,0265
bd346b65009a400c9932965403f556be.jpg,0479
bd353dd8a0a940c7881e1f8797f94353.jpg,0430
bd35c9aefbf14533ac7d01414d0d91cd.jpg,0044
bd36fe8f80064e64ac0a5a3b06b4ba3d.jpg,0280
bd3adf6c12644c3b8da9e76f5412542c.jpg,0215
bd3b8bbd20924847a08653fbcddaf921.jpg,0204
bd3e544c35874e6ea56d874c2952fd24.jpg,0266
bd3f4c53577e4851b78bf30e0e207fae.jpg,0007
bd43eae5794543b696e1086cc365b06a.jpg,0196
bd43fd7131554956aab04863a5f0fc5a.jpg,0075
bd4715ea97294e269d142d4926c36e66.jpg,0426
bd494aefdac84f1c8c87f2f5b362a71d.jpg,0453
bd4d39347a3748439990e4e5285e2e39.jpg,0492
bd50c63d008a41cb9d7f1150b54aac31.jpg,0358
bd51921030c944d087d93e8d831d878f.jpg,0004
bd51d6c32c594273bef26c730734c23b.jpg,0410
bd55eed4c333405982d83715c8f4a52b.jpg,0364
bd56b9457cd64d72bb14dcd100a53592.jpg,0175
bd5713f697d94e6fa644bd45f6d5fccf.jpg,0389
bd5f8a9e57954c67831cd67c4e968378.jpg,0445
bd5ffe6a13ec4a9095292d4bb356be2d.jpg,0329
bd614140030c40678b6078b39abaa719.jpg,0374
bd685d5be5964491bd2defb349090a2d.jpg,0231
bd6ca4938a33455b841bd637595720a6.jpg,0416
bd71e8d676f7478cb569e13eac9ea031.jpg,0092
bd72970551fd4ea3af00d4c48df2f55d.jpg,0479
bd77667be76f4ad98d45475e6337c7bc.jpg,0400
bd7db28def99480e9cbb5bfb62586b0f.jpg,0484
bd7ded5c44b147d6baea0d21e1ea328e.jpg,0143
bd7e9bc135414473bdd75712c1af0929.jpg,0492
bd7ec61e891b40428a90ae6b3d05da1a.jpg,0403
bd7f9f80b16740c3a378ba5885b87304.jpg,0168
bd7ff580b27846afa16882fca44f5f92.jpg,0329
bd8468256294407b971b08cac6fce5fc.jpg,0441
bd84e1168cb54821963a72c57be88fa7.jpg,0158
bd8b18469a854ceba99b3065e08bd42e.jpg,0233
bd8d6126919240cc93434dafad208c05.jpg,0361
bd8e1e01a8bc411e9ea2233d0a15d440.jpg,0215
bd9379f4ca79472498b32cf9daeb3467.jpg,0461
bd95edf1fcb844c2ae6cee8ca1bc0957.jpg,0378
bd99d7a18213426a9b6034647ea9cb1f.jpg,0244
bd99dc763ab44069be318c7e4da33922.jpg,0455
bd9d701e7e4046b0843aadbae49c4cac.jpg,0167
bd9df085babb44a1894e120e9c82683b.jpg,0232
bd9eb10536784e22a08546ac40da3503.jpg,0034
bda2d10f73834d9daace462113225ad1.jpg,0256
bda51df44b5a4c85bc7d6b5ac445684f.jpg,0177
bda5f16659f7417b896d46beb17de8ce.jpg,0315
bdb0afe8053b40feb05b682c5976af7f.jpg,0156
bdb29ff3caa64d3f9dad875a5c89f02c.jpg,0455
bdb2c85f3d254a95986a7d1535535da8.jpg,0456
bdb3a54ad6d3422fb40c027a26bd8ba4.jpg,0468
bdbaf40b062b4003b864ae501b96f790.jpg,0385
bdbbaa3ba36c4f38ba37e5d1d8ec79bd.jpg,0453
bdbd10472c4e40af9a934b10fd4e2478.jpg,0261
bdbf8ed49ce54665bb1f72b65aa24bb2.jpg,0311
bdbfd6d9b1534c92b08f7f0fabc82822.jpg,0058
bdc5b64783524e40ac129ea9715266da.jpg,0170
bdcb894d55004f51adf468fa3e09ac26.jpg,0303
bdcbac2328114dff90e575cac0b9c275.jpg,0424
bdcbf16385894beda45bbc85fe9da803.jpg,0046
bdd002cd85454c658c959a94bd4761f5.jpg,0090
bdd4bf8a89e94997b8a8c384b4a646e3.jpg,0027
bdd5908a28034a01ba58af89a2c634a3.jpg,0355
bdd655cef1274d69b495b505dc02c18f.jpg,0475
bdda8563115d473cba36ec94172246b1.jpg,0361
bddaa7a578f24955a243eafa88ad421e.jpg,0062
bddae613e54b4555b1dfc8164d280f0f.jpg,0250
bddcb8e6154a447992f4d283989d023c.jpg,0068
bddcc72ec13d44a4a7148ad5bd9128a3.jpg,0182
bdddb433050a4761b095567f69d782d4.jpg,0457
bde0a122fa5449b69b8e8ca16322e97b.jpg,0487
bde19579d4744257b9381d008ab595a6.jpg,0262
bde7d8fff7db498ca70996ea5f27e14b.jpg,0415
bdea3414a8434460be391e8abc61cb5a.jpg,0093
bdeb461826324efba6ef529076ba273e.jpg,0103
bdec8d3c5d7f49ad8104abd1dc9082c4.jpg,0002
bded2352661a49808f2e3fba0967995b.jpg,0369
bded35d2d6a54206b1ce566f53fc67c9.jpg,0428
bded69ead54248bc8f432d48aa0f298f.jpg,0423
bdee8305b3284ed4b71836ef1a7e20a3.jpg,0360
bdef4ed7677744068ad802da2f7f7e0b.jpg,0434
bdf0e37606fe410fb313d13918380d4a.jpg,0128
bdf51a3cc6a346b2af1d92334668772f.jpg,0256
bdf592d2c63048d0a8833ac3eb30d3ac.jpg,0484
bdff6d78c21a43428196fa9eb8c2ecdc.jpg,0098
be01598d4d664521bcb13e23e947c210.jpg,0166
be01aa991bd5434d86441c920e5ab576.jpg,0093
be0a4cc7e43d418db02ede5a24b34faf.jpg,0220
be0d4766b44d42878b5edbf0eb342135.jpg,0410
be0fe959591e4d6f8d7ca84f4f5c2913.jpg,0320
be1025e4ca5f4851807917d754037fcb.jpg,0403
be18c35cb7294c569561a1f4256937de.jpg,0206
be19a468c1534e82b3a57ca194cd45a2.jpg,0134
be1abc2d13ad4cf3b1db0a2932d0ad7d.jpg,0295
be1f113d64ba42f3bfdd92eb41df2267.jpg,0120
be27d1bca7734bdca6a47acbec9350f1.jpg,0429
be3cd20aab804562a80e02191b9517b5.jpg,0166
be3e8d27112b4371ac3187f1ac7af3c1.jpg,0481
be42aa0ea874485e897fc914c845b526.jpg,0222
be44006a39f94085855d7837dd780798.jpg,0281
be453835b12a41b2a017c646e5055079.jpg,0280
be46348d191340f0873bf9d328aa623e.jpg,0401
be47a86cefef408eaae4e49291adca43.jpg,0083
be4ab8c9e3874893ad2d9bf6bdff2d3d.jpg,0093
be51465a8a7540668d6048fcd6c3bd00.jpg,0462
be52194cbb8c454b9a6b9afd64362017.jpg,0248
be5292619d2e4adbbb67e869ac885ccb.jpg,0347
be5ab3323ecb4c9384507d3453c592b8.jpg,0417
be5c0a8adf2d48f79bf4b43b3716a30d.jpg,0150
be5f65f4a2f3490b84b66fe47fd420c0.jpg,0250
be606c06089f44f188082fea52695994.jpg,0006
be65ccbe5d1a4809ad6bde9d7d6985ed.jpg,0228
be684514fef043cdac5696d2b1ea1f81.jpg,0223
be6b37d88fd543ffa6bcf0fd1ed207a0.jpg,0285
be6b911fb4c24483988fed2dca5077fb.jpg,0033
be6f711094bd41fc8a5abb21cc543fe8.jpg,0264
be7487729a95415497f47e6342efdc7d.jpg,0142
be772833ef594b159701e08f70970698.jpg,0082
be7ba29d1e854bce8f31b8d4aef0cd79.jpg,0463
be7c3cf39e804f6299bf04347c6be4f8.jpg,0204
be80841948ae4b54bbb9361c32ab67af.jpg,0090
be8504bb054644fa80865796c78a96d2.jpg,0310
be87b1c5e58b48f394dcf01d64d1b603.jpg,0118
be8a9883dd3e480a977e82b27aad0a41.jpg,0007
be8c41aae9134538957f64bbcfe55c47.jpg,0373
be908f7939154cf6a155e04bd2563de0.jpg,0208
be967fd9e2a44c3796040206d2d1d3d5.jpg,0408
be991c93057245b59916dfcfde0729ac.jpg,0467
be9c6f0c9f574fc4a47cacab9c5a66f6.jpg,0296
be9f0da4a2234056bf0ac70f27766eaa.jpg,0316
be9f9596fab04e329548c9476e18abc7.jpg,0170
bea0e3e167174fd3a4b294c8b5f4750f.jpg,0131
bea160a70f24420daabba57f32b583c2.jpg,0481
bea4961f88e74bf0a7b844ec1efda832.jpg,0159
bea4fa8d09da44758e3430953f221f57.jpg,0216
bea55a0db3b94324972daeab15ecad38.jpg,0473
bea683437ac841faba945656c34f589b.jpg,0178
bea9f05e48db4ffcba231fe149e1292d.jpg,0295
beacb4a18b834447adc55bc1d931e643.jpg,0233
beae16533a52494581b3e5bdfc58f817.jpg,0472
beb02a24c845462fa91bfb9b78e8d115.jpg,0233
beb3f5afe1904a8a9f1265dc2a2d0af2.jpg,0383
beb4636728be4d06888834de6bf5f223.jpg,0182
beb49d1bc0d04c34bf87dd67a19c13f9.jpg,0372
beb51e488a9749a6b752cfba4b3eb6bf.jpg,0068
beb605977da1499a8b0e6a3df92b5a0f.jpg,0359
beb87afea3604b3999da962604183faf.jpg,0493
beb8d9d8bdd342f0a0d388a8cc9f9536.jpg,0329
bebb5901211a4921a7a021bd90d8cca6.jpg,0206
becb90ff5bc048e294269c6fb1c67e32.jpg,0294
bece1dfb4f0444758b3f6abaee160547.jpg,0496
bed2373e8e744b129bc383af5cf1952b.jpg,0480
bed3fb0652c14b5793f3d7537958d2c2.jpg,0213
bed754832ee545a2a89737d2edea52ef.jpg,0147
bedcb2c39f7d4a05a312ddf12702547d.jpg,0146
bede8adc72834632b6f33f61c8813977.jpg,0378
bedfbc3b5ac5400387c0fec0f12cc611.jpg,0139
bee19c4a3f044099bc1d4c782c7960e3.jpg,0153
bee6a0429435471cb4ce1cab7570782f.jpg,0430
bee8097598394819a0a3482d6edcb651.jpg,0176
beeb63e1d47d46c6876f6e1e1a6b0d5b.jpg,0007
beec4f339bf647d7a7595829a144933a.jpg,0463
beef2ec87e2a49ea9086f6ad1c3b4df0.jpg,0230
bef06f04cb594d008e4775584bd09874.jpg,0215
bef1595708c04486a0b1b72742d9897c.jpg,0472
bef273303d0a4ba5866f207e3a95164c.jpg,0426
bef2fb5f94624be89cbf8f0b2931e2cc.jpg,0309
befd2117c6174363907d5c6615649a29.jpg,0064
befe590b794141c4aa98113efe98699e.jpg,0224
befe5b7c99b24bef9ed8cc5a0d82cd9a.jpg,0259
beff7c681c054126a8f59cd5a6b7e243.jpg,0200
bf008a615d924616b01670e78a8fc436.jpg,0488
bf02c4498705404993346fa36d6e9b52.jpg,0240
bf093805c33a41458e7fbc609f056f2c.jpg,0018
bf0e425434264919a0e19b1fb25524a0.jpg,0218
bf12036ad79849b0bec9909c3737c0e0.jpg,0375
bf122076738246a3ae5d909175ed2c98.jpg,0155
bf13023b084041b9bc9509c06ed8de36.jpg,0450
bf1775c8c98b4eacb67fa3065c52e86c.jpg,0459
bf18dcf3b3bb404fad51d73a67e6b0b4.jpg,0472
bf190b2560954f328791082f64da2c6b.jpg,0136
bf1b6fdbb82548a29be16072349bacac.jpg,0203
bf220301ae274e0a991546128691033d.jpg,0098
bf222ab135274e33a26553267c0d20ac.jpg,0145
bf2287565ac748ac8c9540353f3f6a89.jpg,0315
bf26ba28ee9e4b9ea85a7d10c5a4ccd2.jpg,0295
bf2fc3d0359c41b6920cd225a77c4466.jpg,0447
bf30495cbcca400fa74369803e3ce786.jpg,0022
bf30df5805a64c6d815c1d811b16f9e9.jpg,0027
bf338732321840cd8d73ed2117632a89.jpg,0320
bf3424e9cd454441b9a948f816ec5469.jpg,0023
bf377007510641c2bfeceb59459422db.jpg,0016
bf3aae0b71b44a2e8c20ab6148d5cda6.jpg,0149
bf3db07bfddf4fc3b0f2d9236ee35acb.jpg,0385
bf3f80bed04e4f11948c44e4f2408840.jpg,0176
bf438028bc77452e99981caa445d67e2.jpg,0297
bf457bf5050145ec99a957d5cb860672.jpg,0075
bf474814fe8d47cf983a75fbabd20526.jpg,0475
bf4d1ad84fc04393a2e101496ae596ba.jpg,0464
bf52d9cc0628494286745098d9d0f7a6.jpg,0376
bf57836faa0646fb83ef157abbc11e0c.jpg,0274
bf5787a1c64949bba76790b1d2652002.jpg,0083
bf5a23ff90bf48318ee5c9744442d078.jpg,0203
bf5a6936f09c483bae69742c030b516a.jpg,0003
bf5ba36c36b34b3b8979a5c80a559c58.jpg,0013
bf5d8ac86a5242e4a52bc57482c8b6d5.jpg,0329
bf5da08711dc44418cc944fa15cec0f8.jpg,0244
bf61b6caa177420787e6bebde602da6d.jpg,0381
bf6333dbd4ce421bbe29269067d3eb4e.jpg,0211
bf64f972b6874cf79bb7aac1091f52a2.jpg,0378
bf68ae2bfdff458ba1c5b3b75c97b7b5.jpg,0396
bf697f2d90aa4a91b9e53189ceb3ee18.jpg,0211
bf6a3c7fedf744819b4e3879b7698787.jpg,0344
bf707dfb878a4ccaacc676bcf74a663d.jpg,0391
bf709359284f4d8f82d83b138ec68347.jpg,0177
bf7122a8121d4e4da536d9c6bb91a1d5.jpg,0371
bf72c052bbbc4672bd98f9abde6834bc.jpg,0073
bf74199402934b32826e64702aec6db6.jpg,0458
bf74f74e88ee4d809ff7497cc4eea31b.jpg,0357
bf766c61341b486cba79968d11def779.jpg,0028
bf78823acd8d449eab85ab56f9199377.jpg,0098
bf7bd73af7b0425fac710d53ca12205b.jpg,0313
bf7c081772524b8db27058719fc18893.jpg,0213
bf85adb0bc734bf5afc007b2a91f25fc.jpg,0248
bf86bc7fc18c411e857d51cbf07a0bd7.jpg,0273
bf89c32accff4df6bc66c93c608a7604.jpg,0152
bf8c67f591d34ac78d3883da3f5131c5.jpg,0404
bf8cc20a12134a9e801c2e1b23ec8033.jpg,0291
bf8d6924db88488ba05009bd084f4025.jpg,0324
bf8f36b95a72417290ba1652d783a854.jpg,0141
bf8fd818d8a74629b3de7be1d573fad2.jpg,0119
bf90eb79931c4521ad1d35e6938d43e0.jpg,0189
bf914d018d61412dae6465005c6c79fb.jpg,0203
bf98232e8e054fc4ad1441769979d094.jpg,0319
bf9b38e9b0a54309aa6676f6ad0d24a3.jpg,0076
bf9bf29877b141b9810618549c41534d.jpg,0289
bfa008f2be9b4ad7a3ffabae5e4bf716.jpg,0031
bfa263466494471ea3f78252f85e4d56.jpg,0129
bfa7160327a146018c1f8d36830699bb.jpg,0271
bfa91b879a814f2689294b1e6e184bb9.jpg,0041
bfab240573054e97a3800068e103572b.jpg,0419
bfac69f488604e258dcd75ad14e9bd6c.jpg,0012
bfb0973ebacc44e5b64dec6ad8223404.jpg,0381
bfb267e7da9e4fda9497daec72b818c3.jpg,0119
bfb5cf42129244d2a313eb9e701b320a.jpg,0498
bfb5f0d75e0746e18756a0b1afd44995.jpg,0076
bfb86d6cf0b4456d8f9b8f6b66d15a08.jpg,0471
bfbb53f94b334b1eb6737b8687f312e6.jpg,0068
bfbcf4f4939d4671842e83b4165ea6c6.jpg,0342
bfc03b6322a742069b7fd0813de4a012.jpg,0324
bfc2482be6594e68b0cc0e31dd394ca5.jpg,0092
bfc9fb334d2541f2bcc06e9070a5c722.jpg,0256
bfd291c4192b4369b9609989b44c916f.jpg,0041
bfd610586c63426ea5cdaeb1e71bf76b.jpg,0397
bfd627091450489ba93e66d8270f0c6c.jpg,0061
bfd7a2b2dd0c4214b1caf4b84f23732e.jpg,0163
bfd88971f4044087b5ec80a90811aac7.jpg,0416
bfdf67b59bae47e5848f44ba38109f5b.jpg,0105
bfe7ae386c9043319bddc473d2e3201f.jpg,0041
bfe7cad9bdff440dacfd36af59ac7b34.jpg,0367
bfe892187ced442ea279730805ec4555.jpg,0034
bfe9bafbb1e14fdd9a571228363e55ad.jpg,0286
bfe9c1f541f24af993dc453e54650414.jpg,0245
bfed24bfa20d482d872e3a2600a6c976.jpg,0432
bfed566996764f98b881989b0553e070.jpg,0466
bff04827fa8c4806a8fe58eaa0bc4b39.jpg,0367
bff1ce5153214da7995bbcde39906b00.jpg,0236
bff2fe51a66a4f2ab5e9511fa9a44dad.jpg,0222
bff939f118ee425a95d9067b2df70876.jpg,0378
bffdfab93f0c4082883d29574fe960cc.jpg,0162
c00054de267543d795b92bd959f2231a.jpg,0043
c000fa1151e249ceb104d6a4701a4ad4.jpg,0189
c00298aa424d4e52897041fd6556fe41.jpg,0001
c0054b8084de4a2a9412ff7884b5931d.jpg,0444
c007c1acac8e4599a2b74b4a9014706d.jpg,0430
c007e0d403a54ad1851d8011be3f66bb.jpg,0467
c009cf47357f4960b2315c654b9abc86.jpg,0246
c00c635c3ea64abf9a668b153269c8b9.jpg,0439
c00ca2ab6443451eb4e80ccc51156589.jpg,0003
c00caadb453341f4bc2ae997d317e7e5.jpg,0216
c00e49cf8bc5438b949b86787676d359.jpg,0262
c00ed59af6cc452d905d4bf63ddadd5c.jpg,0064
c00f0ce4e8b846899c1394e5e1a12c3c.jpg,0371
c011d5f5bd0f4ba393615253b957a5b3.jpg,0148
c0123661a2d14c4383eeb24d09eed8f7.jpg,0152
c0138de3efcf4d82b8da49a20799175d.jpg,0231
c01d4635f8604ee0824b5fde8079a7c4.jpg,0456
c01dd94dfb8b4bfc9a81caf2a743a464.jpg,0486
c01e0208d9554c539735fe134d70375f.jpg,0416
c0220f415d114b13abbce920761f9a3a.jpg,0496
c0226369872a43f3aaa58f9f9e39d5bb.jpg,0317
c0294764b0e3418b98e02f0d3c123105.jpg,0411
c02a1ddb0d0c4261a6427b57bbd373c9.jpg,0073
c02ddc0d2e6a444897c9a929f2348571.jpg,0361
c034ec74084442dd95929dc073250619.jpg,0407
c03547b9c8104cf59a9c5c82e9154804.jpg,0081
c03833f207284ed4aaef700d2dd38080.jpg,0222
c03959c77d034a6bbdf628cabde4bf58.jpg,0033
c03b082609a04ecf9b4761aa14885a4b.jpg,0481
c03d0bff6acf4715b632afdff376f883.jpg,0014
c03f6476a92742e99bc61cca7924d9bd.jpg,0272
c041b973af444c9798e435eeae290a74.jpg,0434
c04274f85b9842a7b8f8edb4bea1375b.jpg,0201
c043b887f7c748be8c8707848af8a7dd.jpg,0120
c0467cfbe7104326ac9e181fde5387ed.jpg,0278
c0471ebc6c504564b31bd17aef972a32.jpg,0216
c04df5d9e3e442ce8dacaa1df18bafd4.jpg,0078
c04fb6f12ee6446c9ce7f9e9a7772e66.jpg,0081
c054cda7003c4146b82dc059657aba91.jpg,0263
c05542a317a84d2d98b8685649c4bdcf.jpg,0413
c0597e35e1b247c1880ad2e0bded1a9a.jpg,0213
c05a2807297d4bfa9534781fe8847209.jpg,0232
c069641d3027421e868dc3ca9a027ace.jpg,0190
c0714b3f7eab4897a6f74e0c6a6ff88b.jpg,0309
c0782387492042059c387e3fe92e4968.jpg,0092
c0784ab38c814faa8ae8efea8f9b25f7.jpg,0398
c079bd08680c44eeb10a92a32a7d74c8.jpg,0032
c07d63da7c01413a8e75d644e3e32444.jpg,0221
c08420d4966c4bfd85c1db9246d1c526.jpg,0453
c084791b414841ed9926eececa8de810.jpg,0431
c084b79b71504e18958e5a60db204196.jpg,0273
c08593f4133247f5909794561f608ad9.jpg,0445
c086502e189a4265852c6fb362f61f5f.jpg,0141
c08abe9102a2451cbbb275d3182d449b.jpg,0437
c08f31faadf34ff099d4df5082e69c08.jpg,0219
c08fae9daeaa4c6794b05df64b580ed0.jpg,0286
c0984f74eb6e460bad246bbb4ba8e78a.jpg,0380
c09bf584a0cd444c9ecb099f63ef2510.jpg,0033
c09ca9345bd44d3ba48f7dbd04146532.jpg,0104
c09e1e012500422c80570f1b898c2592.jpg,0098
c09ec6bfe8cd4b2cab1debc08d72d5fc.jpg,0204
c0a0035810334e9e99e4a7bb08a04f2e.jpg,0048
c0a044b1a84041b8a535bce63ea15b1e.jpg,0208
c0a049da91724eada633ee8469968aba.jpg,0361
c0a32befffec445498295fff1c807fb0.jpg,0000
c0adfe02b7184061b0cc58ae0201ccd2.jpg,0381
c0ae4c70aa7749d3b860dd9b48619e63.jpg,0342
c0b184f9c9a64c578a5ff5e368287e9a.jpg,0178
c0b4eeb234e7421db157b4d0ff77b1fe.jpg,0309
c0b5c53ccebc4160b7fc327c61bec954.jpg,0158
c0b7c25db12d43deaa3bfa61a41c5ebe.jpg,0173
c0b8a7fe325c4c7eaaac797bb3d95118.jpg,0351
c0bb336aa1cf4c0e8638bf01d62860af.jpg,0030
c0c1488a7fd84852b88f64ea173778e3.jpg,0157
c0c660c314a14eef8b1b5063f77fb0ed.jpg,0079
c0cc32e558a14ccdaa59fa14ecb1e02f.jpg,0440
c0ce4d423747422cbd9a61499f7978c0.jpg,0168
c0cf80e320544a7084026716c6f260de.jpg,0208
c0d1188207564b44b3f105609112d49a.jpg,0422
c0d2bc7984224d4c894bde52cb586505.jpg,0182
c0d339a3e8f24e829c59ce3726b0d9d1.jpg,0337
c0d625ea6c914513a5aeb6fb09454ed6.jpg,0174
c0d7fe692d084e96a14284501325d47a.jpg,0282
c0d8f02210b74076a6a61a7cddca19b3.jpg,0220
c0dd40ff49ef4b6ca51bebfa2b8ce883.jpg,0040
c0dd49bf30d94c63bd442316215c2b0d.jpg,0263
c0e4af17f7f247efbd4306ca0fb66ea5.jpg,0484
c0e595c567384c32855175a815cfa8df.jpg,0378
c0e8fbd87fad41aea699cd18d82b4d9b.jpg,0228
c0eb0274c082473a9b2c223f4cc064aa.jpg,0269
c0ef463fd26b4a56b9e214a07df2c355.jpg,0205
c0f146e8c15647ee95ecbed6c4c8931b.jpg,0387
c0f1c66f53724febae2245d2cd81eed1.jpg,0092
c0f2d025fc344fa3a15a7e4fe8e97213.jpg,0192
c0f32681a2a8407ab51a1eaf60fe3842.jpg,0392
c0f68676b63f45ffb5de1d21ff380906.jpg,0320
c0f76e2e98c54e459612fbad87eb55ab.jpg,0078
c0f7ba13506949ed9a00b43cb1b620a7.jpg,0161
c0faf2066c9c4a6a9c4f3a1446a54318.jpg,0254
c0fda9ea1ccf4d63a97e44a914d62ded.jpg,0293
c10107f48ecd4f24af16a192951fe6fe.jpg,0455
c103d473852d4f7588a25e61dcf05fc2.jpg,0457
c10409ac8b014a20a281643653f337bf.jpg,0099
c107225da25b41a08c64b8ed82761753.jpg,0418
c10a9e39217c4a2d83e9a63f2d740601.jpg,0113
c10c41d0d517438e915fb58517c7af04.jpg,0322
c113a33e9f1443d99b34b645f802782a.jpg,0237
c1184b2e0dd5455b82bc5d50d8becc79.jpg,0297
c122c4b8acb248d1b47fae546cb821ea.jpg,0401
c126f12b85454814a184e7e37320e659.jpg,0297
c127a4b0d2aa4744bc92d13b764f7a12.jpg,0495
c12c15eaa41b436d91fe29101c4cbf36.jpg,0447
c12f7e3f3d6c4ad8a09a5efc0b2b1484.jpg,0374
c133e456b15646f29c1cc361bd3e9bae.jpg,0102
c136148861e14887b436494e3b14e63b.jpg,0244
c1362e0c74fb4c62b08c0125aeb92cb1.jpg,0322
c136c712cfcd411f8a96d68ff84d1ba5.jpg,0009
c13a5c8b11e94bb1b8f065fbfafa7274.jpg,0005
c141644537dd4f9ea9674f55f16933cc.jpg,0124
c1419ad4a0684ee2b627927f54c52395.jpg,0439
c1447ad8d8a84b149ca00791d449f779.jpg,0362
c144da2e6c824f019ab0285cdb68dfd0.jpg,0056
c1479b75ef7841078a5eb0dce9a9f842.jpg,0105
c149e344bab44099a2b2ab3c8e3c906c.jpg,0046
c14c1367d7cc4383aea6636d6a7e1c9e.jpg,0025
c14e2e1fadf84d9a9558b60ccfadeb04.jpg,0072
c150daaf395b44dda1113ee0127a9e3e.jpg,0433
c151f25a66f84ad2b43b3c44ad773656.jpg,0007
c156f18ae8e4402ebeb093087205ac3b.jpg,0191
c1575f9165b2403ca3ff53c88b4a3269.jpg,0395
c15b44ac5b6b45139ce120a7fcbdf6d1.jpg,0367
c15bfb37f23b4713bc4d990861e009cc.jpg,0448
c15e4fb4bc9540bf86228cf33766fba8.jpg,0421
c15fa2a535464b799bf8ba8dbf22a65d.jpg,0107
c1635d16d8094981a69c437c9f973a75.jpg,0366
c1639d2ea565480eb4cb4cb9c526cb3c.jpg,0064
c165173e12ae464594487c51b25dd1bf.jpg,0309
c16c8f4636034c65a1e47cb646118186.jpg,0345
c16d4ab928074e3c84a454a78185c1ad.jpg,0141
c17121845b904e18a42e834f58a77335.jpg,0468
c1725911eb2a480c9c8a6dd630cf0188.jpg,0198
c17ae1fd7c7d41b0822522a034d60305.jpg,0124
c17b2ae9a2b34b47a3e6e2bc193dcd2f.jpg,0250
c17b54072af2466e94657c2e29767215.jpg,0235
c17bb6525cb54dfa8b26e66276507602.jpg,0381
c17d0a6945e041f59b2167c25a3bfa7b.jpg,0439
c181046bed4a45b2b26340c7caade614.jpg,0428
c1841c41e60d44a381401216cbf1cb19.jpg,0098
c18561a077f8487b89775b06e97aea6f.jpg,0010
c18761bad4284774b00facaaf5e289fb.jpg,0409
c187e570032f42b68445b0c183674569.jpg,0338
c1893226d04b42a99a8cc5229e41a2ce.jpg,0346
c18d4dc5cc644a20a8dbcb1652326eff.jpg,0499
c18e8bd3fe6043c19864f3aaa9f9c2f2.jpg,0429
c18ee8a35d4945fa89e011b211aa2fdb.jpg,0414
c18f00708acf49f4be1729c112209460.jpg,0463
c19056e390bb4387950bb26b52e74611.jpg,0493
c1913214f1f044d58a295b10f8e05b2d.jpg,0009
c195ae3996e94e329b90dc08da4ce89e.jpg,0115
c196458a4e0a4052bfd1354c564d8562.jpg,0311
c198a91b23d84302b67a79d94efbcb5b.jpg,0492
c19d1611677b48a6ab5b4f740c4be56a.jpg,0234
c19f7f7a259a4391b5c1754cb5b3f393.jpg,0325
c1a7b273b7ea40f6aa7485596af2b4d0.jpg,0305
c1ac33049c2f4df09f8bc2dfffede266.jpg,0244
c1b179b729e74e0f9d90f535c54eaddf.jpg,0491
c1b64a96e0454146ad6598c286b9a464.jpg,0490
c1b8150be8c44e3392526bd2dc469b28.jpg,0346
c1b86ba2324f409bb67ae489a72b07ab.jpg,0102
c1b8aab4c5ac497391e6e6578029eb44.jpg,0021
c1bb9967951e4350812c35619db0d20d.jpg,0054
c1bc54dd156b4e2e8fba24c1956c4e7c.jpg,0443
c1c13fe9ddd44379b5a5a9856b2f4524.jpg,0022
c1c2965f92414c929f2ab1eacc5a802b.jpg,0151
c1c5204229f9432d8c1b2f5f48155778.jpg,0493
c1c6066919b84aa9b8cd8c7f0e9bf24d.jpg,0473
c1c87a2aa1e044ae8f696c434284bd79.jpg,0307
c1cb33410a994c4c824dba9f9ac9d73e.jpg,0323
c1cd46e66efd407c8f5c0ac572ec50c1.jpg,0001
c1d02fb3307849cbbf3342822bfb0238.jpg,0131
c1d1ce8e4f414d148269474f5c8117a7.jpg,0054
c1d3bd4ba81f453d9873eeef1d569614.jpg,0371
c1d8f3574018479fa311f6a17f5931ec.jpg,0386
c1d9b6fa4b55451cabb0acf835fcb7fd.jpg,0001
c1df31d81d8f4388bd78d4dcdbfc55ae.jpg,0279
c1e78f0b6be2474bb0ba166c8fafe1f3.jpg,0184
c1e88c069cdf421c90d25149032bd524.jpg,0347
c1ee026683ec4d0c988685aed252bff1.jpg,0137
c1f4d9aa97bb473d9f875681e1397b02.jpg,0385
c1f66863e45a48349828991a0e44c1c8.jpg,0172
c1f77dd402e346959b8f379b81987f0f.jpg,0228
c1f886b8539946f1a13975420aee5eaf.jpg,0122
c1fb3a95c52b40d4a322135295476f15.jpg,0407
c1fd1cf4f38a49e48a65675694a6d510.jpg,0108
c20253f06e684e9c83d30d7b8074ada5.jpg,0194
c205a969b45f4a45a4fa08243b2a05a4.jpg,0445
c206721d49474ec4a7e8befa0049b55b.jpg,0434
c20c5e3591ea4ff0a52270b3ae41b92e.jpg,0159
c20cad792e6d41ef810d36f30ca68e61.jpg,0310
c20cdb6358f840b6a6f8c865cd847b7b.jpg,0263
c20e0bc0fcde41fa9a3d9b7de6ce27e7.jpg,0304
c212c879f91743a5ae8410cfebdc1d55.jpg,0445
c213b556591a45f1996f7b30408a9bf6.jpg,0189
c215340e9c4e4422a238e86df2932d86.jpg,0046
c2191e89447849acb6cc86eee3187753.jpg,0194
c219c43c93004e7bb00ccab107b1b16e.jpg,0275
c21a9e66d8664eb391b6e92f83604427.jpg,0069
c221ea35cdf34345bc0d1368045d301c.jpg,0331
c2265d3166604731a96bde433835e1f7.jpg,0491
c22717f09b15499b963035a152148531.jpg,0463
c228654cfa114e0c94f42bf167120f92.jpg,0064
c2297d3450454de495dc8262aee2ced1.jpg,0138
c22bcb1e611c49a0b5a58ddc8a0c5079.jpg,0319
c2303e84a3a34f8b9bf967047d55aab0.jpg,0089
c23ccb8569b345848df0a0a3c32589b8.jpg,0084
c23dfceb746c4eff9e76102e28e1f185.jpg,0433
c240a0e8caa4430aab4646a360ee2b6e.jpg,0274
c2458b992b9a4252868bbe15b1fe9b0b.jpg,0374
c24cbb783c71478bb3cf2a75dffac123.jpg,0374
c254e7b7f68d4e7c88dccbfda537b6ea.jpg,0064
c2581dcf83b04db38285569afa4c3cf6.jpg,0196
c25c76034d1b41d09334f7a12d807029.jpg,0051
c25ed11169e240f79971c24b032eb81a.jpg,0330
c25f4d33a893451896f85617429cbd8b.jpg,0099
c2601c03d7dd40a3a93c62f4840c6b03.jpg,0424
c2605d7c62aa427e91438c0ae9b4d4d8.jpg,0226
c26938deaab54522aa9f3bf4338377be.jpg,0274
c26a807da43c4283a407cc95a5e774f2.jpg,0076
c26bb7bcf4e64c8fbeda4ced71654782.jpg,0317
c26db15bea0644f5982f2b7489701f4f.jpg,0008
c26e2da647654ec99d1bed2d08228e43.jpg,0463
c26f2ccacb6c4aee855009e70d113b6f.jpg,0090
c270cdccbb8c456ba2df108f8e87261b.jpg,0001
c2712301efe8414a832393292aa16fa4.jpg,0421
c2715a8ac0e943d0b8c56fe5f1c402f0.jpg,0152
c2733a1b4c424a25a2179fc03c3c5a45.jpg,0353
c279665800f04f86b613e410680311a5.jpg,0191
c279bf6541324ebf852b6e405876601f.jpg,0314
c27b8e89e0be487f89440b30d81cf018.jpg,0062
c27cc93a130d49dd9d038e21ed3eb108.jpg,0321
c27d95cda268466b944a3a5f26133912.jpg,0338
c27d9d2725b642b084d2380b121a32a2.jpg,0373
c282e9e664704681b67a2a47d1ebb405.jpg,0182
c283d6d41b44422eaf3124518d3a0eba.jpg,0030
c285bbe6a7b543bc8a68b6619ecdfb7c.jpg,0143
c288364d24424393894e898d98d3efee.jpg,0138
c289a08424bb4027aae15427cf67f8a5.jpg,0141
c28d3291df2a43d78969f8fca34f708a.jpg,0479
c29047e9f79744679dd51c5262fcd135.jpg,0392
c29c4c47cbb04ffd89888429aa19037c.jpg,0045
c29d5051f1504a07bd1e2e2c70336c39.jpg,0060
c2a1e42cad00404c9ca89c99a7511964.jpg,0454
c2a53eac821f4983b395eaa45b44941f.jpg,0467
c2a61f5376b94c05b266f2bb14336d21.jpg,0176
c2a6354dba144e859a263d0959ebe060.jpg,0373
c2a75135a3a2478bbe4fe7179e2df32d.jpg,0358
c2a761031bd44feb96e1c094dd40576c.jpg,0091
c2b1ba4fe91747208a330297ef9a8a16.jpg,0490
c2b795e652974287b02954f6457665bc.jpg,0067
c2ba22637d3f4ef99026d83f41f35137.jpg,0377
c2bdc0af8e0b441a95e228c008b68885.jpg,0002
c2bf628f7ff842ed871d8a49aa453029.jpg,0013
c2c09ee6869e4fe48e2add7acfc8a1d5.jpg,0279
c2c701004e6c4fe79627fff697f6f205.jpg,0047
c2ca5c19abb14fa5ad8356fddb62f95f.jpg,0373
c2cb39b6c2924c8faeff1a74ab3a9b5b.jpg,0480
c2cbf5463f6e43eca3f65a454659b36a.jpg,0457
c2cc27bb44e94de8a2d462c3ddecbb8a.jpg,0104
c2cf16f66d914f71ba1738ab098b4805.jpg,0368
c2cfff247c3c4f4f9281099d6e121ae7.jpg,0108
c2d2356dc4104f399afae51ada1f743e.jpg,0497
c2d2a25107ce485cbeef1ac5bd777733.jpg,0361
c2d44a372401427a8b3854f1b8ec9047.jpg,0373
c2d4a4c745cd4619b0f5b6649533753d.jpg,0408
c2db4db42133474f94f7289af16ef454.jpg,0452
c2dc1a7c6d964ef381911b8a46f0d3d0.jpg,0425
c2dcb74856d64955b8d5e6ce08134cf3.jpg,0010
c2e2373314eb4b28ae340849d20221c8.jpg,0416
c2e277d5c8f6490b84b32cdb2077b942.jpg,0312
c2e2a379d00f4c90b750ac3d02fcd695.jpg,0189
c2e3d7c5faf74ce88e5a91f098f10606.jpg,0032
c2e7b2ba4510427aa403c681a488862e.jpg,0114
c2e92060268b4cceb3f75cee3742c644.jpg,0159
c2eb5fe5e3324bd7801e0855d6ffa64a.jpg,0491
c2f0f076b4634bb483595bae53a8b6ab.jpg,0382
c2f392d09bd74767bab7e0ccca085dfb.jpg,0205
c2f4f65dc0f34a8f8d435649dc080e59.jpg,0172
c2f5480e790d4ac2992bdeb865002720.jpg,0143
c2f74fd51b5d48c4ab4e7ebc32a0099d.jpg,0056
c2f75b56da76430e9ad9a9822a90875d.jpg,0394
c2f787f04945409691f5cd294e999176.jpg,0000
c2f7c104df414e59929d13fb83cf51e5.jpg,0340
c2f9ea0d555f4dd59a7a0cde584955d0.jpg,0425
c2fb6ad030c2420981627a22eaca6d65.jpg,0497
c2fbc571b46848259980eec782ebb879.jpg,0080
c3048a27be3c4ad6be8e31d59c1f9a86.jpg,0496
c305d4af6c5143079b094876f8f7a1f8.jpg,0306
c30706aac0614e61b1ee23a6136f2666.jpg,0460
c3093db1099e4d9ba48cc35f61313963.jpg,0079
c314d502dc744662bbf78756edd4d22c.jpg,0481
c31d0cc74b6b47a8b9fe60918a64e7fe.jpg,0053
c3227d283e8d4aa7a2ac0f6fdeb463fc.jpg,0457
c32285639a6946a4b7474d541486210d.jpg,0299
c322e99bfbb043de8e78748c5f518802.jpg,0247
c3255a9f8d6f4d57ae2a9d44ebbaae67.jpg,0438
c326dfcbad8345db8bf731cad1043e8e.jpg,0034
c32b56b3d66f499589e6cdf8f8b94008.jpg,0237
c32c85fbba8b48309e91b8732346ebeb.jpg,0128
c32e08f0444346c09d4b1f3eea700327.jpg,0060
c32f899ce1d447a8b0023b9d93eaf740.jpg,0124
c3309890ba04486b8bc7b17e2949c19f.jpg,0071
c3347fc9f93d4619bfaf25787244075c.jpg,0328
c335c030008240bcb18990d6b9dafdb3.jpg,0119
c33790c4372d4391a70e263aa5e982cb.jpg,0486
c33885608b864ab197733b542ca7cc7f.jpg,0156
c339ed9f516f418692a88b97922888bb.jpg,0454
c33bb1dff27b4b86a9cb26ce76bf460d.jpg,0257
c33c22e330614bd1aa0ba6f2a0300a91.jpg,0058
c33e51c5716a4508b6c3788feaaa4ca4.jpg,0495
c340f895ff9a4be5a7d5c139ee823649.jpg,0346
c34158c38bf74d338be5b73b099bf740.jpg,0196
c34689ccabb848e78328a2d8ddb0b1b0.jpg,0103
c349ef6afd0448b18fbed3c71c8c7f86.jpg,0121
c34b1643cfba488b87c8f11adfb4e5b7.jpg,0374
c34dd53bd7de48da85c024da0cfc8285.jpg,0352
c352c453dac14e2eb8cab8b987582da5.jpg,0126
c3531e7a205245c0bf819882ce0c28ed.jpg,0274
c35b9e180ae945d7933ca3692ead3047.jpg,0326
c35fbcec75f24dd6bf1e3443b4d952c1.jpg,0151
c360bcecff2446c9b67ec7306e5cc33b.jpg,0159
c360d6d2a595433c824aa41bc30acb42.jpg,0080
c360e3920a664c0f870bdea5310ae238.jpg,0114
c363466a04054293830ceef636c8ec64.jpg,0484
c363727824fd48e6b08435e9b7d5fff5.jpg,0282
c364c0d8647d4a4d8bbd9d3e4126642d.jpg,0411
c364f74ad7964fe7af15ee249084d10f.jpg,0484
c37d24c862e54c8189b7f653dd5cddf7.jpg,0178
c37e02ff051241bc9f8dabb556dd893b.jpg,0034
c3811b920e434cbd9be7d4481daba880.jpg,0419
c3819ae0f5c547fea562e81cfa0e04df.jpg,0367
c381fb7a08d943e1875386a5a394f7b5.jpg,0237
c38473fa9d7744149aeab7edf24e0c43.jpg,0140
c384f337f28f42fe9aa3439d20ed0da8.jpg,0310
c387a48bb5204f64941d6afcbeb700ac.jpg,0367
c388e38e1f4148d1820ae6a8ebea01a2.jpg,0008
c38a8542e75546abb3310e8ed35cfbb4.jpg,0091
c38c37e0a1794230956a819e36e47774.jpg,0474
c38c9dce2ef74607958a702ee05ff8b1.jpg,0406
c397044ce33f4d50917ae6f00318551b.jpg,0243
c397ff7e4e2b4a1c895fec06baaffb92.jpg,0109
c3981f4c64c747d2a8a21d4eda2171c3.jpg,0022
c39b31b99ac04427ae3224a5c1042eb3.jpg,0313
c39efd23ec094f4a997b7244c0af9118.jpg,0077
c3a1bdfeb12243aa9fc6093d6c6153bb.jpg,0281
c3a7a23b61424aa4a9fc8b9646990466.jpg,0033
c3a80f6b872943f79bdf344db12d86a3.jpg,0417
c3a93f0a3906494c8d9bd09019d623dc.jpg,0473
c3a9ad4722204d5c96d1e5d6c805279d.jpg,0223
c3ab6655f17542d19bbd861e052d99d9.jpg,0205
c3ad9f57f37f4ff49ba9ff0310209566.jpg,0063
c3b1a63d7c7b454a9ead36b413749631.jpg,0251
c3b2ba3870ba47b9932d9dca0874e4de.jpg,0319
c3b7ec88ffe143c589acec85a2f5cff7.jpg,0443
c3b84e75d82c4117b4c01c899850ad0f.jpg,0196
c3bed907bc1341268c565212340470ae.jpg,0045
c3bf3641480b4998bd0c329ec409fbde.jpg,0449
c3c457777f6e4e0abde9641c6acd4343.jpg,0202
c3c4cf0375974aea86a7f42fc32a6a68.jpg,0454
c3c77069a5244a359d7fee88550a1167.jpg,0133
c3c8549600084ffc966194bc9f50c0b4.jpg,0366
c3c85d273b6142379530215835c43482.jpg,0355
c3ce186813104abaa7e331b73ac71c00.jpg,0239
c3d0c6f34d8543d0aae5f5261385399a.jpg,0096
c3d3c23d7d0f49f28c2eae3b836d51bb.jpg,0326
c3de43860d564e0b81a88a16b3e29173.jpg,0301
c3e4596b1e044a4d83794193fc845fca.jpg,0244
c3e5de3bcc644d5d8fc641068f6a5064.jpg,0000
c3e7f97b8a4a41e5aa654ef9ea413bb1.jpg,0346
c3ead6d76ff542c09af67a8cecfeb8c0.jpg,0469
c3ecf5b10ba64c71b32d61a60511acb1.jpg,0363
c3f11ba87aa149d0895460b9a062ef9a.jpg,0092
c3f20ee92bf44b1badab767de9a9a945.jpg,0226
c3f5f591b96946f5a08b92ffa5b8745a.jpg,0482
c3faee678c56477196b069ea1c9d76ee.jpg,0062
c3fb3c2b08bc4cddbd8fd2175e1856de.jpg,0467
c3fd77a86d2844f0a288a2f120bbea4e.jpg,0311
c3ff84c4de6347c0b40b79e34bdb1a60.jpg,0151
c400bd45f36f4512801d557ba14e5732.jpg,0365
c40289fe0e0845dcbef79ca71c485de0.jpg,0442
c40521e960d44391b70f416e82b2e6bd.jpg,0141
c408ded0d54143119a42a76f261b995d.jpg,0394
c409217c52b04f1bb2f9b8af30efc0a9.jpg,0143
c40e8cb117da45daa0fcc8bd4ba2d3b8.jpg,0119
c40ffa702884437486090992e36460db.jpg,0185
c4125ff2130443b187e3ebade47a83ae.jpg,0286
c4138fa6a49f4f4c9cfb094ba5e3fe74.jpg,0216
c415e64aaa064ea492755d9cf38a38e3.jpg,0401
c417af21636b46aaa5ad4cae65536659.jpg,0385
c418439c9a2f49398382e21145eda6c8.jpg,0211
c41e185e2c1145c68ffcffbef8c4930b.jpg,0026
c423695514204b0685f606a18b4acb2b.jpg,0307
c4277f065c09450db237168302a6b1fc.jpg,0041
c42be653c75545818f86b3c1c55baa6b.jpg,0350
c431c0b85dbe46788cb6cf4dbd45e1cd.jpg,0216
c43928d06a2645428840744c06bd8ba1.jpg,0158
c43fe40fa1d744268e283bfcb2001ba2.jpg,0345
c4415c2358ab456d889bf82fef0ed186.jpg,0222
c4465e4495854775826cd3a319b02160.jpg,0120
c44ead5165924c99b4a96ffd64c9e969.jpg,0135
c45c42c61cfe405f82c7bd82aa0ea9f2.jpg,0325
c45e53ac76274a5789c2880c6300e100.jpg,0001
c461a883154f418d82d4c075ba2ca6d5.jpg,0324
c461b8378f144be0b3da3c5d286d3ebb.jpg,0375
c46a6780b09d426ca182670495e6a338.jpg,0430
c46d185c8b944c09832b27d15c55ff40.jpg,0281
c46dfedb38e2499e9392abd92ad98b7c.jpg,0159
c46f823b25bc4e0b8a3abeda2f67674f.jpg,0040
c476e410f5f74449b268ea410f2431f3.jpg,0483
c47a8390371a47d8871e4b602e329a66.jpg,0453
c47c6d956ad042bdb5a88b5814846bd8.jpg,0155
c47dcbb781a64092aa2679511b955f8a.jpg,0270
c47e521e53a5496bb788a7114eefa703.jpg,0465
c4816fd2dcd341769de539c7648d6ece.jpg,0433
c485751e53fc4edea15b51b691a3639a.jpg,0474
c488193d7dc74f3c905d6ebe1e686fba.jpg,0269
c489f62c240848329b599c9f503b6307.jpg,0243
c48ca4e280f54d94beab7ea3d3ec4758.jpg,0358
c48cd1fcae48485db2eadc15b5dac932.jpg,0000
c490d0cdcc07447d95fa6be1d4451677.jpg,0019
c4932a15ce334b148e08ac527871ebba.jpg,0192
c4979a6db9be413193d4bef2c220e7b3.jpg,0111
c498414dc1624f65b9539d94616520a4.jpg,0179
c49ff72f1e1440f8bbf4c0fbba76c5cc.jpg,0002
c4a22c99750d411099c184281b33c2e0.jpg,0040
c4a5b4d7daf246f0bcbe0e5c19eb31e5.jpg,0323
c4ac1fffcc704c98935aa5be82d01324.jpg,0345
c4acac5f49d04e8c9b8a0f0e4a394247.jpg,0397
c4af51794dc249479ad6073a7f8910dc.jpg,0289
c4b1caae9c2f466189ff4882cfb3e7c9.jpg,0475
c4b2f8a3f5d4426b91f678052a766fe9.jpg,0263
c4b4bc105180459c9a7a615cc0a9f4bc.jpg,0314
c4b7724289d14cbbbc784e086802f7f1.jpg,0329
c4b7d55544f547c2aa2a0bd29ff371a5.jpg,0186
c4bdc55a0bf24e6ca197dd01495a08ee.jpg,0066
c4bf4160d0cc493bb2b84e1ecf30369c.jpg,0101
c4c7a63fd53e4adca30c8d8003dcb8c0.jpg,0373
c4c92e96513140fc86d9c27050c80490.jpg,0149
c4c978853920472f95aaf77a696252bc.jpg,0274
c4cb9aa9706942fbbf5d60ddfb375857.jpg,0421
c4cd145ab5b5425183c86cd16ef673d2.jpg,0321
c4cd71e47ac849f5ab2e86336e9ad341.jpg,0462
c4d494d593164757b22337ce1b98c4ed.jpg,0276
c4d4a97932aa4580b7083a7e605b3b0c.jpg,0405
c4d6c80bca0b460fa516819e64bb0a85.jpg,0393
c4d6fcf886e44aafb6e66dec4bfc49d4.jpg,0356
c4e49085a31149a2b623d17f5ec4c2c4.jpg,0354
c4e86fc21978429881c1dc13fac33239.jpg,0019
c4e88ba83ca64563b7f72375123f0261.jpg,0393
c4ea1bd76f8b48f683377e910bed708b.jpg,0236
c4eaaba482fd4d91819dedd62c74c7b2.jpg,0235
c4eb798397904093b0f9c56b824c8861.jpg,0095
c4f034f6fbc44b5b8ee5f44f28dfb419.jpg,0297
c4f334afdc744a1eb531501059ae3cb2.jpg,0141
c4f4cd873b9049d597bd303d29ac2ae1.jpg,0265
c4f50d11b5c24e0ea7a758f79e200fac.jpg,0017
c4ff952188b34303a5aaf983fe42ece1.jpg,0026
c500fd1ea6f546d3b2979f98153c9a44.jpg,0042
c504a32a2d5f412ab4382bebdb528aaa.jpg,0391
c506e8ffce7b4a6787e3c2dd226c44dc.jpg,0302
c507329b40e64439a4f3af47524aa29a.jpg,0068
c50a9bab82304031aef3baec90bf5219.jpg,0392
c51609b7464c4262a8214712ec581cab.jpg,0118
c5182e336181430297fc88ff595d04be.jpg,0239
c518e1ef1c80421f8572898ad4218f5a.jpg,0026
c51bbfd3f9e746359f07d1e6911e7203.jpg,0457
c520f58c9c45406b8cd66fa713baafb0.jpg,0063
c521c247813347b4add0fe7f98383524.jpg,0131
c525c3f89172479d98376f9fc9431b6f.jpg,0284
c526d10f7b974a9285f48fc4828fc0c4.jpg,0267
c52dd7dad94b4bffb170473062c6ce4a.jpg,0300
c52e90ff832046988eda381812b1f47a.jpg,0345
c5333eecc1914474bb31a9cd4a190334.jpg,0210
c538881bb9b64a0ab77fd23a8c20eb1b.jpg,0473
c5391040c1e94bd2aeb2608741fb5955.jpg,0208
c5397b6ca66b4d6db1bf1cdecc2b7e94.jpg,0259
c53b0011afee4907a8db7f999c423a13.jpg,0220
c53c299c7f0e41d682504d437fca4f80.jpg,0147
c53e16967b2d4fa9880929303525945e.jpg,0169
c53ee85a3ed64ffc88c3a6cdd667f72e.jpg,0182
c53fea037c6c443a95d42962a01df6d1.jpg,0387
c5403f2663c148e28c0b747e0d57de59.jpg,0230
c540f9ecdfac488ebbce657618f2ccfc.jpg,0007
c547080c83fe401f9df546c3fa4daa2b.jpg,0234
c54895ca59ff467ebe09fdfd7fb41766.jpg,0353
c54935a68c0c4b559eae9b8936853b37.jpg,0291
c54deb12ae2d455fb4f581505b633dd3.jpg,0082
c54f53a95a0b42c9983b10d3ac3fa4cd.jpg,0219
c54fdff2894a4ddcb96dc401885e2320.jpg,0226
c5500e71e4194ac1b81f3f4320d52657.jpg,0363
c550f585b3274956a24ebac88bcb7654.jpg,0014
c5544316fb6e4223aaa34b1eef3825e5.jpg,0225
c5549a9b10a34b3aae09abd545010303.jpg,0187
c5555c697dc94958b18482e78674ec12.jpg,0349
c5567cd2b74943f7bf019fd1ea4eac96.jpg,0288
c557e28c39e14298ad3afd83b8784398.jpg,0168
c5582e25c48f4977af5fb13a6966a99d.jpg,0308
c55a1c1725054ab4aad56df5cb2a9eef.jpg,0234
c55bc6d8961f40de89639b63acdcac80.jpg,0163
c55ff9780a84405b9b56360f2e06c5be.jpg,0030
c560d665a5e1433bb439526613a962be.jpg,0100
c561b642ad974206be0148cb28e6ea70.jpg,0122
c5642cf796d64a8698f8c077f08acc53.jpg,0418
c5694ec477a94473ae9fd1bf1390626d.jpg,0381
c56c0bc4132245de925784991cae471c.jpg,0211
c56d927c38814deca89bf1c06ccacc7a.jpg,0023
c56fad6b66314a6aba9f6286295c2a25.jpg,0008
c573edc2f8094bcfa1a7bf789e44547a.jpg,0248
c57a27cf55af440789678967c9ffa8ad.jpg,0188
c57f0b00f5034bcf9557885a318facd0.jpg,0199
c57fd2953f504f478d26c817a7f3aa7e.jpg,0338
c5832280e5734e779950773768d8d28e.jpg,0183
c5889c4a16ae49eaaf298ea66bc835b8.jpg,0253
c58a28e37be544238a41e707d589f065.jpg,0420
c58ce9cc9d8348c1b6a39ab7774cd768.jpg,0233
c58e4d0df13b49e9bd4c3ec97eb09cbc.jpg,0432
c5939339d75f4f2f97a868a059d66c43.jpg,0205
c595026443f24befaa26f07c7b00371a.jpg,0363
c5975a93542b4a4da34ca41dad302cd3.jpg,0009
c59955a9e0234a27a9568498354bf40d.jpg,0065
c59fdb8aea5f43819d0125a63c170f60.jpg,0008
c5a10292e18b416b81aea4ff1f7d58bd.jpg,0176
c5a3a5e05e89475faf49fc4950e645df.jpg,0384
c5a4552d73a54437b65a8e0bef2488a1.jpg,0415
c5a5aa43418849c2900dec3e12da49bc.jpg,0202
c5a5b5df7ca84f5bb1d84ac3018226b9.jpg,0233
c5a6bf815c5d49daa9152dcdc7016770.jpg,0192
c5a73aaa89304cd2a9538faa867dbe88.jpg,0226
c5a7639014124b3ab6e380da351202e1.jpg,0256
c5ad8a5f9baf4f52b8da5dc6f9e43a38.jpg,0260
c5b0a8310e674c42a57e1cbe6396f3ba.jpg,0101
c5b272e5fc004dcc82778762fe8583f4.jpg,0005
c5b32df69b99431684933d73e8c2748f.jpg,0268
c5b3f00af9634f2f8f88de249f6a7a56.jpg,0237
c5bcb21894414edebd2438a2533d24ee.jpg,0211
c5bdfc94a7324d3289aceabd497189d7.jpg,0439
c5beb9874c674d7b888041e97c8c2510.jpg,0324
c5bed2e334ca43969e12fd216112e59c.jpg,0119
c5c4eaa588f34eda98a5749502c8c652.jpg,0018
c5c5edab7a904ec1a3c6b4e52b10fc07.jpg,0192
c5ce30f54e4947c980076cb5e1988017.jpg,0136
c5ceed3d6fce438bbe543e63607edce7.jpg,0261
c5d2ff1de052466890e138854ed54974.jpg,0461
c5d34c5003414e338671811a3748e830.jpg,0222
c5d388f383894ee38fbd9ab276a58a14.jpg,0219
c5d86b8d1fbf452788b683d9b76e7e78.jpg,0147
c5d9c941f49345188aa0a543f17eda6d.jpg,0215
c5db1bdb70a3466bb722ef15af543821.jpg,0420
c5e351782ede46bdafa1e041f7021686.jpg,0420
c5e3b6f0646044d28eef808cb7515b67.jpg,0482
c5e7148d70d543ffbf73d431b8123e73.jpg,0232
c5e9273136c5439096827fc4ee82c467.jpg,0163
c5e9b12c3ee64649b062f773a10b8d90.jpg,0172
c5e9f125a07f48f6be043d64f18718c7.jpg,0384
c5ea1a5517784746be2fb81cd94a0ea7.jpg,0322
c5eafba5e14d4cf8abedeb110671d082.jpg,0084
c5eb01654c2f46808ecec27f54c6d40d.jpg,0498
c5f194ef14124e77bbf18af8c555fbb8.jpg,0398
c5f2228283d7441f91129f199f442624.jpg,0426
c5f3892bfe1a49689c526a93a8667f82.jpg,0006
c5f5212e37d044a899a236ea1af3988c.jpg,0221
c5f587abeff9445098d2ac2aa2adbb20.jpg,0351
c5f5e53718dd4009ad9a1f995ed8ed9a.jpg,0060
c5f782e99d0a428c9cafb551fd6d0274.jpg,0185
c5fcfdd135f248818f7878d58569643c.jpg,0398
c5fd4d0f9dd2453d9071b58b35bbffc1.jpg,0079
c600f7b49f974c09b99125a001b56f60.jpg,0122
c604069fef5d47aea5a2d58a030955f2.jpg,0334
c606e05f88244eb88ba3b9f4a2b8eade.jpg,0152
c6071eb550c044eaa9aeb317910aa2ce.jpg,0037
c6090bb7fa284be8b9b52e29f05ec96e.jpg,0466
c60b424452274bc7af2711d4f043c96c.jpg,0231
c60ca13916ae4f41a460670b3deea208.jpg,0349
c60dc71041734e88917cbe34d15947bb.jpg,0437
c60eb34027b942eea15d7a3be3f60cd3.jpg,0499
c60f449f0ef140f49f8ed18d27a03ed3.jpg,0269
c614ab539580484b81074d6222a6876d.jpg,0194
c6166ec7364148d6bded478ff6d2fc60.jpg,0240
c619c21dfc704906a272e2fdf3de530b.jpg,0380
c61a0bd77d7a4eaeba3bd7e6a2c0751f.jpg,0189
c61a12838aa7499cbdd6eaa8bb28a1fc.jpg,0057
c61bbd336eb14549a70697be2d18186f.jpg,0065
c61c81d77f364f71b601a58b192f607b.jpg,0349
c61cf0f794dc4f2b95d9b0133d73cae1.jpg,0291
c61cf736a7e242198bb689748c2c7643.jpg,0033
c627cf35401a4bcbb45172d2c5c66326.jpg,0374
c62b8b275d3a46379795a4b51032edca.jpg,0125
c62bd46971174d708681a7ff4712e1df.jpg,0474
c62bf0319aff44579bde8ed17504b6e5.jpg,0210
c62d12b31c4d436fa7ad9d68b1df9cf4.jpg,0034
c62d5cad48de4e4c86b5e1b4b71965e7.jpg,0326
c62d9f1052844640aa2cc3c420a957c6.jpg,0108
c6337508ce244324824eb741c4ae46ef.jpg,0078
c63f5b675d0c438f8a59dcd0ba4823af.jpg,0329
c64888073cc54fb3986f50dc6cd1e3e9.jpg,0423
c64f3040587b43889d9ef9bfbed70005.jpg,0210
c64f9dfb4446406ab1475eb027f7b15f.jpg,0323
c65111551f5d418a9fbf24735963cab9.jpg,0162
c65597781d81430eb31d2dc94baf5096.jpg,0197
c65695b4ca6c48b69727dcd1cb3c3f3d.jpg,0277
c657cb2d493a4a9c9f86e68d4138530a.jpg,0178
c65a5b5b363f433498ad416f1065b2c6.jpg,0325
c65d0b3f73064654affb62f3ea8e9f62.jpg,0130
c6613bf8070741a38ff18572e54c9f3d.jpg,0004
c66755fc8b154396836f639fdb55ec1e.jpg,0235
c67309fa108946d280302692bc6cca46.jpg,0199
c6792e7fbb3643b8865d6efdc0ec401b.jpg,0207
c67c2b93350c47968d17adb6e570c946.jpg,0435
c67db4aba8264db3ae7e0351ae4ca547.jpg,0135
c686ba57a7da4e378f59e4d002221a04.jpg,0408
c68a61450fe84acc856e300b8aabb003.jpg,0142
c68f413a5266487dae01235fbbdcb979.jpg,0422
c690daa27ff24d6997959e364159956a.jpg,0215
c691706ae411492ab4598e24b09ebc66.jpg,0488
c6919077b68f4c64939801ce3230bff4.jpg,0417
c69300556b6e4e60af9d8f92f692d0c6.jpg,0244
c69468f9d03f4d96acfa16b65ec93441.jpg,0170
c699d30f18ab4be98178c8d0f0013a34.jpg,0248
c69d80de2bc34fd399900a66d870b485.jpg,0391
c6a49050e5014a59a511760f3570d836.jpg,0268
c6aeca57cb124f8ead39dc1f804e0404.jpg,0067
c6b01d82bccc4bc5bacec9d23813e671.jpg,0338
c6b679b2925842528849cd3896cce0ae.jpg,0416
c6b6c6f1e4904771b5170d113b654885.jpg,0246
c6b8262b32864a2ba0ef1fd2965c9634.jpg,0251
c6b8abf65ac144069737fedfa66e1d1f.jpg,0491
c6bb2b09998447b8bd489268f9cbf7a7.jpg,0176
c6bdbbc72236452fa35e23a5b7e32d22.jpg,0332
c6c0cd8280644fad87b5f91c54233ae6.jpg,0301
c6c2f79cedfa43f3920dc4b4038da1e6.jpg,0315
c6c61f4591d74766913d21e22f021431.jpg,0388
c6c652ae920c4167a485bb9575d938c8.jpg,0487
c6cd113668b349198a70b303e5d0e77f.jpg,0390
c6ced1743a5841c9bddb5eeb6e6815fe.jpg,0022
c6cf37081ef848ca94a0e32007e4fbff.jpg,0201
c6d1b4d8279f4e9fad25f263ccfe67d9.jpg,0422
c6d65ba4c60d4a0e875de8c0635c017c.jpg,0282
c6d79235ce55440d97e6f2a7db70bba6.jpg,0322
c6de857bb9794194806cd9d028de7a7e.jpg,0194
c6df126b2dc741999ead6d8a3142c7a5.jpg,0156
c6df1ba731de4ac5ae477bb85ecfab39.jpg,0210
c6e5a295313b4bd4b2a8b9f52b4e91da.jpg,0471
c6e6f4c81ffb4299bbaf1c0db80735fc.jpg,0436
c6ea3ea3749345448032cf44b5511fd3.jpg,0362
c6eb6582c267401ab54f871574d12dd5.jpg,0248
c6eeb5fbb069487c8088f2772ed53788.jpg,0121
c6f0ad2cd67b4e7782d343a4bffd9fca.jpg,0313
c6f4aa217094471a940a3d547e243db8.jpg,0064
c6f51a0ef7644d1fa79123676c941c9d.jpg,0069
c6f6e689774f46758728f188113c7e15.jpg,0030
c6fa63433be148a2befebdd94aee3e6e.jpg,0433
c6fabcab15884a0cb9a84bde52390a6f.jpg,0009
c7017ae5914c41f7ae95e4e72c6a1543.jpg,0384
c701bbe3981f4979a28de93fce627044.jpg,0115
c70436165b48482ea2cac75c588ba3a3.jpg,0169
c7084c19c4754103ab6671b8d775d126.jpg,0006
c709c75bc35b4d74b0719154aac0e80d.jpg,0435
c709d9ebf6dd4f02ab098a4be54a21c0.jpg,0382
c70fb74812a5401caef977404701a9e7.jpg,0172
c719020f615f4ce99051bd9b2382c54c.jpg,0156
c7193248d27b4b3589b7a9b553677532.jpg,0438
c719e4cf144a456faa3a092fa1e553a8.jpg,0414
c71b49d75dda4b268e7892bd1ebce04b.jpg,0117
c72262fba2a243849c6e54f40f8411ee.jpg,0399
c7241c2e66b6463e80dc57b551156ac4.jpg,0005
c7289e470e3c457397876d21beeb0449.jpg,0272
c731010823694903ba6ed6497941b741.jpg,0471
c7330cdb086043a9a0b65b510211990e.jpg,0010
c734f9fb40714ffbb9be9aeffeea3ab3.jpg,0423
c73856cbdea44238bf1afacbe6b7b595.jpg,0202
c7398ce28ec642ef90e13de20d637f8b.jpg,0397
c73c5e129ce14a838e83aa169129be1b.jpg,0330
c7418a804848459fa1c1ce6940f1ea85.jpg,0365
c742e9232dcc4a019d404585abc5c15e.jpg,0363
c7431c1102cb43379da48a7a4f19efcc.jpg,0498
c74d322baede46c1b1fdee4b80b0eba4.jpg,0154
c74d83d8d85d47e0b36906eac911217b.jpg,0144
c74ddf59106646d7b9aa2144b74c8ac6.jpg,0101
c7536f596a644c1a912ba35717274ed8.jpg,0259
c754799405b5421e86a6b53aa21ec24f.jpg,0318
c7553c2f19cf4279a96529f8586614f5.jpg,0497
c7586bd6baf1473eb00c13bbe98eddf9.jpg,0233
c7592c5be1b14f0d9f1e523e7c28a0ff.jpg,0105
c75e67323de244bbbfd397f8eba20c8b.jpg,0307
c76404580e3f4fc795d8171731d9bf05.jpg,0455
c767108ee79b4f998bf73ff9a95c9ac1.jpg,0252
c767b2a576eb4d37ac5608a3b46cf237.jpg,0477
c7699e72c59743449644b8f7cec9fdfd.jpg,0366
c769dc8cc37444b5a8a96dc2df6b4a13.jpg,0476
c76b66a341254ba0b9821c9adf5a3499.jpg,0051
c76b677cda494fa3830c5eb8e375e3fb.jpg,0110
c76c2fbb8c784cb3b2798cfd1f9b926d.jpg,0299
c77042f375a84be7981b30bdfd05fc3e.jpg,0077
c7718f3c5df04dfab83ba44a8fa65d34.jpg,0492
c7771f516baf4eb0a6c271c46fae2a81.jpg,0310
c77a95fa71374c3d854d533c89318ee4.jpg,0039
c78267cccb384a7c876f7b31a1e73353.jpg,0005
c784e3b1aa614f0cb4225bb7d4ef3e09.jpg,0150
c7857218afa3480c9217b62d53297957.jpg,0450
c78d6c115a9f4ba1a777687432f8d785.jpg,0494
c7912bc6d5f14af79cadc380e0f1dd09.jpg,0463
c792d0adedad4c3c91ad8e841f1080a0.jpg,0249
c7938384f0e44551977eeb0bde12f1e5.jpg,0407
c796bf818e2049d3839603368e0798ab.jpg,0156
c79b914df0dc4aada38de8c102531893.jpg,0329
c79e3eadb7554f4486c2d116cde09e06.jpg,0301
c79ee66d19df4949b70616fbd874f4fd.jpg,0148
c79f4644d26342238ff918c7360fc3e5.jpg,0062
c79ff52dbcb24ba081455b8c1cea54df.jpg,0485
c7a2d135759a411dac940c34fdb57883.jpg,0137
c7a36add2c2f4a9ba4f949e53881332f.jpg,0098
c7a3eb1a8abf4dfc8bac00d5ec5c7d17.jpg,0007
c7a456dc3e054eb4a58c084ca77998b1.jpg,0233
c7a4b8fa2c654017853f6bc0cc74d84f.jpg,0463
c7a5ba835cc9474c8b61b079e736a5bc.jpg,0281
c7a6c869fa99455ab60a00107b794e48.jpg,0077
c7a78727a0b943db9712d5336b61abcf.jpg,0158
c7aa6d4e3db346638e7c654228483b87.jpg,0375
c7ab2cea16f74dc7832b0ff50fc725ae.jpg,0024
c7abb7ffefe84ad59e15210b5956e619.jpg,0474
c7aeb73359a04aa482887497f3726923.jpg,0452
c7af1edc03f54d109aee0ba2398821da.jpg,0264
c7b0f55eca644de2b7f9d180a9695684.jpg,0196
c7b251586cd94aa7be73fe3d5c3136f9.jpg,0396
c7b292c4a715405db88c77e29fe09235.jpg,0170
c7b5a0cdaceb4c61bee71e22ed9aa3af.jpg,0196
c7b6ba1934bc4c98a996d764cfe00b5a.jpg,0378
c7b6c8de053045b187867a1eb09d41a3.jpg,0120
c7b8dec53f2441e59d73705dfbad22e1.jpg,0342
c7b9ecb1fb9341dab625a93045128737.jpg,0083
c7ba7b50153540fab22e3d101dd0c565.jpg,0301
c7bbbc5b2e0c4ddc9632f5b11b8eb3f4.jpg,0431
c7bbf4e459464b6099143a78d439c408.jpg,0067
c7bce021823d495e87a02aa6b3817764.jpg,0484
c7be69be1d664a30850f5dadf1d29b44.jpg,0122
c7c019186b4a41a18b9b709f3e9ed6c2.jpg,0357
c7c1743822fa4dfd86fe626dabdbf6e1.jpg,0251
c7ca38e72559469687cb75994b751d56.jpg,0157
c7cbdec79ec34505addd5e32bdfa1de6.jpg,0151
c7d09a40b9ea4c249c4e79101fe532a8.jpg,0019
c7d0ad48201e41e6bb04377c017241a4.jpg,0168
c7d224a7cf2348fdb1636131ffe67576.jpg,0460
c7d25b59ec454f61a5bf81b86c295383.jpg,0164
c7d8b8d53adc41c2b011a09d12ebfb2c.jpg,0317
c7de9c715015453cab12c7dd99d73785.jpg,0064
c7e0ccfac6ed4a258c819b540d383043.jpg,0418
c7e3415a44df4191843885275b252fdb.jpg,0294
c7e9c34a61394ea4acae4838d4a0a416.jpg,0214
c7eb007f613047c4ab9472c72c59a82d.jpg,0253
c7ee04f138bd4cfa933276260142d587.jpg,0498
c7eea9b9ad314b878f0ded5cc093f3eb.jpg,0249
c7f1ce71451b4af882ae043bf91eafd4.jpg,0366
c7f3d65430db4629a3943767cbe33e59.jpg,0068
c7f78ab031794e518f1f7d460c9b0f0e.jpg,0128
c7fc98a78f574bbbaf5e78abaf5ebde1.jpg,0016
c8014f59b0a749fc8592e940c882045e.jpg,0032
c801502e5a0f45a39103127fcfa6477d.jpg,0404
c805423a134a47d685bb49de100e4777.jpg,0150
c806fc4725b54c7eaaa9d51ced0f2939.jpg,0093
c80c585dc0464f8eb5b478bdfdddcb0f.jpg,0044
c80e414865c6454f94c50d8316775b40.jpg,0282
c81072605826420db3cc2958e682946e.jpg,0407
c81157b79b774bf4a19634e027434905.jpg,0251
c8117ee086454e199a7b0d74adf41057.jpg,0078
c813facaeb18437faf2aa7bbcef8ddd4.jpg,0312
c8148a4736704000a3b7379b07df0788.jpg,0134
c8153fe6a51e46a08fb09c86cd031535.jpg,0176
c8174a791dfa455ea56c446ba9a76312.jpg,0087
c817cb744e944f6d90b63390a7d78830.jpg,0318
c81c828ffb884277853c2d1f32147aef.jpg,0248
c8217c765f94479ba90ff1da3d7b8294.jpg,0449
c829cc56ed6241ad899cb577aa81bba5.jpg,0432
c832f40050364853a61b61ce431ef4f8.jpg,0106
c833ab06322d4a5385613942ea7759ad.jpg,0303
c846f240e11a41c3909d10d30e671e47.jpg,0499
c847bec5c49f46759f0053b4c468b849.jpg,0123
c8492174838e40acb3d4adb7f5f11c76.jpg,0496
c84d68104f024909a7f75e89110d239f.jpg,0061
c84ee9d3aeaf439f90f1482f2561a3c8.jpg,0344
c855a5e3585c49ba89aed11dd1c83dd6.jpg,0138
c856ba013ba94c9da49ed96bc9b7ad71.jpg,0015
c858d7d29c0d4b52a79859ad5b5b9f5d.jpg,0475
c85950b057e74709acca4ba30376c586.jpg,0083
c859d07476ab4d21a711b16792aa3ba9.jpg,0112
c859da4d4b654d6191eb81637339aadd.jpg,0429
c85a2c29f55d403e85f68b3cdc493f6d.jpg,0216
c85f3ab860a04c418d2b3481e8147cb8.jpg,0223
c85f40ad408949118f0e186d34c2471b.jpg,0339
c85f7878b27248da89006ec3eddc99b6.jpg,0026
c860e396d108479cb0bbe304aa2b8cbc.jpg,0239
c86240dcb3cf4c13a43fc56612c16e5d.jpg,0390
c864066d97754f448d8d3db9e36a4c6b.jpg,0285
c8666172e1e44a249541ab1c9b048539.jpg,0361
c866df6b68eb43988f1771ae0b7d14bd.jpg,0041
c867c18bc0c948f4aae4a34d692aa600.jpg,0420
c868ae8b068a4b288ff1e8162460c3b5.jpg,0349
c86a2439d364443ab76818dc8b0ee9de.jpg,0434
c8700eb6b7a940f9a87ea6f1236c519a.jpg,0093
c871119e64d34c0cafc50afb1f53f90a.jpg,0482
c8711a7759da45a5bfd391aba8c318f9.jpg,0282
c8716440c6df4f838de48dc7eaa63be0.jpg,0061
c875b1eef83441f6919f94d45f1003ba.jpg,0359
c875dbd142e34d31a0b453be17c91bad.jpg,0289
c87f6585851e420380dcfef6bdd34d71.jpg,0013
c880dd61bde74de198eeae8da841228c.jpg,0358
c88b22e59c1f4cddb461872cd5fff241.jpg,0477
c88b526c9a4f4798bd53f9d7e1318702.jpg,0231
c8900a2566b04b67bc6d1e4afe3de569.jpg,0103
c891c530fe6c49049c69048b201213ad.jpg,0173
c892c0f63caf4d0ca3fdad35ad1d09ab.jpg,0093
c897515f0aa447d681260298fc1f9d74.jpg,0386
c89a2537faef4b6cb2c8b9c858238665.jpg,0022
c89c5b126f5e483a9c1444bf8cba6557.jpg,0291
c8a308f04f244b55b5e21dfa662a3f19.jpg,0090
c8a8b8d526304433819b74eb91399e9d.jpg,0001
c8aa0a84911e4c35bcd8c702f5e09be9.jpg,0009
c8ac80cd598b43d4822c0f90ee2ded42.jpg,0298
c8acdd0a69874eb7a3c6ddfccefe088d.jpg,0337
c8ad8be37f864236ac0663a5c4b4d193.jpg,0453
c8b13a06618448a0b86ce50401781da1.jpg,0378
c8b555bd3e8f4489ad340d0a95ccdcee.jpg,0179
c8b64beded2c42aaa55e7b0a14cbe925.jpg,0309
c8b96a2e2d1741e5b35df6c95cb91fbe.jpg,0491
c8bba5462c784fc09d38485d87657b78.jpg,0252
c8be68f35d3e4e4eb8b55e7c03971db6.jpg,0410
c8c04d588da2462f85014b5df347e2da.jpg,0365
c8c0eafa83354ce497e5fe4ebf650858.jpg,0400
c8c1666329c74532887d1709318b40c1.jpg,0215
c8c354903b1d40aaae2df1599262fa50.jpg,0213
c8cb5e7d24a04b26879cf9812bfda48e.jpg,0040
c8cca29de248457b9fe4d2780a663a7c.jpg,0394
c8d11c2e213b4fcba716d7713196d30b.jpg,0151
c8d6153e98fa4bd8bf9cba141d1c8a26.jpg,0488
c8d78dd6a9524a48b4f5e4cbe4c163d8.jpg,0126
c8de618390244b9abc04fd5d782fcabc.jpg,0433
c8df986c8f0f40c7a62aba4c3cfe6449.jpg,0289
c8e0409380a949baa16bdf0f4724e54d.jpg,0051
c8e103dbae1c45b78c27ed1209d0daac.jpg,0138
c8e29b5e19f1488687fb9149dbe5f366.jpg,0105
c8e4c9bdf62b465baf19e4226d95d124.jpg,0065
c8e69784c8674fc593886e32a719df07.jpg,0381
c8e90662460a48529e1c7f6ddb90413c.jpg,0133
c8edfe82900b44928bac314cd8b8558a.jpg,0064
c8f266139a054154a9a759b7639d797a.jpg,0235
c8f3c393b4c54e8580acdd521f096212.jpg,0018
c8f41559fced4cc184bcf7f2757e8a72.jpg,0219
c8f56c1aa0f2403bbd2fae12a965fa13.jpg,0241
c8f5e78c8e1c4945aa95bbeaab84bbf7.jpg,0411
c8f65b3a80454ba4b855b5ce6ac69d32.jpg,0489
c8f685ec5915446894d308f782d1dcb4.jpg,0366
c8f7d3ed81784a45bef7d03c4180769c.jpg,0335
c8fab369a7854d52a0bc9efc2bf69c1c.jpg,0346
c8fbe17b809e466ca20008028b95fb94.jpg,0216
c8fbfaa1e63640da971952d796b6ca41.jpg,0017
c8fe1237d1be49db833f1938e2ce5868.jpg,0040
c901620287934646a99a27eba34f8542.jpg,0152
c903f6a92da34ea280d51788334b3cdd.jpg,0179
c9041208f79741f6bb625fb161c5f9c5.jpg,0052
c90d9859a948477dbd5e32d374abb194.jpg,0408
c910d56f0b944165a82484ccb53810c9.jpg,0105
c9112143ec2d48298c87732e05c5552d.jpg,0378
c9119bde698a4ef09a79a0460e8ed4f3.jpg,0291
c9133b216cab4e2d96d18dfda17aa2b4.jpg,0179
c9162044197a49baa49e53d0047fcda4.jpg,0208
c9182d714b6b454ebebbc1d8b02db69d.jpg,0471
c9195e348c5943d495b2ad414a00ccc5.jpg,0234
c91df65e4ca24cd9ac401ec2d9c5c5ed.jpg,0472
c91f5412c2b144678980352e932bc97e.jpg,0114
c9212564927b4a4d99e00b923268f9be.jpg,0259
c923eada25274c25ac0d485a879c6f9b.jpg,0202
c92482aabc9945cd9368ff7d2b7183da.jpg,0417
c927e7d0d56748bd864a68c80c62b9b0.jpg,0461
c92db7fd47964f02937ee2a0f7014e2b.jpg,0050
c93089b0ad1447bc8948b7e46b9fa200.jpg,0234
c93106bd47b84ea9bdda788cbf76d500.jpg,0179
c93b5336befc4cc093244fc44d0af9da.jpg,0219
c93e4df8b016464bb1893d6513a39e04.jpg,0230
c940b63a89ad4c0aa425d10d4c6366cb.jpg,0465
c942bf9dfaf64dfbb60d14d920d36b70.jpg,0322
c94342cf2d7e43bb8cffb2fd26391ef4.jpg,0434
c9482ce685ad420ba04ce012f24f7375.jpg,0190
c94b6aac8c2e4dc98e42e6d9c613f424.jpg,0298
c94bcda6174948238dc27b1681a7f616.jpg,0231
c950286d92b04d15816181ded76964f8.jpg,0168
c9571cf0466f4bec8ef373782aaa2de3.jpg,0422
c95b106659524a148570ce6feca9bc17.jpg,0265
c95db6c4d5d9402d92c5dc78e5b5f56c.jpg,0142
c962f0316424486a8b305eab71d5fd1e.jpg,0023
c963215ae0344c3abc8bd47d9517d9b4.jpg,0118
c965b3000f0246509c3229e3b0955601.jpg,0386
c967fa5bb63843eda9302817b8d566d5.jpg,0493
c96839e82f3148e8ab0c58d7bdc0f98b.jpg,0000
c9702496f5f4493ca440fa45ef892801.jpg,0137
c97261d619054b358fc5d2294a03de1b.jpg,0426
c9733b592ab9473bb4f6f3c99f71eab5.jpg,0168
c9775fd1bf074134b16b0377c4b4aa51.jpg,0020
c97dce8c41214129bcec4427084af62c.jpg,0397
c9835a58f9594de9aee83c481675bcc8.jpg,0485
c985105b09ca4838b90fffbe6e3c03ee.jpg,0460
c987b0e5184d4e2ea06625f0d07abde8.jpg,0430
c988a9aa61324d3bb6ab7845d705f58c.jpg,0398
c98abe2ad1e54fcf8ea52a4df4ba431d.jpg,0455
c98aefc1be1645159dbb9a1b73a94525.jpg,0116
c98ba1e5e0ef4bd09ff27b1f61369de9.jpg,0375
c98c48cf1c1e42e2bc1416d219165a1d.jpg,0358
c98ca1a733324d23ac4e4dde9815484e.jpg,0368
c9929c2aada14af78445808f6603c295.jpg,0479
c99558ff2e5b413995e0b5ce031fbf03.jpg,0244
c996bf0c6015444692feff6117dd9894.jpg,0049
c999064128e843b7925836c8ef1d56b9.jpg,0192
c99cfae18d0348b087ef8a6328c7c8ee.jpg,0188
c99db8f4e02d4a2c9d8c1cc20d249675.jpg,0377
c99dfe990c7c4282b9263e523473f5b3.jpg,0007
c99fde16db304ec09c0a6c4641931126.jpg,0238
c9a05053b4514f10a291c675b8973f84.jpg,0234
c9a173347a6e47d3bfc47d51edfa7586.jpg,0072
c9a29f5dc931450589326ed2eea3e786.jpg,0103
c9a30371b83742d782a054e532278859.jpg,0461
c9ab99bce9234ce98f0780983dc1f11f.jpg,0237
c9ad0db2a1c74297a3fbbb1c4845528a.jpg,0404
c9ad14b0e36c46ddaaf65b701d94f385.jpg,0272
c9ae21f55e5d4bf8aceb374294e6fbd8.jpg,0267
c9b0be4b3b1348d2a5b5bf532ada9dff.jpg,0197
c9b3f3b56b6a43ebb99d57f22512b3f3.jpg,0158
c9b449e2e6844340ab942c8a50ff83eb.jpg,0131
c9b44e6bd16344bf9afac30476a69fcb.jpg,0162
c9b83ab899d4416a8970557614333a5d.jpg,0322
c9c371f584404c1ca754792f7db86f71.jpg,0165
c9cbcad75bec4afda47f23b9c48f66e0.jpg,0413
c9d499f7004f448d99f5f01d84613d31.jpg,0004
c9d69e85854a4492bf3bffd0a522f5f3.jpg,0143
c9dddebdc2e74b3eb8130971595ab4d6.jpg,0148
c9decfae3d034fd59003e84d013fa789.jpg,0349
c9df1151dee84b658852bf4f176c7558.jpg,0157
c9e02b26f72e495ab9ce8adedb72974c.jpg,0259
c9e2414157034343b33680ef0bf29be5.jpg,0327
c9e56a7521f44e70bad6bf293b87927c.jpg,0065
c9ea6bc18e334c17911fed228619acb9.jpg,0378
c9ee111e1ae242518a4d43a5edaa938f.jpg,0214
c9f02fcd2923416882e4174a9dbe247e.jpg,0045
c9f9091b36564c3a8b92e5acbaef288a.jpg,0397
c9fa6dc26be34b6c8e5dd210bc9e5022.jpg,0486
c9faa73ce64b42c8a365a192564e0758.jpg,0177
c9fc3e5b78b04c50b18551b8f6d83544.jpg,0164
c9fd216852d64d5ea61b92d58985a897.jpg,0010
ca017386ccd94ab2b4c2fa8f267ee0cb.jpg,0212
ca03a206f9fc4f3880fa0aba7666b4fb.jpg,0316
ca075e1395f84ebcb3195d3f9a3533b1.jpg,0444
ca0858db31e44247a03a855c0e796353.jpg,0305
ca0ae85aec04427aae02f8c5fc969857.jpg,0478
ca0c0e2eb4b54de98d2e6e5dfbdcf0cf.jpg,0307
ca0e0bdb6c3546bc9e033cf5118f7979.jpg,0439
ca15672536d742369d8a320331457d8a.jpg,0023
ca17c35ef9a84db3b175ebda7badfa48.jpg,0173
ca1ab2477edc40ecbb46f12fde68b8f6.jpg,0123
ca215af8ba2643f49034e3fbc62cf2f6.jpg,0395
ca2757bc8c924106882abc966591604b.jpg,0288
ca283f434f7e4b179d99b2bff024f12e.jpg,0080
ca2ef1c2c4b04e2c8cdb47a4b4c7783b.jpg,0246
ca31a3a8bb76434587cb60e3fd98a101.jpg,0154
ca31b3f9306c490ea0e46b313fd3ab3d.jpg,0345
ca31ba5cbb22405384b41776c31f487a.jpg,0170
ca324130f7244c0e83decb389c55963d.jpg,0174
ca3a0ed362c54912b79cd1dc7007cacb.jpg,0204
ca43fac83aa64d6dae30449d702cee88.jpg,0316
ca44ef25dc6b4503a9698a9385de4bdd.jpg,0373
ca44f98ad7c045ca9f728cce859f2c59.jpg,0322
ca48ef8a7e3d4f80a312d61d74086124.jpg,0160
ca4e15f233734990953fe64bd61dad91.jpg,0421
ca520a26c3094c1b89f4cc646d744bb1.jpg,0079
ca58e5aef2db4c29876360cc67299084.jpg,0277
ca5a36e044714ede842d0d90498320e2.jpg,0155
ca5d1ae48977490c8059c72f30d69626.jpg,0393
ca60a8382536477d97254b3f4418a7ec.jpg,0304
ca61653fd6a340d1a1ceba904ea1208d.jpg,0302
ca6340a626f343c48d9d9f082d1202df.jpg,0079
ca65f176808d44c195b5781b0bb9139c.jpg,0461
ca6b04ec97864b25bcb65a18992aa89d.jpg,0170
ca6ec6ff2a0f40cb897584357179472c.jpg,0294
ca710231891842c8a3cf4241c91e3137.jpg,0474
ca719815dbdb4cd2aa125d7b627cc271.jpg,0268
ca72dbc755db41aa9b96a419f5460e4e.jpg,0038
ca7502cb62d546368a85c06168ce2d48.jpg,0057
ca77ce9bdc134142b70ab7c951a4f54b.jpg,0377
ca793e586dc94dfa8d4561b5affc8b60.jpg,0205
ca7c459f46904ea2998792de1d87d322.jpg,0484
ca7ddd62f4694781a1002591f66b3bab.jpg,0073
ca8127dd9be94eceb91c1399599663c7.jpg,0309
ca8397dac2074e49a159c46cb71f248e.jpg,0210
ca8480c0298640eb9e503af161faee16.jpg,0136
ca86747533b64b75b15de2caff05f111.jpg,0446
ca87101e2fe64f5e966a5cb7fa67720b.jpg,0060
ca8fb544c2f44b08b23ba9d1709c8677.jpg,0301
ca91394b0ede4ed8b380598c94c94e2e.jpg,0377
ca944622f67a4fdcb7173745a5f00008.jpg,0187
ca9861fc3c3642f78e2546144de19693.jpg,0124
ca9ad4acfe754a0e8321e00813aad041.jpg,0388
ca9d9afc25644adfaa2c3ba8dc507913.jpg,0460
caa28e98e9914e77b8009efd1eb6a0a0.jpg,0322
caa2f4247dcd40f4922e8e1c3e40721a.jpg,0236
caa3b6318c004c7491d5ef7efb0fb201.jpg,0015
caa40a40a8d641bda2c481dd346528d7.jpg,0472
caa7eb62460140508672949da4ae4763.jpg,0499
caadcfd76a5e40aeb2ad4748096cdd71.jpg,0461
caaf306eed3a43ddb9b9b5b3378ea20b.jpg,0457
cab512565cba419db36bdfcdf952b3ce.jpg,0373
cab6a34ea42045c0a4e6d2fbd53e1b17.jpg,0082
cab78cfa50d743c0a8db7aea2dfe1be6.jpg,0076
cac5cb2769264aa483043a01a1af772a.jpg,0348
cac8ab12cfaf4435a13239e9e2d3900e.jpg,0307
cac9687be8cf49878655878596abdfd8.jpg,0165
cacaddb65a0d46f99fc37d92a0735551.jpg,0025
cacb6fdaddd8422b858ef8688d08e8e7.jpg,0208
cacdd8794368462f82553a0486aa2b26.jpg,0309
cad2df8a592b45009528745111fb83be.jpg,0351
cad3890da79140cdb014f9c2f9dd7898.jpg,0168
cad54c9d84ec402e8345ba55f13a5607.jpg,0475
cad9411eaa914cdc93f5bbc8b1aa8681.jpg,0476
cadcf4bd2f554dbda575e911ed044421.jpg,0108
cae00db58bdc479da9befbe85bba52a1.jpg,0098
cae2e37c6731490dbf2b8c4cb9abea10.jpg,0318
cae47b6b32cb442aaf7c784a42fde509.jpg,0268
cae49a1c9f114dff870f5cb14b8c6f49.jpg,0379
cae55dbf3c2f47b3a87d29c500b3e243.jpg,0239
cae6e050e5e84174ae5fab4369fcb47d.jpg,0201
cae960ee27af4a778098971282e5a9fd.jpg,0122
caeed6ca822a42adaeffdc487b8e2860.jpg,0093
caef257809a643b6a54717f8438fc646.jpg,0175
caf2ab09a74547d3bdccf6a4ff18feea.jpg,0118
caf32cd0ca5d40dfbe3ea7eecc27fd3f.jpg,0324
caf75535aaee4f48a4aeed89547e4c8f.jpg,0199
caf99bef4af2486d9494c01876c7682f.jpg,0424
cafa76d04960450ebb22f3a3a4adf917.jpg,0445
cafc0eec108a4dfab0500e8ba0d41738.jpg,0224
cafc5d893a894e5ebaf165a3a7b335fa.jpg,0387
cafcbfad91c34f269403669429133404.jpg,0189
cafd5f7b6ec946819d25a3483a61ed69.jpg,0178
caffb62c0af34a28a8cedc03861349b9.jpg,0151
caffc8ce809a47d5926b6a362597a631.jpg,0059
cb03280f6cd64f56a655649cf4023ac3.jpg,0138
cb0567f39f10401fb4dc6377b7ab74b3.jpg,0497
cb079c98f22a4df3b2b131f73a1244a4.jpg,0244
cb0dd0c26dba4ac7bd50a994f29443d7.jpg,0312
cb0e5cd1cc7340d7a7b1b02a1509debb.jpg,0126
cb102ff5be3a46a4a104d60a0e4c4222.jpg,0279
cb172aa36a7a405d9f3b1bc17e5b1c4e.jpg,0371
cb185cfff7f1405b844e2e204ccce022.jpg,0408
cb1c98b5b5934afdae7c20d7da639da0.jpg,0251
cb20f224a7234cf591e8073456eb9931.jpg,0388
cb2bbc62d4e64a43892b5aab1fa13ee6.jpg,0125
cb2cd4f6e66b4db9ad8821f1e730d074.jpg,0227
cb2ff738f9ee44f1a8c958a7ec79c46d.jpg,0148
cb336a12e2cc41f8bffa699e3ce9a5fd.jpg,0317
cb34fc8cae364b749561070b13fce2ea.jpg,0369
cb375af93ae54c8ca2166a530c630e0c.jpg,0357
cb388912490e4254bb37a7bd45fc7622.jpg,0133
cb3b054e9f1341759fd874f63527f21b.jpg,0443
cb3c29746fd04cb39189ffc59cdd4a2e.jpg,0360
cb42ac48c62b4bbb8a1545d51946d258.jpg,0019
cb45e073d2614fcba4ad84f3f709338b.jpg,0191
cb46f7864a77422e9ac3fc4f76403c9e.jpg,0324
cb4a16f0427549ecab57d6330a7cc417.jpg,0346
cb4d22e7d5f4433091f06fa8fcb9a11f.jpg,0300
cb4d833d1e9d4f03a0b7c4278fa7ee7e.jpg,0313
cb4e8a41541741aca18d3526c1f64a16.jpg,0260
cb5053d296484495a28eea151788a642.jpg,0430
cb5175d28f564038b5b5db09ff24d56f.jpg,0158
cb537e42211747de8f95d39cf4780172.jpg,0381
cb5d6191275747fab8346592c0bcfb74.jpg,0483
cb68bfd667ce487b9d578e94bdf98802.jpg,0175
cb6b1136f8f64eb8a7d437e271d7d3f3.jpg,0440
cb6f7bb49d814588b4d5bacb2e4d3a61.jpg,0028
cb70d89a211e450fb5bea261dfe0afe5.jpg,0036
cb713aabb51c4058a74fb799bc10b971.jpg,0362
cb71ad98615c425cbbedbad9cfbfcaa4.jpg,0479
cb7224a591c84364a6183ccc122bf527.jpg,0416
cb75bd9ff67c4968a3bc0397cbaa4c8b.jpg,0080
cb76ab5ab047480787ccf6c863ed5fb6.jpg,0308
cb77afbec1c14038be499b3252b9de0d.jpg,0356
cb801773d0614bb0b9825df9d8dfb047.jpg,0002
cb85619f27f44f4bb363dd72f4b34eff.jpg,0186
cb858d4bced44f70b67d18f0eb9b0576.jpg,0477
cb85cf70080b4b09be9cd5104c40e05c.jpg,0281
cb90d3df62db42b8a8f424b61724db32.jpg,0485
cb911e810ea543b1b0b39ce8cc7a5168.jpg,0097
cb97e7e0e12c477a8826b620742e0b92.jpg,0095
cb9b9455f0e84c03b2a5318ab201f69a.jpg,0052
cb9f3405eed849b5b9b9d71accc50921.jpg,0218
cba1511a60424539982293437a447684.jpg,0307
cba1902fed4a4ce3abd9e19ee95b9297.jpg,0058
cba1ab9ce2734c58ae74e5bb6a2ba13b.jpg,0331
cba3086b4c2f40499762f2770e2f6a2f.jpg,0421
cba492ba64a3498c90cfc7878d6d7837.jpg,0452
cba77e212b7740bca0447f8d8072e28d.jpg,0334
cba9d536fbda47f19b432a0787f1615d.jpg,0434
cbadb79ac68f453596d0542b17e5d7b0.jpg,0249
cbadbcfb20b648a98ec2f1c1d30576b4.jpg,0184
cbadd16230b141659ae3868468b714a3.jpg,0442
cbb6f24447cc4c47a899d25c0f706ca8.jpg,0219
cbb7b79a334b431b90f18cd2a6e518d9.jpg,0072
cbb7b987c49f4c108dd62741a8dd0bc6.jpg,0313
cbb8a7730a8c481fad159f27b472b687.jpg,0492
cbb9ecb3a74e41509da06e5d697ff82b.jpg,0291
cbbf3a8f89704533b40344cdb5da9443.jpg,0394
cbc424a570234500b498188dbe76cdfb.jpg,0399
cbc7cee1a4f04ce293869dd1bc6df5f0.jpg,0300
cbc7d2116fc14a13ae25ba7f1a6e309e.jpg,0456
cbcb0bbb0c184b86bb6210896e07be39.jpg,0081
cbcfb93ba45a4dc0bba4ffedef76f787.jpg,0027
cbd05cd26e9c43ae81ecd6efe0608363.jpg,0190
cbd3ba63b53142ad9872f186bad64200.jpg,0399
cbda1dba1a4d4199b5070ffddfa1bb5d.jpg,0095
cbdb442a740f4ce685d3a8e8191a6ad9.jpg,0068
cbdc6df36ac1436caa902def53d4975d.jpg,0456
cbdccb86e9e348caa2a5820705bedbbf.jpg,0283
cbdf0663bf0d44a8b70babf2e2121736.jpg,0044
cbe2c5d650824e28b21f71f699606663.jpg,0252
cbedbccc38ce442aabf27f56819d5fa2.jpg,0336
cbf6eb167b1f4a93802f878e56af772f.jpg,0179
cbfae99ffbf04c48923bdbd5a4129a6e.jpg,0137
cbfb71cc6fa7443294067afd6844ee27.jpg,0286
cbfcb87512434e8485362b92fda3669c.jpg,0378
cc017010a1d743669f880d8d389aa1ed.jpg,0349
cc03bdc50015455b81e8aa4de4760b1e.jpg,0038
cc0a1b8c1fa94b968ef07ec0ce4d77ec.jpg,0092
cc0cff2aaae3402c8f3838fd0ffda654.jpg,0408
cc0eae40f8424149b8274a9cdf01e17a.jpg,0210
cc10da3f6a284893bcf2bf3df421ffee.jpg,0022
cc11c6cd1a884bf5ba70b218d02d0fdd.jpg,0367
cc1210b0d4134b45a8962e1bad12ca0a.jpg,0385
cc125ae71c294360ab82d18a47340648.jpg,0126
cc16e3e4d9d14fcb897f1358b9565844.jpg,0168
cc171be89f674fbaacea24cff42e37ad.jpg,0045
cc19a423607d4499921a12a9b4be9963.jpg,0174
cc19a9ab7b9d47a0964cf62381fe7dfc.jpg,0446
cc1af88014de414984eb0d476c6d0cba.jpg,0482
cc1ebfb1f94e4e9e9a5d368626005f4c.jpg,0488
cc1f03a447ea44869fe4dddf6fdc0a65.jpg,0308
cc261409b07f44eda6387a9b5e526e6b.jpg,0213
cc273e02d2554ee8b4397d8d1e9ee0e7.jpg,0224
cc27940ea5b441078d4514799f45c8c1.jpg,0097
cc2d3f170a1549cc868252e187af5f9c.jpg,0222
cc2dcaed4e7a427b90ccbcfe947c6f86.jpg,0442
cc2e2eb4b47d4f19b2db79ceb7c10c07.jpg,0357
cc3278b27b7948c3b9e5158508aae9da.jpg,0456
cc3472f5bf1d431aabf75281e3d1c991.jpg,0170
cc361ddef91b48f4b4c229fbdeb439ea.jpg,0216
cc36b4f11b884c9492ab8409282ef0a9.jpg,0032
cc375211facf4a54add65339a8a75b37.jpg,0267
cc3f35efb8b84e5d9a9c82573674d13a.jpg,0123
cc3fdc7b11f04abe8c428da72bf8a127.jpg,0264
cc438fefb9bc4d318f3b31e18f8fe97e.jpg,0101
cc451a3223bb4ad4a69b2b9f426cf016.jpg,0285
cc45719038234d6b826a547d057ef83c.jpg,0450
cc46147f654c4056a6d3ed6c4268468c.jpg,0424
cc4625263be6404b96a8732da86606b3.jpg,0414
cc471a71a21f46f79e5a2a34a4608f3f.jpg,0065
cc487f3c6d72462884785cde42054b4a.jpg,0271
cc496928843848a280664fe08efe31f5.jpg,0380
cc4cfc6cf6aa43b580b8a86195102611.jpg,0089
cc4d5c850cde4c75a4152f6e9d392a86.jpg,0303
cc4e386dad614ec9927c4d0ca70921c7.jpg,0183
cc53308b078f41bbb906bef7bae4467a.jpg,0240
cc53ff859078493b9e2664ae0163c78e.jpg,0378
cc566f149f3847029b363ff752f4c44a.jpg,0172
cc59090d79fe4069902f8c04a705e668.jpg,0237
cc5a0b50ff2f4adea59a392f8a1d7ee5.jpg,0419
cc5c7e133a6a4fb783eb1df0eab058f6.jpg,0262
cc5d82d658da402a96bc04b4888cff67.jpg,0101
cc62102c534c4ccd97a0eff61aed3ffe.jpg,0386
cc64cc8b359243a3abd716023460eea3.jpg,0275
cc6b85799b5f4a72ad904d92f51b0313.jpg,0426
cc702af46ab94864aa55a2390bd2c9ab.jpg,0469
cc712ea3cf2345c3b286f9395d298c20.jpg,0405
cc7225ce790745998cdd30d56b878294.jpg,0172
cc732dac47ee4bb2a0ef33aadcdb4d87.jpg,0240
cc75830b237341dd9b1a25fe6551e2d4.jpg,0451
cc797be451c544f1b6ca415616dcbc56.jpg,0178
cc7d7dfba3c4411a888fbcc6afd27456.jpg,0158
cc7da4ace37348bfa743dbf262d96be3.jpg,0329
cc81208e7ce14f49a69643ee5d9ce403.jpg,0124
cc840db7c4f04432b3ed6f377c9ce486.jpg,0405
cc8424e8b1314a79ace423ff341992ef.jpg,0253
cc88b1b4e8394177b31e3c587d704056.jpg,0347
cc8cfbe20fdc443c869d20e333751b3c.jpg,0442
cc8db87e054d484c99b7e858d3254a3f.jpg,0292
cc90ebfe32144d59a7fca2ab5dde0c86.jpg,0304
cc92310659294766bf47ceed319c054b.jpg,0005
cc9375b3a2904c369e7b87d8240cefd2.jpg,0292
cc97509ab1c6434e876cda40e1fd1ad0.jpg,0406
cc976033fad742b0b12b491045ae6fa0.jpg,0494
cc97ad0e786e4024a08d9b279ddbdb78.jpg,0102
cc97f891af9d4819ab08e101d4008f6e.jpg,0372
cc98b26edacc43178560fcba180b569b.jpg,0304
cca29796a26c40df9759d49b784b63fa.jpg,0447
cca3066a5d0b4701b96c3c68f31b2918.jpg,0366
cca6eb2511234c86ac659d3401f97697.jpg,0239
ccab587ad7c64b0b969db08c4cbdb99a.jpg,0303
ccad0e16356a44d397b99f4ea5ffc8bb.jpg,0041
ccaf5175c22f4b72b749ac6c91511bdf.jpg,0276
ccb9007c11584ca293f3ba46fe5a3395.jpg,0132
ccb91d6e710b4b42b90085d76ffc83fc.jpg,0303
ccbab94d784941578f2788003c4a362a.jpg,0036
ccbc284317fb411e8c444651d1705460.jpg,0128
ccbf887a10c743d28b577540605e41ba.jpg,0443
ccbf91f578a44d449472ca059bcfa7d6.jpg,0228
ccc2a37305494d35bac49482bc6d003c.jpg,0206
ccc7418eb55146f79368b3f03e2cae0b.jpg,0005
cccb3c3bf21c4521a8ae1b1536f8993f.jpg,0342
cccf061bebb942ee89a70dac1bcb0954.jpg,0363
cccf7c67170d456bb21a3444801cee1e.jpg,0172
ccd0353b0dbd4722ad7c4527b364d24f.jpg,0301
ccd1ed2d762a4794b9f3e6256d3b4466.jpg,0095
ccd2d389bb4b4869bb82a6374553ee5a.jpg,0033
ccda29d379ed45409bab8f8e4ae83bf4.jpg,0049
ccdb3848d4b84fd8a73c9da9a6fe24db.jpg,0358
ccdb4e14a04d466491d17c25009dc817.jpg,0140
ccdbc19d16f7407ead7cbe1dd8ad5f66.jpg,0331
ccdd0bc3b9d74903ad5cab52a76cc57d.jpg,0259
ccdd78f91a014a99b201e4c5fb479ed1.jpg,0276
ccde7e949ef843a7ad3f50d5b0623be6.jpg,0454
ccdf7d8986ac4b0b87e39390897e163d.jpg,0071
cce08e183c30436ab76d5a9b5f66337c.jpg,0098
cce16b937ae047c19a8eb4513d4ee9d8.jpg,0203
cce1bfe222af4f7aaf35758166a3a4a7.jpg,0068
cce517ace460493b9cc3bf36696fd4df.jpg,0040
cce5a63da8c1433abc9ccb0860ae36bd.jpg,0008
cce5dc33f63f420d8e5ff6a473f755ce.jpg,0290
cce75b0e069e48afab22cf93d7a11d6b.jpg,0153
ccf2fb7fae4540a8ba225ac4e52d4f3e.jpg,0445
ccf3e64524384af3a9c667a5e9adcdb5.jpg,0104
ccf40d19ea664e65b4fa0091bfb12925.jpg,0244
ccf50ab8be8b4b10b808a91142af0300.jpg,0216
ccf791f321f84d4e98ee501ae395a544.jpg,0022
ccfac381a4bc4b29bb83571f9feeeb1f.jpg,0370
ccfc46ba7d264dffa77cb84c9823be55.jpg,0141
cd013d47ce2d45dd8931d10c15f8a876.jpg,0436
cd01a7b77c214556b70ec0fdf0a1676d.jpg,0491
cd038c8cef3b49a1b224b486e03133b0.jpg,0154
cd0510da920b4a629f142499a6706e07.jpg,0091
cd0dd3c5f92e458f8654a3147696626f.jpg,0037
cd0f90ecc8ec48b0b21e6452488f52ab.jpg,0429
cd101457a0d04d9391d04c9e8ab18a9c.jpg,0086
cd1476f702304974ae8e4709d81acb7c.jpg,0264
cd15cdee6ae74151b74f3d2e4f831d75.jpg,0322
cd20565983774c9eba83fa2a7a60f204.jpg,0457
cd267b6cccb94e74bf15b8da84795830.jpg,0330
cd28bc138910407d87a4e58efc30ff5b.jpg,0113
cd2988496a0e405593d0ee1f233b259c.jpg,0195
cd2a8ac3efb8459eaeb631c51ad2cb13.jpg,0337
cd30dc2fa17a41859b8c7d680077f313.jpg,0075
cd3292808aed46368c05ef5dceee505e.jpg,0011
cd357ced6b6d47dfa5e105f4f5bf0b06.jpg,0230
cd3d20b605aa40a6a2f69b75fbfd883f.jpg,0183
cd40f11d8fa046159f6fd3c59b689894.jpg,0100
cd46722d960040d795516bf0cc31960a.jpg,0028
cd49e594011548dfb35e589a6a65ace8.jpg,0026
cd4f80ec201f4dadab8ca1acdc6fc443.jpg,0296
cd5861d7a98240aa8936f6a619e8fa91.jpg,0008
cd5eaaabf61d43918329cd27365191d1.jpg,0444
cd60b052916744a7b72e1d226a6e7cdb.jpg,0078
cd6119d1dc184b9f93a94457a93b2f05.jpg,0303
cd61efbefde348668a964b1a90a17df0.jpg,0488
cd6c6949236f45da8b74f010eb1ddf4d.jpg,0450
cd702074cce14b76b5b19a535c5a9d02.jpg,0258
cd7440611d3e45fab92b464a015f01e1.jpg,0242
cd755807cdb845c2a7df8839369830d3.jpg,0466
cd7683fe78dd4c4f8ec8cf39514c9787.jpg,0111
cd77046c73944d34b2076abbf8bb9857.jpg,0163
cd779ef600d44586b3acca5e779a4d75.jpg,0446
cd7837eda3054fffa373e7bbaa57bfca.jpg,0326
cd7c48dbc5e74c1884cc5537d963048d.jpg,0101
cd7d09b146184744a4328cc532c2af9b.jpg,0243
cd7f68aa7eba47b598c2cc15a2050576.jpg,0157
cd7ff141d0ec49e9b0d1cb9522ccca72.jpg,0429
cd7ff64363f14bd5ab3c5824a05dade1.jpg,0472
cd827e1e32d544ae831dca81a80fb81a.jpg,0496
cd82acc1df1c44f883a0d15817bfcb75.jpg,0059
cd8bd0be971f413081400957d5e384fd.jpg,0304
cd8beb9d84924a24aa1b97761c5f63f3.jpg,0475
cd8f26d74df6407e91a599e8a830e7ba.jpg,0270
cd90fe7b2b9c49a9bcc476e80da3ff64.jpg,0170
cd94147d4dd2412d9576b28616cfe1c2.jpg,0189
cd943a1a971b433187fc12505393d30e.jpg,0452
cd9793f4c0714ec9aaf244aca9679764.jpg,0092
cd9de13268ee46a5a4a21f91fe3a0553.jpg,0138
cd9e17b228114647ad6e91cfc9a95988.jpg,0107
cd9ea0af140f4edaab0f6bca9fe50e55.jpg,0202
cda02606ae0b40b88e67058a7b3598f7.jpg,0071
cda352cc3338446786b3beabd3e1f5e2.jpg,0306
cdaa45430ddc4017aa4a59eaef7f431f.jpg,0026
cdb1d63ebe044251a067be94eaa715a2.jpg,0148
cdbc8b1a7a8b4efb908cf0d403e2e84f.jpg,0049
cdbe278643554677b1d4527e342170d6.jpg,0196
cdbe4890c311420b86da371c395b6f79.jpg,0266
cdbfbe998ab149afa1fe40688b8f41ab.jpg,0132
cdc1928f3ced4bc692260bd1520c1a75.jpg,0394
cdc19f70117c49d793800e5ff4cc7fb9.jpg,0140
cdc1a3f575c545d2a86e7a312965f51d.jpg,0063
cdc6a939862e43239a3becb7cfa82fb5.jpg,0041
cdc7ca5a13bd4c4aa20a479700a9ad8f.jpg,0000
cdc7ecccda49477a947218a9ee274c14.jpg,0017
cdc982920e8242f484614cb4a90b1fce.jpg,0098
cdcce254e8384594a0ed45a7da0bddb8.jpg,0455
cdd291809a34465ca645310eb60f9b98.jpg,0052
cdd645061e7f4ef98042978ba2528590.jpg,0013
cdd7714d1b8d4e93b7dadb993b417d40.jpg,0259
cdda4420405b4cce93ce0ab8830f85e2.jpg,0355
cddb16b1147e4463a326d921797d23fd.jpg,0294
cddb459b24524afa8332111fcf6c9fcb.jpg,0049
cddcca13b34f4837ae5a1f28f4d322b8.jpg,0197
cddd7d7f42864edab7efece22895ea55.jpg,0085
cddef393ea3e4ace810a4c34f52a5b27.jpg,0242
cde11323dec546d497a3bed7ccea01c5.jpg,0382
cde1d1820f8240a3853849440b869ee3.jpg,0274
cde49722051240b4acb5f777cd8d8b3f.jpg,0452
cde4c11256104bfab3abf4088c8b7e16.jpg,0116
cded5cf90b54467a8d40a629598a1b2c.jpg,0119
cdef52fb9f0541adbd81eb0bcd3b6461.jpg,0181
cdf1c86b40924a72a9900ec8cfead710.jpg,0449
cdf649c67f44476f8cc3fcddc7abda2f.jpg,0340
cdf6dd9e33744ed58097d8b2d3c3b2ff.jpg,0316
cdfaba4c639c4c559c35ea14469b4aba.jpg,0422
cdfc2df9edbc4ef382fd847d9ddc6f31.jpg,0425
cdfeabbb2f4746d88860f332bc814128.jpg,0236
cdff37176d3d41c7ad0a0714626c78f8.jpg,0238
ce050d600b6544b481eb2392195ab1f3.jpg,0484
ce0dd8b8921543b59597e1cb20f6f570.jpg,0103
ce0e72ba72f64d3ebcd755312380f791.jpg,0159
ce1056a97b0d40e6815c8c6f08a162bb.jpg,0210
ce1415d8e4a2452aa17da3e639b1e9f8.jpg,0267
ce154c6ab65c4f81a34e7700e5c14598.jpg,0242
ce1e0ce6cb6f454ca92ae6cfad13a477.jpg,0331
ce22910c61af41f599264fd39a78c4a9.jpg,0187
ce22a13080594dbe97840873e64550b4.jpg,0096
ce23f973e29b4feeb6f8cf5cf994b613.jpg,0494
ce26d600198544ccbeef19e37f812dea.jpg,0288
ce2d30800dcd4967801f3cc401300ae6.jpg,0174
ce2f3f4e16ea4d48b06d5e310fadd496.jpg,0182
ce33307420e44f71971f5ea8e749392f.jpg,0115
ce3355e85b714e1cbbbf08df35001df7.jpg,0231
ce35057ecfc549ceb98c9e836651abe0.jpg,0049
ce35df589e8f4a169391fac67266e20b.jpg,0018
ce3706e3e9854520b5b813fa1d1a32c8.jpg,0039
ce3a760ab98942238ebb84ed0aaf4f06.jpg,0115
ce3d81ef20b94f0a883bc76194eb9bf3.jpg,0021
ce409bfda45f4aeda4ab57702664d38c.jpg,0236
ce47c96a643c42798e30d5566bd33901.jpg,0462
ce50bb70dfb14ea8b504ad7e5216b2e1.jpg,0128
ce5118a47cf5474a8bc4ae1477cb3625.jpg,0239
ce517e54bec3434ba92238d1d26cb97d.jpg,0051
ce54c39534954092a5d0a3644627cc9b.jpg,0391
ce55856731f04552a9b49d3fb85add2d.jpg,0354
ce5586f4d82f451b8653d98f75a7b2c5.jpg,0233
ce56bcbf916e4018a6637b78c3fb3ba6.jpg,0134
ce56d5565819426f8d4a70e777cc8a28.jpg,0451
ce585529dd124cc2b903be212825fa09.jpg,0260
ce5b42812e2c40a0b110b88809269425.jpg,0238
ce5c9d6bce4e4e859a6aebc42f33f857.jpg,0349
ce5ce418ebab424eb809f419160f8ab7.jpg,0177
ce60298782d44b0bbc3e353a9992d5cc.jpg,0275
ce673667341f4eecb9fcea22fd0bf1a8.jpg,0111
ce6897c7e5fb4548a4de4517871b3a13.jpg,0396
ce6e6e4a153044279b885614a6de6dc7.jpg,0035
ce6f0408be2b4886a402761b34700652.jpg,0031
ce71af5e63be4521a1d78fed74d3dfbc.jpg,0275
ce723a8a9cac4ee8a965aa3537a1e8e1.jpg,0382
ce76e2cb50634a5f80e452071105fe21.jpg,0321
ce78c31de1b14f05a5d9139faf46a048.jpg,0386
ce81426a023a4c409f667ea58eca5a27.jpg,0294
ce871aebce294f7494124be703387f90.jpg,0199
ce873ad8856c43a39b8be0d86a1a616e.jpg,0168
ce8ad6f4a415461b91d0f8f60137b47e.jpg,0039
ce91cd49ab434a0285ef3c160a8588c2.jpg,0073
ce95bc4430bd4c359ea3137d733c2109.jpg,0345
ce9eecd538904237b9458465d0b96bcf.jpg,0338
ce9f84b77fe34f7398e388333ad2240f.jpg,0160
cea05b609b4642b9813969055b40c519.jpg,0477
cea235a161ff485dba4ab0551ed4557a.jpg,0045
cea96e071ddd4bbd9fc95cd96755b744.jpg,0175
ceab38f7860245c1b85508552fd6ae01.jpg,0285
cead60918cf147b7bf690a6ffd89ce64.jpg,0174
ceaf26294f86472aa57f69cd71594c88.jpg,0435
cec5fa31809b43fa8181a51cd42b6f46.jpg,0246
cec6a9c335754753a53bec611dd212e2.jpg,0025
cec719d07167435185661e0f2fb0223f.jpg,0327
cec9f60e8ced419eba011979ec463f4b.jpg,0384
cecce65b8b244e4f91fe57cf21fd28db.jpg,0144
cecdcdeee00f4f71beafadc50493693e.jpg,0102
cecfe0ad97bd48c091a6b34d154e96a7.jpg,0470
ced02e59a5f44361a6d66ad9ec243259.jpg,0170
ced0f4762f204d8e99ca990bcd44bbaa.jpg,0413
ced20e22736c4b8c83ee5c047cdb4fbf.jpg,0147
ced3fef4aa4144a0b9c03e032d103bb2.jpg,0234
ced5f1e00b2146e9a7884b300e106cf9.jpg,0166
ced6e11473b24ca494b6591d7b154a24.jpg,0330
ced7575130554c53bceb01000a3a350c.jpg,0136
ced99b617f7a410e93eb0700847635e1.jpg,0425
cedb9d24d78d435aa032ab0387c55d9d.jpg,0084
cee126e55edb4b7aa6ede302c4179d2c.jpg,0321
cee335e9f11f419882ad85df7ca07944.jpg,0236
ceea154977b2429481d802520d88523c.jpg,0020
ceeb4b20c1c34918a851396fc9cfd7a1.jpg,0313
cef496edcbc247e591d628c74309c0ac.jpg,0075
cef5e29838964d12ae264d189dfd7540.jpg,0311
cef80204927c4427b9e02c44fd831afd.jpg,0134
cefa1828c6b54a20a98e0ce9b11f4fe8.jpg,0310
cefcbf244bb048a0b0091d2a28aad222.jpg,0104
cefeafcdb9dd427fad43269253d5ee78.jpg,0325
cf041c3d6fc94be4b4792acdf18afb1d.jpg,0313
cf0983f59f5a487ca0166251c71b2416.jpg,0398
cf0abaf855a64a38bcf89ef7d5df9471.jpg,0021
cf0c99f653964e35904cd319f36ba1e4.jpg,0280
cf0dafd2392c4fcba874c9795cc1b267.jpg,0003
cf0fe2005b2e45c79f342a350e36a653.jpg,0206
cf105d4bb80041c7aae8442532f0afc7.jpg,0296
cf13b18c85024c0d868eb347566c60d1.jpg,0333
cf1a0038b7c14250be7ef0d0686e8b57.jpg,0425
cf1a27512d3c405a8963677771bb1dc0.jpg,0186
cf1da9f2b7594f9fa7609ed53eef5d74.jpg,0060
cf224a76f4a6413884d95cf984a0d284.jpg,0081
cf24e303af504d7d83f4d251533e4124.jpg,0322
cf274d975a0d44a2a32480745f9a65c7.jpg,0479
cf27916c44e1470ea94a52f448191681.jpg,0221
cf296b5fb9734b3482f3ffae1e2dab28.jpg,0425
cf296d8239db4ba48471a184a625e281.jpg,0198
cf2ac98175c84d529f4a282a231b4c5e.jpg,0278
cf2c3255ca534191961cc38a41dc9599.jpg,0478
cf2c43a018ac40ef9ac2f0f098777e59.jpg,0475
cf2c4ec8593c4408b9a23ba613f2733d.jpg,0353
cf2ce695ab58478780ecb1997ff6228f.jpg,0433
cf2f62067956492cac95a70dafc384c5.jpg,0066
cf33a40e0d9246d3839a8cccec7631a2.jpg,0090
cf3aad63905747d9bcbff094a4649ef4.jpg,0072
cf3fcd656ddb4fcba7abf569c9d72cbe.jpg,0475
cf445d3aeb1e4425893dfa019f3688dd.jpg,0061
cf44b4296beb459ab4d188ca5ecdfe20.jpg,0478
cf488603c25a44cd864179348ca1cc45.jpg,0100
cf4981f06ba848c3b6835799e2f95ded.jpg,0230
cf4a0ca0a819473ab5a7f02303268ac4.jpg,0127
cf4e097ab3d74cbc8a52eedeb55d34e2.jpg,0265
cf50f449e7534d848e783a11cc1f8145.jpg,0384
cf519fe935c74ca58117ee7370d9a0ef.jpg,0274
cf51a4c1dee046c4b16e4205c42f6731.jpg,0129
cf53233b852c411f9a6b58fc2a888eef.jpg,0008
cf5376631aee4a41a9871901e29b9a04.jpg,0213
cf5545517b6440988f2e0ab29785287b.jpg,0426
cf56b0d5a751482d9883872da753e213.jpg,0338
cf5b8d0d7d04445e98cf40da86a66472.jpg,0232
cf5c0d2f297e4119b3c498e780a8efe6.jpg,0311
cf5c37887d3146f8a9a0e98a5498586e.jpg,0488
cf5ef2aa376b4be2bc5108e27666eae0.jpg,0314
cf5f2a93032c4c6ca329ca2eb57dab0f.jpg,0485
cf6449ad6e5840859f44c75f8846c04c.jpg,0392
cf652543c31f4a42822177743bd6a658.jpg,0101
cf65f6244b5340198b1e61e395d0e6f8.jpg,0336
cf70326a87f34568ab45cb781a06cf38.jpg,0066
cf7277cdc8c4424f9e3968241cee6f9f.jpg,0484
cf736e98a9ab402aa6fee8e352b28b3c.jpg,0021
cf77388be2c5459eadbb48337bee66a1.jpg,0211
cf7c49fa5fc8457b9a83b13a0ca98cf6.jpg,0319
cf7e0b450a614d089b6432b8984a037a.jpg,0486
cf843bbd3c544e03b4cecd3cf588b553.jpg,0302
cf85cc9be3e549e6895960f405509186.jpg,0267
cf8eddb891ad414fbafe8409433d080c.jpg,0224
cf9348f692544d01bb3074a0ec587511.jpg,0030
cf9361a3ce744c39835573955db7b434.jpg,0282
cf93829a212241548cf1661059313a2f.jpg,0422
cf960f5e1dc54f9483d8de920753aef0.jpg,0490
cf96fae2d1e64d2888e2750ee15ae9b6.jpg,0421
cf98f14f22c2499991679d03dce5e167.jpg,0417
cf9a947dc5ff44758d6c1d24563703e7.jpg,0354
cf9ba8393e6b46cd952bfc9a32aca5b4.jpg,0046
cfa548fdccd549a58535b579438d5900.jpg,0435
cfa80aedbead4fa1a7fdaf3c3f88e92c.jpg,0227
cfaa046d776a469db4eb318c9a8061f0.jpg,0029
cfac0a2fed6d4c84bdc6b229d959b7a7.jpg,0050
cfac6b2103da423bb7367072abbf7bf8.jpg,0141
cfacab213d3746dc84b3840ca92ae961.jpg,0068
cfad8ba8114c4780927d0770f8ec1377.jpg,0221
cfb0792bd84f4ebeaff076012567826a.jpg,0118
cfb1c668dda94520b7cd23b401eb9e09.jpg,0155
cfb6033f08c643bd858f135233867c51.jpg,0307
cfb8a1ef3d2541dea5fdf890480a62d2.jpg,0130
cfbde097cc7f4df1914e53af77b25973.jpg,0044
cfbe055a6cbc498dbeda65b70e3e437f.jpg,0021
cfbe5e39a0a946bd945f4097ee548ab0.jpg,0052
cfc2210f88964044a52c8feb627b550e.jpg,0200
cfc5f16ffc904c82950a1d694afc14bd.jpg,0454
cfc734caae5344be8ef457a6dee7a69d.jpg,0022
cfc8a8a35b5745b886e79e2294edf92c.jpg,0359
cfcab3500e3f4eef97032d29f7a710bb.jpg,0393
cfd163d078c24f1d83dd33fa3173b35c.jpg,0271
cfd26d0711de4dbdb8d6802488367c3f.jpg,0338
cfd93eb63b8141ae9b22b6d3743673d4.jpg,0313
cfd9ae61c91b453ba46846177235d2fd.jpg,0143
cfda9964f1ea40cdadd3a07b70f4870b.jpg,0062
cfdb978b0cf94d2091c06874b158f8ab.jpg,0472
cfdba71beb694003a051b130bfe91cec.jpg,0199
cfdc3f585a1e44089c07de019efbd65b.jpg,0152
cfe35e06cf9a4b5092c4332804e1f0ab.jpg,0330
cfe5b3628ba74e80a91977aa4b9afe5c.jpg,0350
cfe6a054cca14b2a8677544140a4e98d.jpg,0170
cfe872e43b8042ecab2d665b86b77164.jpg,0423
cfea30d5384c462e9c3f15efa150d843.jpg,0072
cfeb339090ca4d3c80780784a809582f.jpg,0063
cff23e511b424f7b806be8fc5d1841d3.jpg,0256
cff63db7c88840f9b3cc89fd4bcacf3d.jpg,0175
cffa132edd94431f8e735e3b1df53aed.jpg,0205
cffab3b802cf475ab6e87811a33afa42.jpg,0388
cffd9eb9909c49c990d90d4a6354dc8c.jpg,0431
cffde05f268d40cc8bcb385b8e7a967e.jpg,0260
cffe8a451d894952865acf83e9a819f0.jpg,0430
cfff4b79a0924cff8be490cff7cbcfb3.jpg,0339
cfff9e84d49544f9bd8358910b2dc193.jpg,0093
d00008cd5fc04da689262dbe7cd2ad89.jpg,0168
d002a3030ea34a88871784d713a0b10b.jpg,0352
d0037bdc3aaa491bbc7cda58de2f5c71.jpg,0499
d0065d788bc44a24b455401183c2075b.jpg,0434
d00aace4f18e4a9297406d75192d728c.jpg,0047
d00abd8fad8949d2acc7165e51c6f738.jpg,0041
d00e652298354d318a3350a0b8601f24.jpg,0177
d0117e35965144f7bc83663aa7e2566d.jpg,0443
d01c8d280ee24df18f64c28a74e36d7c.jpg,0292
d01e0decfa664b2682a8371a53aa65d8.jpg,0494
d01e8371f3134ce3894679ca63b4566b.jpg,0150
d02147fc191c4ce3a8ce5d9bce5c9573.jpg,0043
d021ba43bbaa4eb28ffd4a0f56008519.jpg,0172
d0246ec27e684fb2a908239f625fc6d1.jpg,0243
d02694a5c4b54069aef3e841fc4954ad.jpg,0076
d028b126b69449588d2a725b826d0248.jpg,0009
d02ad39901af4dd58007494191c6e44d.jpg,0354
d02bb375ac6247b78e14c5aa294a0cd1.jpg,0467
d02db223159741c395315d290ee2199a.jpg,0260
d034f22a68e54dc6bed6b9fb6886ac77.jpg,0234
d03730373435459db60953ef51ae3f94.jpg,0025
d0383ba61f6d44598acd0b39ebdf1562.jpg,0186
d03f4924b5bf43018ad6208b036eef58.jpg,0189
d04043e95b2a43648a971970ddcbf323.jpg,0009
d04444095ebd4f12b7d64f8d4f5c9d84.jpg,0344
d044e0d515d34323a0f89ccf38fd76e4.jpg,0222
d0494f0b60164c5587d8e2ed17680ea5.jpg,0236
d04e51d987144c888186dfc36ddf142e.jpg,0397
d04fdce9bd8848c19ab63e0302fbe3f6.jpg,0354
d0533bfbefd44f40bc8673d3d9d2740c.jpg,0370
d053774824d643fa9c942958f6771376.jpg,0246
d05704b250b94ea987b4d33ccc99ce60.jpg,0297
d05e13026c0e4998822820221ca5065c.jpg,0441
d0601bf5de68436d9dba49d299078bc4.jpg,0292
d064261a5693425d863c88725f8216b0.jpg,0299
d0668c63712d4fd09de3fb088d14c562.jpg,0477
d06b485df21b4893a7e3a161c6782b91.jpg,0378
d06d2059970342eb8d00fac35f589d95.jpg,0086
d06d9427eb27458abd3264ddb0d747a0.jpg,0228
d070999d2c8f478f8d41d4350123d1ce.jpg,0285
d078dac249d149fb98ec2f45c13fc85f.jpg,0035
d07b92b016904fd7bcaf796171b3c870.jpg,0005
d07c02cfb913417583761e6b15a9a084.jpg,0439
d08297b6e2ae437dbce73c5decb8df20.jpg,0350
d0849b5b96ea4d3980e9d935577cca6d.jpg,0435
d086f34d7dc24436a633330ba21f181a.jpg,0221
d08b459b5c6c4595a388f9e6b64366f6.jpg,0249
d08f66e3169844308f8cfef27c1c8d0c.jpg,0063
d090105d2a0d46198adedfd10089b73a.jpg,0052
d091e79eea6f41d4951bd42a66377584.jpg,0169
d0a647341a5f4cbe84a33a41037a175c.jpg,0132
d0a65f06b8014fd7b3b39ffc4e19c68c.jpg,0237
d0b1300439ff4264bb69a5b2df629f81.jpg,0072
d0b3b9ff89474a4c98212426e40c12f6.jpg,0010
d0b749ddecb94705a68ca7c4b13323b5.jpg,0003
d0b9c1f70fcc47808654bcb4f95a7e49.jpg,0384
d0ba235867d340cdb96574bd3ecafcd7.jpg,0381
d0ba898224074577a8f7f094e46523bc.jpg,0373
d0bed2d3106f49f595dff506188446d6.jpg,0136
d0c96e04af5c48abb677c8c59914558f.jpg,0366
d0cda1b6a173483d81128b05ace02dde.jpg,0264
d0cdaecc3d24452ca96203bd3f409b96.jpg,0312
d0d0126b843544c7ab8377b43f6f83df.jpg,0008
d0d09c5ecdfc4adfb1dd414e9e61bd3b.jpg,0330
d0d128c880d4441fa94bc73d01ea809f.jpg,0099
d0d617955c2145778df321326ad54a52.jpg,0362
d0da6484a68c459697c09e25ff5de8d4.jpg,0093
d0dabcd7247e43be95189324890aa723.jpg,0243
d0dcd4bb0fba40ab91983e1afa605755.jpg,0245
d0e01c0d752c44b991aafdd54fa31f87.jpg,0243
d0e52eac41d745b193bf7ea13827b9a1.jpg,0463
d0ef6507e75147aea45d242b8239a3ba.jpg,0017
d0ef852bb4534ac8b566663a59c1bb77.jpg,0419
d0f0827890874cd785ff4a605cdc25c5.jpg,0063
d0f8ef2c9c364043afe4724b754993da.jpg,0218
d0f92c6b17874a8fbcc2db9107640061.jpg,0180
d0fb50d20f07469d88a3aaf2de08884f.jpg,0277
d0fb5f4bc090488287de31637822fdd9.jpg,0093
d10030edaa0e434988d0f2104ea303b8.jpg,0351
d10125fd54104c38ad63e5897a04c59d.jpg,0224
d102c47c9f354e9db3d0e867303e800d.jpg,0314
d10352a8ddce46a99c28eed50d6be30f.jpg,0276
d106a3c5c68b4184b3cfc978dc0a559d.jpg,0475
d106d8d040d0434c9c5748f351d4a7ee.jpg,0291
d10815fe327c40cca5aa0532538b95b9.jpg,0210
d10adaf7718a4a61a7fcafd0ca0368b7.jpg,0277
d10c4cd0eafe4e65a7e2e2ca1d16b16d.jpg,0288
d10d9f3ce8c24d79bee5e3be283ce328.jpg,0175
d10fadfeec814212a260a78a6922b558.jpg,0113
d1103a97ea3947d8aae3ff83d15cddc8.jpg,0268
d1103c1ff0b1410ba93764a80b130a82.jpg,0404
d11048a2a77340b0bb68339b17711030.jpg,0094
d11078a4d80146ad9c7e9c0d8eabf10f.jpg,0379
d110a439b156461fae55c8005d399b60.jpg,0082
d115bb959c184518848c860761c84f99.jpg,0210
d118d1654d8f4c429d466d0715ed8341.jpg,0365
d11e3d60610946018abf37b85af0c628.jpg,0272
d11f8a9ffffe472ca685c112eea4e6dd.jpg,0050
d11f8ce503114aacad1a09fc6278193f.jpg,0402
d11fe8832d7648fab5b0366427a26d37.jpg,0254
d1227c5ebf5643ee9919995c0879b4a0.jpg,0074
d126545cccc249fca7509b14f6255688.jpg,0036
d126bd98a90545b99044403c6fd8e5fe.jpg,0102
d128e999bbc444d9bad310beaa93557a.jpg,0421
d12a8f54d5004474aa832da28416c3cc.jpg,0466
d1370900468441b68b77db59b88e8a69.jpg,0179
d137e8c1b8be4e818fe530ce82384ae0.jpg,0191
d13804672e8e42a2a26f0c605e17f974.jpg,0215
d13944cd52c54e96a2717a234f5b343e.jpg,0486
d13d7da8e8d14292b3e8713daf9883b8.jpg,0342
d13e4a8f86634f0d83883465506c33e3.jpg,0295
d1413c111d364789a2a6a2cc32f8dbd1.jpg,0144
d141e6c635594090b3e0a219b4d4554b.jpg,0081
d142f096608248a18c772caeb9f8d764.jpg,0066
d1478367594c4a4ea6b815013b6b82f3.jpg,0411
d1494c3fe2f343a0b2822390d8da75c0.jpg,0484
d14f8288a80e40cfbd097c9d09326173.jpg,0122
d1587580645d4fb6bcb9569cb60e00c0.jpg,0165
d159db729316413caf5d990b3e1467a6.jpg,0387
d15c74a438f34a97b9cc41ce988ac8ff.jpg,0211
d161142bcf794020978dfea2edd5b4af.jpg,0107
d1646caa01ca46d58d6b729c1f9fc973.jpg,0139
d164eac2fade4741afdfe8d90c7f40ec.jpg,0467
d167d0f7691f41b99bd1831fcdd99859.jpg,0200
d16bd17f5762429e8b3433b68c2e0c44.jpg,0064
d16c3036b893455786688e370e606386.jpg,0485
d16f75c4e405424e992af7193b3d56e4.jpg,0153
d172eb9f91bc44caa24913c984d89815.jpg,0476
d177977b8a1c4557b7b377c0ffdc71fe.jpg,0203
d17afe0c29604187ac86a0f0744c1eda.jpg,0381
d17e3197167b41f8a38756b93fef4df0.jpg,0047
d182e20176cc402fb1be2a4a1e24d9c3.jpg,0293
d185ee97798e48669908302afa0fe25d.jpg,0131
d187dd3b01734e1683126412569438bb.jpg,0381
d18889d44b7649119335164f332c4df4.jpg,0091
d18d4cd8e301497aa51ee6ec180c8168.jpg,0057
d19055e77f1f403c85d77d3be32470e3.jpg,0150
d1911fb9ec8746c683cecaef5929cceb.jpg,0468
d192ee50c7bb49c281defa879f624b42.jpg,0369
d194d66f9a0a4100baa653b49a47f8c2.jpg,0411
d19a7c737c504edd935bc14ac760fa8b.jpg,0316
d19ac44c064b4c858b3100c5b7e5630f.jpg,0077
d1a3908b797b4d4d9617bca28da58db2.jpg,0336
d1a6909982524dec92c20181dc90851f.jpg,0354
d1a7559e2aab441a888b0deec0528715.jpg,0333
d1b10aa135e54d32aa4d2817778a134b.jpg,0456
d1b16899689e4553b7379883bcaa682b.jpg,0094
d1b326649a0c4b8b9a79cf42f0e3f15e.jpg,0025
d1b4574c66074e8baf7a688c61390dcf.jpg,0317
d1b5be0a86a24034bf2bbbb181afb88d.jpg,0386
d1b8f311831c4274a95dbb021746e349.jpg,0214
d1ba36dd9c5342c79caf432988954f26.jpg,0017
d1ba644f15054aa59c305993649b3552.jpg,0324
d1c342423a874c0e9cf11a7b906e2004.jpg,0280
d1c75809b0024a1d97a87065e30ba9f0.jpg,0089
d1c8f01968814e3bb22ca3d7f95d2ad1.jpg,0164
d1c9ec0663bf48b8bb97e157e3309c72.jpg,0214
d1cb52d76fbb44ada3309ced911beedb.jpg,0011
d1cfe4d9fbe6489184d8f42c91c99a72.jpg,0292
d1d33f7d210f4d2597c7a2e12b83e05e.jpg,0475
d1d7d80d492a40b89c9557dee8d44db4.jpg,0018
d1d8a7c513d64f97ba92827e28b5f349.jpg,0326
d1db3a551bd444b9aecb78ed854d86cd.jpg,0123
d1e4455519644961a7edec7cc5aa6c50.jpg,0180
d1e640f56582478fb739c18da0a8c4c3.jpg,0049
d1e6bc76bfc546838a2744a668165d86.jpg,0399
d1e77cc691b14d0ba2f9e2906cd098ed.jpg,0072
d1e8d763778f4e519e86b1a9a4e56942.jpg,0185
d1e92b4945f844dabf77c12739b10da6.jpg,0381
d1eb26720b1b4f148a1b412e8fddb45f.jpg,0042
d1ef7bd07cf2490f8d367793e652d019.jpg,0084
d1fa55e97abe4b4ba032c971648c817b.jpg,0142
d2034b0f4d4b4002b481521d2936c4bc.jpg,0005
d20616c7e19943689bc56fbc50170bea.jpg,0133
d20737c8d7d74a12a5074651812d015d.jpg,0049
d207f2a4915e4c9eac66423f91a90668.jpg,0090
d20c0536f5cd48c2b30b069f3537bf10.jpg,0193
d21093adbe9b49c88cfb69fae3f81250.jpg,0164
d2142e8fc8124855942391c38d047fef.jpg,0140
d214b4936fb843f3a6136a9543e5d7b7.jpg,0100
d21504a7267a4a5e81bfcf37962f1ff0.jpg,0386
d218aab971d54136b30e70246543f3b3.jpg,0241
d21c6abbd0bc4958b457220b729834af.jpg,0115
d21eb26ab0e743e280bfb47069678107.jpg,0163
d21f9b1379bf4c6fa13e6844990feb02.jpg,0390
d22424ec3b444ab9bcaf0d092db25ce7.jpg,0132
d22672d5857f4f99ad3c3a176a224341.jpg,0110
d22c7c84805a468ba8c651ef9aada94c.jpg,0431
d22dd7b96d304d60b707c5c99fccafec.jpg,0140
d22e777045984c61be6cf9eb5111a1e8.jpg,0319
d22edafde0a349a69381c23f3fdba59d.jpg,0494
d23089f7b1c749fbb901f982e4ad5c30.jpg,0406
d23994fb5f394e8788c8c8bc382c13a2.jpg,0274
d23aff0efdc04e6c92d203e25495763d.jpg,0398
d23bda84f85f473ba9f07ddc35ff55b5.jpg,0159
d23bdde8f6674aecb24c32d50b616ae2.jpg,0330
d23cf9bbbb8a47cc87d47d6531269f26.jpg,0098
d23d1b58e71d4e1a917d2353e5810b03.jpg,0286
d23dd1659e944393aba0f5527fb5b688.jpg,0297
d23e790b771948e299cb8f7a5d77c194.jpg,0380
d2411006524b4bbf8733a70c7e7ed8fb.jpg,0183
d242b666bd094fedba560658fcc5ba76.jpg,0420
d2491eed2fee4ee692a4057de063b29e.jpg,0003
d24c38a1fcaf4ad89819df7fec162e12.jpg,0014
d24c6994e8e143d58f8814870cdf3bce.jpg,0249
d259b3f10dae4810bcc114e51f48ce0c.jpg,0306
d259c02673704de083e7e21f2a05e627.jpg,0422
d25cb034810f451babb0c6ace3cc20b5.jpg,0373
d25eaefee33c4b92a89bb4ccc52475b6.jpg,0098
d25f9c13a8464f03b13c6d8162c3774f.jpg,0007
d26340e521b8475f8618d231a632fa25.jpg,0265
d266fa19ae88481398996be45c1cad36.jpg,0175
d269f3d41d1c4b8b80eb8e37b1536605.jpg,0308
d26d7254811547ce9bd90ceca9d56bd4.jpg,0352
d26dd312739d4c9e96914d1806221981.jpg,0454
d26f518d561a41a8acdeb15632cde8e0.jpg,0011
d272fb70936b4d8d8dab6aa63f7cc127.jpg,0274
d27458e790ae4d93bec8b7e61fa4a10a.jpg,0488
d2770531348340dda6769d9bc9e0d37a.jpg,0499
d284d7bd7f8c448998395034563efb7f.jpg,0014
d28839e92feb41e8a5ce747f732df97e.jpg,0045
d2890c6c75684275aa8d75296c5357bc.jpg,0329
d289d19a315e44b2881b08dcdc49a262.jpg,0092
d2901a496b194313a2b8d96747959dc2.jpg,0019
d292d13672b14a8db44d1d9a335b7d56.jpg,0065
d29502e0c7104ff9b50132b13d896810.jpg,0438
d296a51c62f847b6b60915a4df6db77d.jpg,0176
d29bbc92e44a4de99710ac1fab8422fe.jpg,0397
d29d1697ba47478ab0a6aecb06de829c.jpg,0378
d29e1bd3182b4509b317fc8bc74ba909.jpg,0334
d29e30bca0724d7da8d4bb4154fa9657.jpg,0492
d29fd56300d24fd7ba8cc6c0c1a5f0b9.jpg,0435
d2a3195897df4e198262bd73062397c5.jpg,0499
d2a396a24e024729ab4557c7e725e801.jpg,0361
d2a4f974738a4d7abb93159cde7c4e71.jpg,0456
d2a899612f4341769dec3a4abcefd01e.jpg,0018
d2af3d3468134fac9bb3140ff04f99c4.jpg,0051
d2b2643729ab40789638b00aa2669368.jpg,0132
d2b753238b2347e6a9578cad97627ba7.jpg,0386
d2b79ff4e3274ad59f8abe0efb6f8bdc.jpg,0214
d2ba7541ddf446ff933f0583f217fc45.jpg,0351
d2babdd1acd6407e852ee7e781659fcc.jpg,0286
d2bf96f9da4342f7b65c431de8b5f62e.jpg,0111
d2c0855a58d24e4cac87c5e50876bfba.jpg,0325
d2c17aea3e8f4e65bbfd5328acdf38d0.jpg,0045
d2c17cd26ecb411a8bf2b16ba2124c5c.jpg,0007
d2c8043c14b9450da3ae5c69d67848cd.jpg,0078
d2c804d3d9944457978fe4ef9c134bcf.jpg,0354
d2c8c1ded9f44d6b9c87715a1c1ce5e4.jpg,0170
d2c94f89dac541cc8f44278c92fbd1a9.jpg,0292
d2cbc6edc7a04ce5b57f9887a25b0724.jpg,0197
d2d2558c2f394670866c02f513d1a8b0.jpg,0045
d2d4f61d5a1144a981398af1bf062fb5.jpg,0362
d2da4c35a6d04854a6c1134c4034f73b.jpg,0334
d2dc461bf8674229945d3f54764250df.jpg,0334
d2e0b80955264695b64659c84e547420.jpg,0268
d2e55bc14e7941b88d9444d9defdb6c5.jpg,0200
d2e764826cf9407cad603f8a57d22288.jpg,0330
d2eb06927a6f427e816e0c99f44dc2f4.jpg,0398
d2ebd8be12a245f79e4237b5022552da.jpg,0030
d2edf5a5b6f04cabb3c8e354b3b072a5.jpg,0325
d2f36be6e49447afa5df2ca3ce7c428d.jpg,0145
d2fbb5f01d8c41ae9e030ac908836431.jpg,0117
d2fcdd6e0ea64455b5a7e3e2964dd864.jpg,0180
d2ffcf7be6674546a250a0f6796daa57.jpg,0118
d30167a328724bcc8e2711ca6af408a0.jpg,0093
d3017245ce8941d5b202c113a4d96f65.jpg,0447
d3062c89ee7449ec8895bdd3dd973fd6.jpg,0401
d307810142bb427f9ce3990f8c7fcfb6.jpg,0168
d3085da738264b1d95d1f51bdfe14b11.jpg,0289
d308dd6c2287421088830b388a82c017.jpg,0073
d30b58aad7c345178145c1ee1596ead5.jpg,0265
d30d7b32176a4ce6908444e458a2b4ed.jpg,0289
d30fae96f320429dafe77e909d1fea97.jpg,0252
d310aa298ab545aaa9b104fec0760a7a.jpg,0398
d310db858219474385d11d2099a3a8cb.jpg,0073
d311aadb403347a8afefe09bc6ab5bc3.jpg,0031
d312298d11c6448f8edca0904f1f4334.jpg,0473
d314c99fdeef4cd593d08eecaf37c957.jpg,0004
d31a5a2beacf42018562a8f4fa805ec3.jpg,0049
d31a6622c13640418a4b3f860b6f169b.jpg,0402
d31ca20abef0441a8546a633905decf5.jpg,0142
d322c913738f412281e5afecf8912cb8.jpg,0381
d32a0d0eec91490587ad51fcb1bdb290.jpg,0224
d32a431f163b48ae8fef45f8d69f1fc8.jpg,0247
d32c13906d7b4ddca95b31c77891d540.jpg,0133
d32ff3a6c8214f38a1319498deb010c4.jpg,0000
d330ddac954c45f79c089276e955c270.jpg,0245
d332c6cad1b242679d60b941327f3751.jpg,0081
d3341cdbd6a444f3960154384e827ca8.jpg,0277
d3369a9bba38402ea15e52b356d859ee.jpg,0471
d3369c26ab374b6ba13cb62a4a458da9.jpg,0334
d33e867d8f744f448048624e3e600d3a.jpg,0294
d34072339ef64a4d9fc7e7030dc68a44.jpg,0261
d342107c15cb434cbf14b85f6c8f0ed5.jpg,0166
d3428272b413472bae391b5b581ac17a.jpg,0108
d344d357918b4d72874f6ff585c94ce5.jpg,0398
d3452846312d4e03a7c274db855c937c.jpg,0375
d348030ba0be45318d5954850b6d2085.jpg,0434
d3488dfc0bf54c5db08bce4b115a3a07.jpg,0472
d3499761ce5a4946859a631e0fc33502.jpg,0228
d34a012d06ba4706a138402a72ad8e23.jpg,0223
d34e4fc7bac74cc88e84866a1e39ef05.jpg,0147
d34f930d83d748548309aff35e687c10.jpg,0071
d354178e87494e6f91d3b76d1e959ecf.jpg,0374
d3555f4d1f0e4795ae8114f27241fc50.jpg,0031
d3616d6dcf68448faf6b704a8a8bdf33.jpg,0449
d363d2f016aa40f3b0dd145b81dbaf7c.jpg,0170
d3694f28a96d49728ddc3ec621b1b306.jpg,0288
d36a5d450c804d88b401e454d7f32dc1.jpg,0318
d36d5e75e9034b8896e87f2ed2ab1066.jpg,0330
d36fc717031842dfa03a11b9770b20a7.jpg,0293
d3714dec433d4eeab719bfb198758893.jpg,0271
d373dbca0b9d4b9b90716f3abb2996bc.jpg,0060
d379e49cb4c44a7caaa9a742e96e4d4a.jpg,0106
d37c41a5214d4527a3630932780dfa59.jpg,0099
d37c57c973fc419ebfc7c0362dad0432.jpg,0382
d37f29b1afd945e3ad6f541fdef2c7a6.jpg,0088
d3855ee89c114562b533888813037da0.jpg,0163
d38787c7b0074d428b064aa00809886f.jpg,0471
d389770f9ec14e2a8bb60527c78f275b.jpg,0155
d38c3b7889694ac2bbda94b297a64de3.jpg,0084
d38efcf2ab294710906939dcc7018044.jpg,0445
d392b7714c274307b01b4b134efcb893.jpg,0461
d39475316ca048dc888a49f9875046d1.jpg,0446
d39927da144f4eabac071eaf446bb4bd.jpg,0458
d399ce752dcb411abc793314bd447fbb.jpg,0400
d39b185159e24483bac8136257f119fc.jpg,0313
d39b98552aaf4fcea38abdb3244e107c.jpg,0160
d39bae3a5d46406682c58ae4303177e5.jpg,0346
d39cb86d4c08444e8cd537269fecd711.jpg,0255
d39f1e7547c847bfb49c4321b26f9f69.jpg,0096
d3a380916d384898884f1125c3beb18e.jpg,0475
d3a3a95367784b2ca2edb3221ef07619.jpg,0434
d3a600cf62a848f2b8bae2eb4ac8e185.jpg,0265
d3a7b42676af440aa16c48c450cb9f8f.jpg,0137
d3a8cb00e6f6403cb31a30e9ee9d4e41.jpg,0303
d3aec84580c0434f8b406c9afcc65045.jpg,0359
d3afe997dd604f64b160716ba6dd8fd1.jpg,0112
d3b5dbf4c12f4909b2e7c9f957a4f4a3.jpg,0474
d3bbda0bac5c43e680e24923cc46afcb.jpg,0353
d3c6341fab174c2cb3c8d168cee5cdba.jpg,0043
d3cd5bf3fb3d452db4b50f4a0df63252.jpg,0105
d3cdc23ae2954c88a25b7eb6aa24c23d.jpg,0144
d3ce177b023b4f549f3df66db74714d3.jpg,0367
d3cf4b0ebc9e46d8aca0bdbc2c200d85.jpg,0306
d3d0419e3994441aae6029cba4d72eba.jpg,0193
d3d4975a5db54afaae3c70705c2902e0.jpg,0117
d3d6bd02233545a6bce4ed1c3f608f78.jpg,0314
d3d74eb1c0b34d8d92f1f2e4d88b1949.jpg,0481
d3dd291b4700496287602705c059f513.jpg,0341
d3dd348867284613acf445d99ecbb592.jpg,0054
d3dd607b10e24251bba6d3f7840c9d1f.jpg,0215
d3ddb94136de4ad0a45ce703d8c1913e.jpg,0193
d3df3aec3da44255ab0639e79a21a08f.jpg,0128
d3e0e8f41aff4059938b1c483714b049.jpg,0311
d3e227b6238e42f094a0fc4aee5a68f4.jpg,0011
d3e61a97d42e4c9785c78e684eea804d.jpg,0231
d3e62a45add74a71b8c7802d3b4c53eb.jpg,0336
d3e72baefbbe413ebf508e1ccd1fca6b.jpg,0113
d3e80d6c012b47e2bedc36f3cba863b6.jpg,0203
d3e89b027f9a4783b860ac7d087d3e4c.jpg,0084
d3e920c12f614f42b37843a8a4bd9b24.jpg,0076
d3e969f2c5f042469d73ef4a6a060651.jpg,0125
d3e9e5c9e3984ac9b885b1a1fb47d6bc.jpg,0320
d3efd3c13ca94e968b018aa490e528e3.jpg,0173
d3f33a5a745f47dfa7a9368ff11907b8.jpg,0057
d3f35164e9f6483d8f4840d6d22d3b1b.jpg,0224
d3f973ec076747f8a110edc3507caece.jpg,0032
d3f984e42d004e159c6245af325cae90.jpg,0494
d3fd2db177794f8496bc7849aec4d108.jpg,0422
d3fe86b9187040d0ab7c303ff092574d.jpg,0159
d3ff0f624e5347fa9405a193665e2649.jpg,0327
d402386a6e5f47588a569bc1f6a82faf.jpg,0275
d404570784584343be4b0fb8db62ab97.jpg,0014
d404d50dd75e44889904429781d949ec.jpg,0412
d4065b0ff17f4e6291645b73754b1a81.jpg,0217
d4084c49613e4d1fb650e8cbcb9233ca.jpg,0096
d4092d9bae99461dbaff5cd3d63e93cf.jpg,0375
d409aa9d81604fcab9159cee85520f00.jpg,0088
d40b505a6f06454684a9640dbcb100b1.jpg,0250
d40c969f4fed41f5a7be4dcf0f76ae65.jpg,0231
d41490574c004fdcb26618b17f27539d.jpg,0127
d4160545d29b494bab74f57d0947ccd6.jpg,0231
d41763aa525842fa91f4c124e62a59d8.jpg,0386
d41d8def2be5435190c43a9ee260d89b.jpg,0480
d42082b1d52c4077af5bf6f0a9f91136.jpg,0454
d42604cda6e341ddb558af4ea562ab2d.jpg,0226
d42c95d6d7ab487689356606824f08e7.jpg,0373
d42d8d7e99b444b5a0cf879fa41c4724.jpg,0107
d43356d4a9d741669f8f30b517049ce3.jpg,0342
d43440504516423598a82c2fbf3fe883.jpg,0098
d4393bb0e27f4df28392e36304eb8f48.jpg,0488
d4417a58ccc6423eafa21cc202a55b61.jpg,0424
d442ba13408e4abba06a5e531eba9894.jpg,0204
d444a6b8d0654597bb4a54e08b74a4b1.jpg,0258
d445dbf626374845bdce8976adf0b705.jpg,0426
d4469a973b3b455c841056ea3ea5f72b.jpg,0066
d44784c4d1234865890e73d26887509a.jpg,0421
d44f0eebf8a04268831d45565cc04969.jpg,0282
d451abed5d55450791143b0a27a2ce88.jpg,0072
d4571c90772440e4ac7379d28546fffc.jpg,0316
d45c7f00e3964d2c92ad4c852fd4ba0f.jpg,0390
d45f6a84c90c4bfb9d85eeef8211a359.jpg,0257
d460de9a79af4215b1ffdb2c1dd8a592.jpg,0429
d46548955dd74d278c5032810da39634.jpg,0155
d4679da44f0c49c7a6dbd05ee6187d51.jpg,0467
d46a0ae0d2a641b481be0d3765bf88d8.jpg,0356
d46b648cca79497e9ef6ad7875d3af1c.jpg,0305
d4756a9087b84981a46fe1447a872c10.jpg,0113
d47616d6773d4a1ea7513c10a397b72d.jpg,0153
d47ea07bf9824f409e92fbc4288216b3.jpg,0093
d4811218b2d34fc0b239f5c6ac7841d4.jpg,0480
d48258c82c884c908bce3c2f1c3a2a3d.jpg,0028
d4825dfd0eb044208b1df8f25a0b871d.jpg,0203
d48533bb52b24a96ad54739f499a6c96.jpg,0427
d4872d27901d4f07a896f9d1842eed4a.jpg,0116
d487b0ca33da43dbbca09048ac2305b0.jpg,0497
d488c6274aea4ddabd02140a1e213a0d.jpg,0113
d4899b9333cd457e87bc72222aa28963.jpg,0463
d489cfc2c7114e4ab43f3ba798d5720f.jpg,0176
d48a251acfbc4769bb7a4cca7331ffd0.jpg,0221
d48f4e80d3374e87a5abc66f51de3b5b.jpg,0069
d48fc4e8881f43e486f0b51094eb1e5d.jpg,0396
d494874313aa403bb612e9e7138ddf4d.jpg,0166
d494965cfab547a4951f379302429ef7.jpg,0079
d49606b5742241f692741480fd7aab29.jpg,0366
d497a68cdec04f578942cd86dd51717b.jpg,0345
d4998fd572e74765bfb86771f80bf3ce.jpg,0368
d49bbfdaa15e48d0ac5230157424d9f2.jpg,0171
d49d18741d7c4eae9f12e1e7c69aa0f8.jpg,0447
d4a26b08d7c44c8e8cc0c80236331ef3.jpg,0442
d4aa445901df47948b51678c1805806c.jpg,0294
d4ac9c087dfe42f3a829e7b5cbf7d363.jpg,0089
d4acaf2dfbac4746b32c6bc695ae66c1.jpg,0376
d4af7b1752f54483803488acd9922761.jpg,0072
d4b2f6d4c5704c3a82a25d8f9f4c42bd.jpg,0259
d4b330db44164b45818fafd55410080d.jpg,0219
d4b37bd799ba42619cae5c801405d491.jpg,0349
d4b898106a4f4b43b3e3f47d63d9ea4d.jpg,0496
d4b9c6ae803043a9a691a0b87684b467.jpg,0383
d4bcc823cac04f518ce30304ad2fcdf4.jpg,0443
d4be669ad7f34ae285d51626f041a156.jpg,0324
d4c059a3e96e47da82766ffb2b2c09bc.jpg,0472
d4c0845c8b524bbe93c0957464eecbed.jpg,0477
d4c367deacc4492f834d411ff1477eba.jpg,0090
d4c83b56ff8942c1a7ed2426162a3486.jpg,0467
d4c9211d20384b55a5aa361732a53bec.jpg,0056
d4ca3c554a3e4a17bfe2484eb464cd7a.jpg,0183
d4ca6ef0f9bc4edeb7432fa86a821f22.jpg,0010
d4cec0090b5e4f1394f67488b9b4bc50.jpg,0251
d4cf7af431de455f90afdbeffa228701.jpg,0476
d4d2f8f674754f86ad8de86e5603701e.jpg,0181
d4d3febd6a1949449268b72754de9781.jpg,0341
d4d5f6e08d23402299414b7e3d904946.jpg,0134
d4d983ac982b44f1a96a384a1d3938aa.jpg,0210
d4dc0bab3994421e8bb7de0453688697.jpg,0199
d4e3feffc6bb43e39ef742b5eb29421f.jpg,0030
d4e481bd352547708ac1e60171bea028.jpg,0047
d4e7b90a642948da8fe7638412e3dfe5.jpg,0219
d4edfbbbb92f4708861076f93dee085a.jpg,0003
d4ee13ff80314b8183c027b06535e3b6.jpg,0395
d4eec3f000b74d178932cc602b840b1d.jpg,0351
d4efe973d3294caeaa6d97169ff6577c.jpg,0416
d4f096f7c19b4b2ab730aab9339a08fa.jpg,0472
d4f2d5c60d344cb49f761c4282acf7b2.jpg,0330
d4f345f9cf5a482d958c5ca5167378fe.jpg,0220
d4f43eecab08419989ceb13a099e16f7.jpg,0223
d4f74c8ce111429bab6f86fe48abcfaa.jpg,0094
d4f8568ba23e4b49987ffc70210fa494.jpg,0240
d4fd1bffc69946fe849881ef2a859535.jpg,0068
d4fd83e58c9842c5a82c15a3e407ecdc.jpg,0156
d501c45a877c4430a835cd008bb49745.jpg,0467
d502c89d480d4daa961df5e873cc7150.jpg,0412
d5039c9dcf7f45668886efef6ce886ab.jpg,0452
d507fa572101486e98a7ae5acc2f61f0.jpg,0132
d508ae9173e44eac8531be6ed288e933.jpg,0088
d509d2a43d984c20b2cc2b65ab653122.jpg,0089
d50a5b99bfdd41098a72180f91295ee6.jpg,0448
d50d993eacd545b696ce456a31200fb6.jpg,0339
d50e3daa6adc4e1f88e3a3982dcfedc2.jpg,0239
d510fa4520b74648bf32c290b1cbbd78.jpg,0212
d51dd75d6d064507ad82abd3007fd551.jpg,0461
d520e150fea94d959b6d92437d600fcb.jpg,0318
d5224b76f3044f9e820d1074e6d02d0a.jpg,0037
d523bbf212b44d5882c781a3339e8926.jpg,0482
d524280bc4224db1951d55665ad09fdf.jpg,0041
d527848280bf44b784342f2e2e1b9959.jpg,0091
d527bfac98e84319b26f858a26233666.jpg,0402
d52ea98e3ad24010a644425be948d136.jpg,0113
d53210c2dda84c0ab9edb96335804837.jpg,0423
d5340da2590a46feac0ae75873ee9c76.jpg,0464
d535ce12ce0141c3b0037f1e2e732a89.jpg,0081
d5368109bb794d0f97032363630efb55.jpg,0105
d53d3acbdd0e4643971a47d8ee584b94.jpg,0309
d53f2d3d210441dcaf240f51a6a5aef0.jpg,0084
d5451d9bc62b46aebb6f00c49fe35784.jpg,0087
d54b9ed7667e428f9acc110d44b7a72a.jpg,0111
d54ecfa0492e4f33a5355909d209bcf3.jpg,0227
d550a2f9e4f542098244a8a237863ca0.jpg,0392
d55186f6c4a149d59c9a5cb98ce4b3f9.jpg,0437
d5539cfbd63a4239abee74f233b21dd9.jpg,0105
d553e32f16f64ee59e036090d13ed39c.jpg,0278
d5571d3cb8be42b9a42495e700dfee7e.jpg,0210
d55958d4c6704cbc9f387cb77094c552.jpg,0493
d55e7a0d2b0d48248637a4a44414dc00.jpg,0286
d5618d0c9a0e4ce694a029daed93aebd.jpg,0322
d5619e280dd04219bbf65ad3cab886d9.jpg,0486
d565253e2f4c4a5eaacf5fc413522efa.jpg,0325
d571703874a642b68b4634ee2b250018.jpg,0071
d573639d950d4144880225757bba3b2c.jpg,0021
d57416d45a2e408fa21f7f66c4d45453.jpg,0279
d575cf18ed87437db8209abb8f498a96.jpg,0149
d5792b5ea49c4786afe1f702459ab9ff.jpg,0107
d579db8e98614f538d751b0aa4991325.jpg,0068
d57fe720c212445d81f40fc0eb9bc815.jpg,0316
d581e02ed991425a80441b7f2da39a66.jpg,0196
d5855cda5cf34001ab76a143477b31f6.jpg,0261
d58734cca54f4baba54905034aa66d28.jpg,0160
d58784c48c5e4c7daafbb65c47bd57da.jpg,0215
d5895d9107a8462797b586defb6df2ee.jpg,0162
d58bdce065f14543bc5fcce00d59086b.jpg,0100
d58d4db8ed404d6498714f1f3bfb2889.jpg,0445
d58da07602ba4844af4c697dce26d51f.jpg,0063
d58f8373e14549cdb9ffd90d8a23aa4f.jpg,0148
d58fdd0cfd7d4a15b0bc6c013a9d7651.jpg,0174
d5907e1215434043ab3493b2c4b99f48.jpg,0390
d595d629f4c54b179300798e25244304.jpg,0216
d595e2463b964725a3d68b76f86f646c.jpg,0299
d5993fd2d4e7415eb29410ed328aa4e7.jpg,0194
d59b0d0222104cf58d09450125d8aa10.jpg,0228
d59cac576b55403e9d52bf28a09ea6c2.jpg,0218
d59d48e7b10e422abd6dc9f5448adc25.jpg,0266
d59e2595c305408ba650d8ae964bab84.jpg,0047
d59f34741ac94eff91bf23d38cc472f3.jpg,0002
d5a55e34e52141a6880bb9b1310578c8.jpg,0322
d5a674b060c048b590f74ccbab61448e.jpg,0100
d5a736b7558c46a7aa7410b7df2c4998.jpg,0087
d5a7867c99e34a06bf033e9f2c0a5cc1.jpg,0159
d5a870d73e7d4ede9de0a06b05b13b8b.jpg,0364
d5ab1ec4dc1549e5af7d7dbd9c97e216.jpg,0065
d5ab86db34f140a487d530dec5776277.jpg,0075
d5b06d86ccce4d32aa7367fc16f527f1.jpg,0317
d5b092094d4c43f1aa82737fa3ce133b.jpg,0488
d5b12b11dd08435ab0704196b2d533aa.jpg,0391
d5b4c75bc0084738ad58b38507b431e6.jpg,0122
d5b764e4160f42e5863017c92927e54d.jpg,0326
d5b8a679e7e949318b953986cc6d1a56.jpg,0282
d5bcdbf390f9429aa495dfd17ffb3d67.jpg,0319
d5c1aa8e71c34184bb067e15a5b1bfdc.jpg,0015
d5c3521a14824df386df58c595c782f2.jpg,0200
d5c8969e836c4e429c0571d3f6c05f81.jpg,0484
d5cb1878e3ab401997cf9c9620555f36.jpg,0142
d5d17ef36cc54328a33d2b801926d51e.jpg,0112
d5d7884867b24013b5bf266cf99c3cea.jpg,0343
d5d820e8eb6a4c6f86329c80831ef26e.jpg,0404
d5dcde2a7a874a7b8a7d0f8688531c1c.jpg,0063
d5dfea7055f440b7964949992c381340.jpg,0423
d5e341333ca14e2bb6411011c4980adc.jpg,0105
d5e8fec041084175b5b4e6c443681902.jpg,0006
d5e90540f1b942edbc0d408d1697ffa3.jpg,0136
d5ea4cac2e8348cf988e30405586ae21.jpg,0116
d5eeeca36d7442728b51f30d31080933.jpg,0394
d5ef4ec93c034394ba25270eb4104a23.jpg,0482
d5f17fa0be9b4972b6bedcc8e2aa871e.jpg,0429
d5f18016d6794714bb0842f0920e92af.jpg,0363
d5f1ce67dac94232ae048bfaec06fddb.jpg,0430
d5f5c046af0b4d3886266da48c99e655.jpg,0276
d5fa52ad2c3b4785b38f66c58b8aa3a3.jpg,0210
d602cebd762041818f25565e842353f5.jpg,0158
d608c871987d481da1988c29c1359cb0.jpg,0297
d60b282633be4362b14e6571c326dcd3.jpg,0430
d60c5d6020fb4e8aa38c181676a2f13d.jpg,0023
d60ea9717f1f49508314b0c9813efba6.jpg,0066
d611f875fac54a94b91e97218c001424.jpg,0201
d614f07d5f0949f78b01d9dc14e887bb.jpg,0447
d61565b7442640bfb58e0c4a3a064b4d.jpg,0011
d61a97b72c014da4a77f3adc91b1ceb6.jpg,0011
d61c09e4709648c2834f192adcd9392e.jpg,0480
d61e6499ada24d87b3e44ed63aacb944.jpg,0043
d622280f9bd94d36ae8386593adf46d7.jpg,0427
d623062047124818b728fe886d68f0df.jpg,0282
d625071f47394e1985f6c5a58af0d06c.jpg,0133
d627198b54754abdbc7658234a309735.jpg,0143
d6280d0bbab44940a407cf0461a74ef0.jpg,0452
d6293977547b4988b529a8264af40434.jpg,0097
d62aa8cd579a46e996fdf5d7fb5a33bf.jpg,0292
d62ad9c258164c02a1e23db78175bb72.jpg,0476
d62b4755d44e43049fccd5490f9e6517.jpg,0092
d62c753968334054b1618bc0e4a715af.jpg,0203
d635d766f3824b6fb85d1423e73f1593.jpg,0289
d63735f3d65149fd8c17b8a282810328.jpg,0260
d6373f25ff6242e7bf00baefd2b4c24b.jpg,0155
d6394847e7ac44df88e3d78596177042.jpg,0486
d63eff8607ff431186983c8562b84c77.jpg,0144
d63fee13109c483d8d57efda49fe67aa.jpg,0321
d6411f99aa244258ad09603cee274784.jpg,0459
d644832820dc42dcb2389a19bc6a44d2.jpg,0034
d6479632d17946c7966176f9dc262ae0.jpg,0454
d647a180769845dea53ae90acdafaa30.jpg,0090
d64f93fbc2e14919bc3205c7c29b5aba.jpg,0198
d651b417e462410c89c3acf55b79ff15.jpg,0337
d654ee2d8046452790f94b7e11f63c6e.jpg,0146
d656ec4d93c64cf0bfc52b2803f9fbf6.jpg,0395
d6573570c36448c98a8d12f1283de81f.jpg,0400
d658c1faf31c40d5a2498be5f7af5fba.jpg,0353
d658ff3b656a414582c4f9cb4ee1f68c.jpg,0338
d65d8a912c9f44ecb58d50dfd4d983d2.jpg,0443
d65da14683db43a6af28d44d3ba483a9.jpg,0426
d660da862d6c4d668e891eb46d288ffb.jpg,0310
d661f0ae179e46ff92045931acf5fe78.jpg,0031
d665e53ed5c7414688fa1f4a6ff118f3.jpg,0363
d6699d2d6b10476fbf12b3612cffff51.jpg,0294
d66a54e4629946f796b810f12a31058b.jpg,0310
d66b2194bb1f42bdb85c3273da6eba04.jpg,0175
d672664881bd4fa99bc3a8480f47661e.jpg,0038
d6727f83b1164ab5a53f13f189956262.jpg,0244
d673448aea104fa985239b780b0a7d1e.jpg,0474
d6780551465f49c495ad20234bb5410b.jpg,0426
d679a721eacb4fd593083f2ba60cc380.jpg,0307
d67ae1b26774476eb861227002562c62.jpg,0214
d67ae96e7d0b4908922f5a2418146ad2.jpg,0356
d67bbecd2282409aaba2b3c9b2af88a7.jpg,0095
d67cd5a8f00a408ebc6770e2625c97ed.jpg,0137
d681a26bf561434ea0729852c68ed59f.jpg,0141
d689edf9c33049a28f459b2c4581c90c.jpg,0102
d68c5ef5c82444fa88a83adc4c7d060b.jpg,0287
d68d0b83786144898974597cf704c467.jpg,0020
d68dd32c42314b2e81b4155cd989e710.jpg,0009
d695d0174c34471aa511be2f2b06f506.jpg,0278
d69738a761dd4526bc544f39f55e4381.jpg,0486
d697889714164c16a8cd44104d5acdef.jpg,0327
d69b90d95b3e4c43a980aa0282525990.jpg,0124
d69c4c77617a4aabb33d7d467cfe410d.jpg,0386
d69de755d336476b9e998110ac4dfde7.jpg,0253
d69fce58220c45e6bb625c3947a0bbc8.jpg,0078
d6a32858bcbc4bb793da6571b473830b.jpg,0409
d6a46fdebc734419847f57e95418dd21.jpg,0033
d6a4cba2a90845129789a71d1d6e35b6.jpg,0075
d6a82b51835c457eb87865e077ee80d9.jpg,0480
d6a91bfeb9454b5697ddb7d92fbd5cdd.jpg,0214
d6a9c883e3394e0aba27804480746d88.jpg,0135
d6ac205f0020456481bbbc0fec8254a8.jpg,0229
d6ade5c4989142e3b52fa56a69823ec2.jpg,0240
d6b87357f2de4681a28c3741192dccae.jpg,0064
d6b93bd7422944409cb7070d477c0498.jpg,0329
d6b961ad067f453d82609cd73738c339.jpg,0362
d6be949ff9bf4026ba68c94424b1a838.jpg,0250
d6cbe1c01a304b81a3b82bae6832e0d4.jpg,0061
d6cbe76352b64d5ab759adbd60536973.jpg,0325
d6d06bd902604410b408fbedc853d53d.jpg,0344
d6d0d12e2cd44c93b6500fdceaca52e7.jpg,0416
d6d1e23adadf48909a9141ac3a27f765.jpg,0211
d6d1fe55290c4b1b9700518feaa40c10.jpg,0283
d6d234fa7f374c16998effe37f03bd2b.jpg,0254
d6d32069d30e48fba001206c4a7afca4.jpg,0317
d6d81517f2c040c991dd9dfd7629e3a4.jpg,0230
d6d833b217f54be0b2a0fc8f8c9f7429.jpg,0398
d6dccfbc895d46c89c76d8d037b003f5.jpg,0307
d6dd8d6edaaf4545b66091ed91f57c9a.jpg,0451
d6df4e7ee7fd4caa9f3bf13a916f19bf.jpg,0448
d6e09a5a7e21409badd5465a77cba135.jpg,0375
d6e354e8a8a5462eb6e424d21266cbbe.jpg,0219
d6e4ce26f48045c1b75c6d4490f4361f.jpg,0486
d6e51d3c604b4642bab8d791fb1f8d57.jpg,0342
d6e667bb50214061808d38b535261e71.jpg,0320
d6ef5ee04d654d308f5a64c3db3ba9cc.jpg,0402
d6effebb499c40eda43d7a7e2ab8a069.jpg,0071
d6f21a66473442559ccfed8cb0b0b124.jpg,0335
d6f2faf4b14f400dac33eeb35dac0c26.jpg,0092
d6f64c076e2145f78b6b6b15056a4a52.jpg,0029
d6f702c9f07a4ab393f8a5f384b49d62.jpg,0120
d6f7e1f10b994ccf8d3564b1fcb4262e.jpg,0185
d6faba3f1e184b2dbb05b78f7187aec7.jpg,0041
d6fc17c0abd448298430fd22d143f011.jpg,0304
d6fc8b71a8ed4d569a2f94834744548e.jpg,0443
d70114022b52449b80a2f189225d0bd0.jpg,0210
d70268d81d7b4c7a94cebf27d53d6281.jpg,0114
d702e4ce4590473dadf2704ccd1c9df3.jpg,0120
d704609c57b24d2db3082d4eb1a46ede.jpg,0063
d705679db14b453c823768df7bb1dcba.jpg,0133
d70e31096e17431591b5a35fa4a911da.jpg,0179
d71048a8b4a741e689b253e790137f05.jpg,0061
d7117c0a4a5a4cf4b2de341387699d8b.jpg,0287
d712d626e2d94681a68dbe6d9c0f5c28.jpg,0282
d71725d53c4f43aaaee871ee1e2abe2e.jpg,0465
d718b41a5a7a40f484d2392146c44c94.jpg,0483
d7199570f8724e699ea3243bdb09fed2.jpg,0388
d719f530d8a04550ad23046e6995c736.jpg,0010
d71ec141c5a74877bcc47490379527b3.jpg,0457
d7202d48f2f24d8f9042f2d213606130.jpg,0108
d723a35138964e849d26d0a3b0c3d5ba.jpg,0179
d723d6203cbd432c905b1bca7ddc7473.jpg,0449
d7249c5d9f5d4cbf9b13d39a9c761d27.jpg,0349
d727afeca9c04e57807c1351704e35fe.jpg,0470
d72da98508b74ea5890b891391783607.jpg,0205
d72f9ed2e025480bb65b022c250df03b.jpg,0389
d73a674493f94acb9cc780a9223d7644.jpg,0034
d73c60dd22af481a92eb0a7d0a6800ae.jpg,0144
d73dbe13d09d4521aa2b7ab006d0d17b.jpg,0046
d741294c525247468f271671a97229a0.jpg,0291
d743bdb3f9aa41b5a2106b7f605ebcb6.jpg,0159
d744aad208594001a71b811a7325d51f.jpg,0429
d745db8bb1444faa83ec52842912715c.jpg,0224
d748ae1160f946b180f4a276737a58e2.jpg,0329
d74d256aace7479897b6eef16970e246.jpg,0468
d750a590d6054152b8d5c76739d96735.jpg,0276
d755dc5915a943078519edfa72a43f7a.jpg,0441
d75aad4a07ca4b72bddb469177b85ae9.jpg,0171
d75e94ef014347f9b204ebad3a54a12d.jpg,0386
d761470976b444049883a41e814dd2fe.jpg,0424
d761be6415b140eebf8b95fe565452db.jpg,0197
d763e4912df24741a6bafa2466cc08c2.jpg,0315
d764952be7fd4e46b3d7f581de1e7367.jpg,0244
d764dba6d5754b2bae8d066ab240d047.jpg,0257
d766b1965ca141fd9338312eee497903.jpg,0175
d76b8dc157ec4abf9ba57b2b26d0af6c.jpg,0119
d76e26dcc4f34ed5a8a452f3f3643bcc.jpg,0200
d76fea84f3f3490e9874befe7e63301f.jpg,0400
d774bdad04db4c54b1b3411c8dfd8b2c.jpg,0060
d77d2ee78ce145718e8abd2726921c17.jpg,0464
d77f73fd5eb74712bd686ca106afe6d5.jpg,0142
d77f9e6841de491796071b05611a5adb.jpg,0430
d77fcbcc22454461bb6485ca28a5eec2.jpg,0236
d780b34fc09845a4aa5bccf6cac6658c.jpg,0177
d7827ebe33cc435ea859e0c8bf4664e0.jpg,0105
d7835eb5db3f40edb9ed1467c8bccfaf.jpg,0014
d783ba90ea49422fb30b12a880db3c1b.jpg,0447
d78593286f7940a8a0d2a35ee42a2591.jpg,0149
d78941e457544ec8aaa7e60b6af2b564.jpg,0029
d78c7cb792e34c229253396d7c20c56c.jpg,0078
d7968504fd20422a80f4e93b986514bc.jpg,0205
d79881af3dd7457bb6bf068df33311be.jpg,0329
d79ad106b3264308abafc98098370b89.jpg,0300
d7a1672391f2492a86bac160b3feb452.jpg,0048
d7ac99f32db44fc287e5a8d3172f1e70.jpg,0318
d7ade3562185412cb4ceecb6a5e83ae1.jpg,0284
d7adf16e140f481f84a94fae156e79d0.jpg,0368
d7b26432d8b14ca29fe8526f005b2210.jpg,0399
d7b2ab007b314661b3a7959d7871c9cb.jpg,0386
d7b49f6fe816441b9fb12c2486031245.jpg,0223
d7b57153aed54239870298a9ee5e1a4d.jpg,0112
d7b7e7ee73ed4f6faad641c6dad9af4f.jpg,0109
d7c0852370964100a8389512a7563aab.jpg,0402
d7c2542f1d074f278c72a7cf857e8123.jpg,0086
d7c3cc526687448e8868fe8c6501796b.jpg,0240
d7c4a9a1190440e4a55971a7e09e9f1d.jpg,0428
d7c5216866544ce3b322759b325ce60f.jpg,0019
d7c6f8c8c90f4f54a46bd396c5293734.jpg,0168
d7c7452a6a144dc59da489bace8907be.jpg,0431
d7cbc6a65d1f4cb1aa1fffb31d9ac5a3.jpg,0106
d7cca9dca79943d98e2c6ee5a6efc957.jpg,0188
d7ccc4d2a38f4e0e83ebd9f48b0017fa.jpg,0050
d7cd5a5b8616481f916975d2692f7a8c.jpg,0063
d7ce5c9c14074abb8fb0dbfbe80c54be.jpg,0284
d7d4b3a5d36b47efaa408dbb43344302.jpg,0471
d7d5b325d22f45ad91bd1728a3ff0489.jpg,0345
d7d5b74ab836464d89150ce466238733.jpg,0151
d7d5b8ec0c314df4b8190b4ed64f23a8.jpg,0283
d7d63515113f437d98533b8eddcd9dba.jpg,0331
d7dc01d7489f4391bcd831d52fb0c980.jpg,0374
d7dcdd9ca8994c818752cba144dbf322.jpg,0334
d7dcf9a1e0a54202939823506bd91262.jpg,0461
d7de006201c54e8985516d21e29cd546.jpg,0123
d7e6d5f00075422093bdaaa6c931bdd5.jpg,0045
d7e9173a6d9046f6b834f749797afeba.jpg,0327
d7e9b847df3749c7b0cd885a1e9d1e75.jpg,0129
d7f3452bf2b3449bb94784c4154be876.jpg,0248
d7f45afd234f4bd68a19cf68bdc03376.jpg,0015
d7f92352cdf14ae28a0f11f841e54263.jpg,0458
d7ff27c631dd4055bd2a830bd608b2d3.jpg,0083
d7ff593d1fdb46d792ed7d6fed217e16.jpg,0265
d801decb25f44d6e9b2e9c5f7ecbbda1.jpg,0399
d80350c78b9a41cfbac0a613dc9efcd4.jpg,0378
d806e35fea434395a0e79d90d77524e7.jpg,0018
d8079504ded548248ec21d5d2b07d4d0.jpg,0253
d80a707614fb431db0eafde2b4367538.jpg,0340
d80bd34fceac437183559e4866488f16.jpg,0466
d80d07c8b7cf49c3bc14cc7441cd2206.jpg,0280
d80eedbd15cd484db651c2da611d1529.jpg,0244
d80f1698868b4e529c9863054b626dbf.jpg,0249
d8137851010f48068287cce45a9e4be0.jpg,0251
d81acbe84b33420c9f4905298ad94344.jpg,0423
d81dc337f64c4f9aa531aa6857244e7c.jpg,0039
d822c7a51e3f4fdc91212825215a317c.jpg,0036
d826429614834bae82aa918d7ff0e929.jpg,0353
d8284218e5f04422a7e6f0ef6bcb6e89.jpg,0247
d8287f50d6684c8f956ca9c44dd74231.jpg,0108
d82e0537afcc413fa99a569cdacb17db.jpg,0323
d83050de9b844b928324c6056dcdac98.jpg,0187
d830db91db45420da25404d64c38d47c.jpg,0342
d8333209d1a64356b45932fac4c3ecc2.jpg,0249
d834509e0a0c4332856c3e23625367b0.jpg,0342
d834e4a3f08943e0aa144e224e74f8d7.jpg,0086
d839269655ce4ccf9db6db9bf471c2ba.jpg,0183
d83c22a0d03c4bccb7742725f9f2a997.jpg,0499
d83de77a73f74967adb690b60048f070.jpg,0314
d83e24b262d64331b71e5638489d9bf9.jpg,0041
d842fe563dca486c824faccec486878b.jpg,0033
d8460498c3e1453a9e51e3b2143532f7.jpg,0329
d84944a89db24608a521d01dfeca8448.jpg,0460
d851ec91bc7b4d2ab39320eb7129b42e.jpg,0073
d8546dfb769f40f884fbd12712c7d129.jpg,0030
d858b2119b3b49ecb1a0f7671e52fab0.jpg,0369
d85d320c1353428ab51d39a753a73cac.jpg,0229
d85f2477479640d3bc377e534f253d95.jpg,0255
d85f8bc4c7aa4d23b2842974bf70e489.jpg,0414
d85fcc5c5c644772a3538b49442b5dce.jpg,0140
d8611222577e4c77a8f1ca7d99f33daf.jpg,0481
d86168a99d3545338527a0ed8ba424e7.jpg,0280
d8677cd349d4488f8940ad16a4ba9da9.jpg,0398
d86af46a6fa045c4a646164c264ed0f4.jpg,0135
d86e8c5d6e6e46ba92981d97f0c3f45b.jpg,0219
d86f8ec47ff242a29ecbbd48dad3380b.jpg,0468
d871da9dc23349b581f44acf9b87437a.jpg,0085
d8776d9c381f40c19875720f01d9e151.jpg,0154
d8782a05021b460db86f60f76f444dcc.jpg,0089
d87ab0ce9afe497d969b5d29a0a28017.jpg,0048
d87c69fbc1a94d36a4fa29f452b4a899.jpg,0480
d87f8fb8367244bf8372e429e9fb606f.jpg,0143
d87fc1ef95a74fbf892fe7fd94ffc8af.jpg,0247
d880d102074748f682708eebb06b2b2b.jpg,0400
d886225935cb472080997fe5dc81fe36.jpg,0455
d88a5690b7474d458f686428d9b582bf.jpg,0081
d88e34bb7ec24aa5b709f9dda84a1c01.jpg,0325
d891e75553c842609480214167494d03.jpg,0073
d894091a0a6a414c90d41a49cb2daeb8.jpg,0073
d896999b52bd4264b54831b1570fc1c1.jpg,0090
d89863ff53234eadbcd8d833abd81c17.jpg,0465
d898a6ecb28f4e809236c7becc268f32.jpg,0411
d899db1c3e364984a65218e1875307bb.jpg,0370
d89ff69c4264412299dffa3fa4bc8135.jpg,0045
d8a2be8623f3476382d320524347e1a9.jpg,0072
d8a6c7cb3190428a816f3acd3d7fb44b.jpg,0343
d8a76452ee6b4d03a475cc7f62d978ba.jpg,0224
d8a7b66409024311a1722e76e4d849da.jpg,0396
d8a7f28a7aff4c85be05f16f5c0493bb.jpg,0018
d8a88e7295ef4ba2b1fb41bdcc84a1c5.jpg,0450
d8ac286e93a94298be7a5af71a2dcfe0.jpg,0415
d8af0ca3e8cf40868aa8ad7b3077408e.jpg,0010
d8b327d01d1849779c8b2a18f54ed6e9.jpg,0315
d8b726eadbd040f88c4ead63926abbaf.jpg,0035
d8b80b08171b4d0e8d0c1b6998523dc3.jpg,0472
d8bb2234010d49b7a06ca98388829c4e.jpg,0008
d8bc00b9d8f54287b71d797d5d81f876.jpg,0210
d8bd1881592546bd993417e2db7c773e.jpg,0457
d8bd3161b9e645a98ec96b5ea0a972c5.jpg,0252
d8bdbd353c6f49aeaaac3f2d1fd10caf.jpg,0339
d8bec4933a274d05adb8135f523e5d2c.jpg,0256
d8c2f362b9c24dfb914a7a46ab92175e.jpg,0435
d8c72f1c181f4e14a952cf2dc3bc2cd9.jpg,0045
d8c97373cc7d4ec8b282a311800d3608.jpg,0045
d8d3a82a7eac4d3dae4cf486669d39d9.jpg,0213
d8d4fe14a91d40c5b67e8c9e1cb4933e.jpg,0363
d8d83ebbdbb240aab65fcd37411300d1.jpg,0487
d8d9453225864fb4bd16f86d4b5deb7f.jpg,0495
d8dbeabccfa44d6faf7ffe8e8f653609.jpg,0413
d8debf0ecaab4b19a061cd814fff96ac.jpg,0400
d8e2d493ed784fa3ba2afd9e1035eb1c.jpg,0041
d8e437b6edc34ab695f9f762de00dbbb.jpg,0072
d8e4414946324361a4e93f9e2bc52491.jpg,0098
d8e6759d4c0241f3bff0befde850e39e.jpg,0484
d8e7f53de3d74287bab93d3167c41b81.jpg,0350
d8ef3b40f35b4d2da262d68b35b3c4f7.jpg,0273
d8f1fcbda4a94b7f995ce5ff8ff203cb.jpg,0262
d8f2508f018f4bc8888ebfa49614b7c1.jpg,0356
d8f75018c44e4d8ea30e96c14439da5f.jpg,0415
d8f7cb6135e34122a8b088110dd71672.jpg,0136
d8febaea46d04e99a31ab3088d9e3e31.jpg,0031
d900aef923af46c7830a25737ab4ba71.jpg,0323
d900fe7c7f1f4404b1a02571331b4c76.jpg,0141
d903679a2ab3477ab62e54ee97149f98.jpg,0349
d9081ce08a5a4d678822fa580a3f10b7.jpg,0022
d90886537dd44e23a000a108570e8537.jpg,0323
d9090c02b3d94c01895adc04847e4a7c.jpg,0417
d90c271df9e24064b270f5c77b9ffe2d.jpg,0283
d911bc75aaf848c988ee2115b4db787c.jpg,0155
d9125da5732b4d998c2a516a43757f7c.jpg,0156
d917cdebd15f4350b8f7a45e3dc671be.jpg,0394
d919a655162341d28c42e21218df4a8d.jpg,0138
d92107520606460a825290e0dbd17ef4.jpg,0368
d924bef1944644a78fb61adfae99cd1a.jpg,0477
d9277260cbd04f67a11e4ab4735fa140.jpg,0082
d92ff7e2e04e408994271ea8f4301f1d.jpg,0186
d9308cebe4fe4e88b7b06ce2664f83a3.jpg,0497
d931cbbab36a496f8753093a68a308b0.jpg,0097
d9329282ecc640ad82283eca6c83958f.jpg,0420
d932fcbc8d6e47dc9e7c649cd9966fe6.jpg,0249
d9372c253f2543cba809d6e6f4425063.jpg,0022
d9395d32868c4d60a8d9c251f8db96de.jpg,0087
d939ce3b5c9b40ecb10d139ee105a26c.jpg,0228
d93a6d55a6f9420badc1ebb0655b63b3.jpg,0058
d93d49ea68294e17b922eb4e9dbd8f15.jpg,0051
d93e4268ff8e47ff8f7b7e83f9af1a75.jpg,0414
d93f708ef1984d349a094f6f11cd11ec.jpg,0354
d94174d12b764254961d578478ae41af.jpg,0313
d94303a9599b47279785daddce5d6f99.jpg,0115
d9434c2eec4a44b285d402cf1e12146e.jpg,0448
d944cac98a934f36b0f775871278ca41.jpg,0211
d9470185b9594864a084891b3d667c01.jpg,0463
d9471d4de5804511be943e54b99eaf82.jpg,0161
d94853c96b9d497e8d0b47b3cc078c0c.jpg,0223
d948faa6b00a422389fafd1cf859a1b2.jpg,0080
d949f03be8a84849981bd9282cba03b2.jpg,0214
d94be3fbd2734c7d98955edf59329861.jpg,0057
d9511dbeacdb4ff2b83268f437484c48.jpg,0400
d956131613b845758eec949504d32847.jpg,0440
d956c062ec724865916ae5552e4b2a2f.jpg,0283
d95ff10ab3da49d0aca4c74c88db6093.jpg,0169
d962545ab7824718b7fe428a8df42804.jpg,0203
d96452e730074f12825bc08b8ce62699.jpg,0233
d96a68d5ffce41d3a0bf33ff70f73ed9.jpg,0317
d973bf08c8c24867b1ac3d73df8190a8.jpg,0023
d9789666eaa547fdab4dfbe3c87706a4.jpg,0264
d979e5b676ac4d51a1a79a2dad176b6f.jpg,0351
d97b562b22194228922bcfe26b67806c.jpg,0071
d97ca1bc19aa48c68bd233e3b02414ea.jpg,0187
d986195c8f5443dbb649dbfb47d44b15.jpg,0316
d986a72ef06848ce9166530c5d65b52c.jpg,0212
d99098c8d76d43999374e5391a8f1678.jpg,0305
d990f22c26a44fa0b730152d175aea7f.jpg,0114
d994718ff64642c3babcfe0f9b7bd782.jpg,0102
d99557c71dd8465db104811e56c6abcf.jpg,0051
d99a54032bd94f1c910a027e0c9f1ecc.jpg,0145
d99ef08cad22494686cf744111fe2c78.jpg,0141
d9a1e3dae03c448187c6cee41f1a45f6.jpg,0388
d9a4b0ac1ec34d58ad7ef55d196e12b7.jpg,0313
d9b0ebbf3368446fb4e8b9549e3c54b2.jpg,0028
d9b49b75dc5e422ba7864fe8611bb16a.jpg,0356
d9b4dc52db114bab8928ec608e81fdfd.jpg,0339
d9b9927d9a23437e9ea7c1bde328ccee.jpg,0123
d9b9e375d5df4dc4953112960681b2c9.jpg,0281
d9b9e4ddc93c49c18759ee9f08d0c317.jpg,0155
d9ba524a78fb41e7b98e100966acfb20.jpg,0194
d9bcba8b81db4a86b5d9b8373811a7df.jpg,0071
d9bd621ae1f644e380eeafaed79587a9.jpg,0141
d9c00d437c234fec895e617d5117fd44.jpg,0181
d9c05eb5369a45f1b96d89074b399187.jpg,0007
d9c3c1186ada426db9a9b37a1b6366fd.jpg,0254
d9c8f1db79a1439f83e22eb33c8cfb23.jpg,0068
d9c9e7e44c984206b3f3b05d6f4498fe.jpg,0175
d9ca204994a2468f976d1774eb4eeee5.jpg,0239
d9cb8047ba1c49cc8a160e9f9ff03f41.jpg,0447
d9cbe35a00b344a690dbf278421b6f98.jpg,0300
d9ccf45b9ac3457b9071a9c24bf72c75.jpg,0201
d9cfb0e647de454ba1f33c0101d7732d.jpg,0041
d9d3734a6e574ba68858721e9147ce72.jpg,0044
d9daeaa8a2e1432a86f177b01115a893.jpg,0023
d9db6ef09fc4427a93629b15c13bd9fc.jpg,0373
d9ddecf0063a4406975823e3b02b2f9b.jpg,0035
d9dfa101d48240919258856ddb6bf12c.jpg,0040
d9e62ffdcf1d430c9449bb9c494c5fde.jpg,0313
d9edc0bdad2247068c5e0e6c8fb8cf90.jpg,0047
d9f0ca68a71d401384e0ef91fac80e1b.jpg,0266
d9f1a392df1e4c8eaa240745026321cc.jpg,0275
d9f3f47b4c32476ab1a29e2f4a7e2659.jpg,0441
d9f7aab6987d4b6697c7c5d4c71fbfb3.jpg,0281
da01e79c07df401caace774df06c9ba1.jpg,0274
da027f63dbae4500a31c8c1a5199894e.jpg,0293
da02af13548441bc821691f8da4fdbc0.jpg,0415
da07e3ed14e7480cb7f9eaf6145c1bf9.jpg,0115
da0a474a23eb44be88a425ce34e0a15b.jpg,0145
da0b8d1aeb68446fb46cd98847825e7c.jpg,0305
da0d0c6c106a4c6298c737c6e01c64a1.jpg,0491
da11324116f542f0bcc3bba09936ec67.jpg,0253
da1232fbe26547e5aea828ee50c60af4.jpg,0404
da12f91d9ec5407eb988bf2a428be886.jpg,0247
da14407226fe4e3297b3882399b41843.jpg,0127
da1613fb36b84135afa27ea9bc7b7217.jpg,0273
da1d0edee8ee410a8d9ecbb8cec9d980.jpg,0057
da1db00287d34f9191e5910f010a612b.jpg,0274
da205065e7444126a99c26d1ba112986.jpg,0394
da28f8692ca44301bf92e0bcf87ca67a.jpg,0022
da29c9b8d7de48d48dcd096485e6c4f4.jpg,0334
da2a7f2df81f4bc48d291fcb65dfaa12.jpg,0406
da2bae60e89d46aa9ffba4fd05ae9fc6.jpg,0310
da2c79b291fa4135b309faa6bed1925d.jpg,0197
da2d16474f00440b8bd223b8f5987c33.jpg,0229
da34c44197704a768b31a9d0e257d0f3.jpg,0131
da367a17249b4a66b0cb9074d7c322b4.jpg,0434
da381a38cf454beeaf05ccaeedc75b56.jpg,0244
da39de5e2e274e64a1099079fda500c0.jpg,0484
da3a688f31254496b9dc7e5fa7815366.jpg,0361
da3b071c410748af9838a9fd497abcec.jpg,0198
da3fcad1580e4e1b8c4e3db5912ca498.jpg,0455
da404200c37549faa441a27a91dfae40.jpg,0317
da42058abb354ea0902ce1ba44f5ec37.jpg,0364
da43d71ea3064fdebf57e00275dd02b9.jpg,0097
da43e3f2d22046799acba873d86e36d4.jpg,0499
da44884ba4a8486290c2963eaf7250de.jpg,0118
da49fe6387e84ea5b02f2d84af297f9d.jpg,0394
da4aeeb6c35749579445f470fc1d4d5e.jpg,0157
da508206fbc4440086ccc092b8eee2a9.jpg,0366
da55c71c7b144dc189dd558d1c72a54c.jpg,0339
da5650c662bb4d20be75cc65cc890572.jpg,0279
da56d0a802174914a47e10c62ce6f5b2.jpg,0004
da5a4906dbdb4f4795aacc419eb7ffc0.jpg,0200
da5afa40201d4df19bb7c7f2bb5a3d94.jpg,0421
da5e6a7fab624e7382f585e13d1ad4b3.jpg,0303
da5f35e281824695b729132845dff619.jpg,0220
da60826c141b49139bec9fcb029ca0d0.jpg,0066
da61b2e98ebe45879564bfd88762bd1e.jpg,0455
da641ef5c54a4229b2cfb227fca44fa0.jpg,0144
da64d3132f3e45d298b0cd98769f0c51.jpg,0495
da65914eed704815a3ade3b9e6a22641.jpg,0214
da65aacb638d4eddbfc7b959ba193496.jpg,0401
da665e9945a1490ea490590e3365bdd1.jpg,0352
da6878829d954c14b3bc55f71d9821f0.jpg,0067
da72ef54390a4df1a016a8a56f71a0e7.jpg,0041
da765de6bb514e57835682f2820f9b32.jpg,0471
da77eb60aa8b43658e34fa218a7a513b.jpg,0189
da7c0d6598de4b35b8994ec505e88300.jpg,0312
da7fba410c0241c896d28464997918c5.jpg,0395
da7ff8fb36904a1589edc700344d62ea.jpg,0384
da82054fab894912b9fea903170c1545.jpg,0432
da87d49a7ab3474387237971cac8f88e.jpg,0006
da90dade74d24a4aad6e3981752faa40.jpg,0479
da91fb0f2ae141bcb489112e1e8a2409.jpg,0278
da95f30457d7421286df1c6d0866ca68.jpg,0155
da9a44cde30249359b05608353ee867f.jpg,0497
da9b955df5e549fea34d948d754b6548.jpg,0347
daa217f6642847388716c7af516e4e5f.jpg,0262
daaa6cb44bab446e9a3c4218c30c3df3.jpg,0066
dab1aed418ba4bdb84dd594511af2d7d.jpg,0036
dab60ebaa2b34d7dbd2c325736cc4245.jpg,0198
daca7da9effe453c862feccb31035670.jpg,0161
dacc69e2bf3f4c8eac687bb30d1f1f13.jpg,0196
dacfd1ff82e749c99d8ff30a6896d45a.jpg,0326
dad219b1ec0c415889052bd860f49873.jpg,0141
dad23274eafd4ecba326aae88130a651.jpg,0142
dad3f9dd02714b20860e72f287e75f43.jpg,0359
dad4468136fd479885fcf40ffdf2e108.jpg,0141
dad8cdd8a22a4a9d90601e895f5ff798.jpg,0296
dada4a4378f74378aaf594aea749d328.jpg,0371
dadac2c7e1a24984a76373abfd62d350.jpg,0394
dadb8e50d1214288bf6e52e258008d7d.jpg,0422
dadeecf773cf46318c01b2df0dc9919e.jpg,0462
dadf44fa3be84d14b3992afed6b55e65.jpg,0030
dae04f31fec248dc97bcf2a80639bff0.jpg,0392
dae500ae4618408bba2b5a1ca9447e4d.jpg,0330
dae68c6ee00141d5b311c44ef0c63396.jpg,0128
dae75a8b4d9345d48edd74dce6d7ac1f.jpg,0175
dae7fa25c6934e1b8f7faf44db96eba8.jpg,0395
daee3f438144461cbabf142b69b6dabd.jpg,0450
daf1961bd4f84f959bf87e65ddf09f39.jpg,0459
daf21ffcc461453d9f7b70973696a58c.jpg,0401
daf5c5e82c0f4a0fab151ae1a1320e98.jpg,0040
daf94ea939dc4359aba812b17ff66bc1.jpg,0342
db05371d108c40f5b033102bea07b3b9.jpg,0260
db059acd31d54e79ae21d17a9dcc0bbc.jpg,0473
db08f0e6a3a346309709141e5181a7a3.jpg,0377
db09a514eddf44eda8361d3706a3fa59.jpg,0322
db0ad8d427a544fa99241c6563aecdc3.jpg,0102
db0bb0a3ae204593a638b09422a62b52.jpg,0291
db0ecdaa257940269f1f4cf79158b0e3.jpg,0170
db114fd2f5d44c7bb8c5ecb19cf8d5d7.jpg,0392
db1581b3dd7c4cae98d4117354953588.jpg,0192
db16b9cdb3a541ba9cb8ffffdde871cd.jpg,0002
db1b997f546f4c378a20035330546d2e.jpg,0487
db1e39f071f94e70a938a8bd7215c790.jpg,0443
db20711479984bbf8637241155967b93.jpg,0248
db214b952f3d420c9280bc567a0683ac.jpg,0476
db22673c4f9b45879332a473c3b9840e.jpg,0260
db23adbeeee94bd7acb9bb20df764eff.jpg,0342
db2579ddf0fa4226b49f27600b49cc18.jpg,0157
db25d66abb7e473fa6d667f365e3ef46.jpg,0380
db26d50ed39c4255abe26f707ec6cdf7.jpg,0281
db2a9072eb0c4df5890ac64c37d1b301.jpg,0262
db2f19f838eb48e1afacff087f42b218.jpg,0365
db3231a8ba6d4c418ae50a97d19e5957.jpg,0482
db33f4fde6dd4600a6e68dfdc8b66c84.jpg,0413
db368fdcad914178a70aeb753ff55605.jpg,0010
db37f43f394f4782ac6e4a5847a4e7df.jpg,0389
db39637fbe2e43ed8f1b7e3a8efe57d4.jpg,0419
db3af73a49a84b7eb54953d729bb6de1.jpg,0183
db3fe235daf84b249437b1a1a273cd5d.jpg,0245
db4217bd1a764c14a332c6117a3c75d6.jpg,0189
db42223a65244d1785999b3ec0f07e7f.jpg,0455
db4290f314c84db5b215e6635c396dea.jpg,0209
db439ea76e074e4889baf67f0db4313a.jpg,0360
db4b752650b34ad5bd1f2c9abdd810d4.jpg,0077
db50736ca00c452aac0740b4472eeef7.jpg,0124
db50f0d3a1014ffb897e42a4d164534f.jpg,0301
db54bd2a40ee4dcd92af1c70d76d82f5.jpg,0442
db57db24216d4a61a150f278ecc6e0e1.jpg,0413
db653d4b74224c4cab7c7b1faa436945.jpg,0182
db68ee6260b34738bde13ddb073113df.jpg,0014
db6cca7859df489799c78ea5b685e76f.jpg,0239
db6d0659244b4f68ac01d1b3d197f45d.jpg,0351
db6dec2e20674bf7a08ba065c315c7b6.jpg,0246
db70930e6e1b41158bcf2336afd4a406.jpg,0305
db70e4c281524e7a97fcaa2131268680.jpg,0245
db780645cd234b42957677fef2ea4a0c.jpg,0190
db78ed861ff4487eaf5b26d129145a98.jpg,0219
db79399802224d14a07d50e9010be5bd.jpg,0409
db7c4368b060498bbb4fa960938d4dfd.jpg,0027
db7d0f9effc0486f9483cdec7b963836.jpg,0328
db7d1e0c182745b18d3a8411ec25577b.jpg,0150
db7e7617baf64c4f8d05da1fdbde8e4b.jpg,0430
db824f677e0442f88b6ce537c474a504.jpg,0244
db825a86f03047dc977f0a728a9f125b.jpg,0058
db835734ee5e46f6b2cb30d96abd7bcd.jpg,0397
db83b2a5f3734afa862faaa2eaff1cd9.jpg,0000
db852c1c446a46a6ab77f62b4c53bbc7.jpg,0244
db86e7fc66844dc2bbab988d2ad54412.jpg,0282
db8fd67c909b451aa0d0f6d77aa45ae1.jpg,0159
db924fd3405b4d069e34d9acb770d03f.jpg,0056
db95be654d4a41aea845017de5243860.jpg,0425
db987c82df74488487f8a23a0d621ee9.jpg,0317
db9924eee2dd429582438ffd8b78452e.jpg,0082
db99332e5b3944a1b31e042998752555.jpg,0416
db9c7fa1027440b4bb2a72bdcf13c8dc.jpg,0297
db9ff7940c7f4cfd92fbdb346172a037.jpg,0254
dba202165e0e48fe85dd0c633b0233eb.jpg,0001
dbacf62a18e34bef904cb6e3fae0a1f8.jpg,0048
dbacfe0c53784d70999fb105f633e43f.jpg,0153
dbadffe8b4a241aba1650655a150b81a.jpg,0031
dbb2666d327445d7aafb5c21f9f1777f.jpg,0338
dbb290369004449a9a3d993cad680641.jpg,0319
dbb9d9c1918a46939c3acfbb0e322223.jpg,0407
dbbb02b11123484c9cca718f01d1dd3c.jpg,0463
dbbd328e993a4f7592c257a6a07e867c.jpg,0231
dbbee2715a3e49b297541dd1ba317689.jpg,0228
dbbf2d453871434583fdb68c460665ba.jpg,0115
dbbfe2989e9845ebbb78529a5de6265d.jpg,0494
dbc4d8945676410ebffe15190f0c3ab8.jpg,0233
dbc6a6060bac42a580fc2899fdeaa079.jpg,0125
dbcb19596f444cfc8603284c8c7b9a8b.jpg,0200
dbd00a1b15214f879b3014dea387c17e.jpg,0217
dbd60a01e5da4fcabf2652ab1fb6f6be.jpg,0023
dbd8649ab9be448985d7e9b392bdf7fd.jpg,0019
dbda6349e19d4cad8492a5270ad974c9.jpg,0439
dbda6f97e69f4c07bb9afe6279a62a07.jpg,0293
dbdf6af576d948859b4406fd3ff1cf0a.jpg,0108
dbe24636b9734837a3fa832589dcee65.jpg,0259
dbeb7b54f63344148093dc3ba67ca88e.jpg,0207
dbedc9edc93143488fc770af0609c3d5.jpg,0346
dbef3340352d475d9621efa5983835c9.jpg,0258
dbf257bd63674b58874683f5b81f285b.jpg,0151
dbf26c661f784b3b8a0b68d43c6a7cab.jpg,0433
dbfb914ac036436b9259072aafaa19d7.jpg,0363
dbfcd04806fe4369b058f88909f40b47.jpg,0285
dbfeb12bca4d4029a66d521b1af9e09c.jpg,0161
dbff7a8cac614178919f8400135d47ed.jpg,0393
dc04f04f52ff4aaba66e0bc1bfdede10.jpg,0144
dc0518bc53404c2a8828d01856bdd987.jpg,0342
dc05faf1274845fd8f0e6e7f8a4545c0.jpg,0074
dc080187cffe48a2b88e44a5ec6e74c1.jpg,0023
dc0a56bbdf2e4948bb34d293144ca25a.jpg,0206
dc0d7f71a00346a1b1861674796e8a97.jpg,0300
dc11f313f69d4be38ab1b9da14881164.jpg,0301
dc1232e0966d4774bbf99b7064fd97b2.jpg,0443
dc12fe9ba61549c7967fa21bdd7fc77e.jpg,0334
dc15e88f51eb41ec9ffde171a6988572.jpg,0459
dc19f3af9b8a4267b8a7a0011c22faa0.jpg,0392
dc211297ddfb4ecf8fe76e3ece910d9e.jpg,0224
dc2590f2070e45f5bf44135ee6159244.jpg,0135
dc2649da6c944c7182a90a4ad10cfedc.jpg,0295
dc275857742640498cee819a1766c996.jpg,0202
dc2be6c43ee14c2dad7d44c386387833.jpg,0192
dc2d47b8ccc2424c8edff9ff465fe075.jpg,0219
dc305e84df9e4b8e8c72da63a2d88234.jpg,0241
dc315579da5746f898ff20e30c971e3b.jpg,0382
dc3195aa03fd493395696ef67b9f23a9.jpg,0001
dc3bb39c58ef4dc495f3925cf1ac8778.jpg,0253
dc3d12bf1802481e9a46fd9a58bb78c6.jpg,0048
dc45cc064dfd4a5f92bfebbb1bd8e071.jpg,0352
dc48cc75bb3f4808badf096d56892534.jpg,0322
dc4e8bac573b43e78a659d1f73855395.jpg,0138
dc53d8d24aca49ac8542434e7b4f7428.jpg,0043
dc5b0baaf4ba4e8eabb34998c8343fce.jpg,0453
dc5c64a304184ebfa7e0a1aa3eb8788a.jpg,0453
dc5d83d82f914528b33a3378a9cf7aaf.jpg,0136
dc5f8e62ecf14748860d8e9febad3acb.jpg,0308
dc607fa9de264fa39a6d3b49604a71db.jpg,0476
dc62f49d424f4c4e9d361f2cae89214e.jpg,0189
dc643300a1ac464483cdda17fa544caf.jpg,0082
dc64c3e0f67d4876a36b7860813d414a.jpg,0044
dc6573baa69848a3be9a1c727056d869.jpg,0301
dc658780c3414f03abc7a4e89f911d81.jpg,0416
dc677ca7593549e88aa4eb72adcae291.jpg,0046
dc6b28417dbe4eb59bbfdddfe022ab61.jpg,0322
dc6b936e004a4cadbad6e2d2e6876709.jpg,0008
dc6ba20cc9d74d7bbfe7cdaad5b01ff2.jpg,0423
dc6c1495a3874ff6a4e2e86774c1132c.jpg,0014
dc7027c5134046e6849c570c8113432d.jpg,0001
dc70a1fc4bbf451f85fdb8d3a94f3a18.jpg,0315
dc79b7b4a0fc4155b80a7abe7d001fa8.jpg,0334
dc7b911b590c4928860d9a898bc2b6b6.jpg,0345
dc7ee7f88e5a44339a6a87db62f85367.jpg,0338
dc7f82d4997946639f4292b0c94bd24d.jpg,0264
dc805005889b478ea412c491e488a57b.jpg,0092
dc833405185446d0be9189901aec65bb.jpg,0060
dc833bedf89d4e67bb7dedce394378be.jpg,0414
dc89d9481caa4e2692b8807cd044d889.jpg,0354
dc8e17d5a1324fcd85263c4e96bbd0a3.jpg,0485
dc8fdd77d6b84fc0a037a9bf128ffdac.jpg,0442
dc93d1ee2bcb4ec1a77734bbd7975f77.jpg,0266
dc97ea5276e84a1382596101f169e55b.jpg,0298
dc9b11f1871741798adec2388095594b.jpg,0305
dc9bef259b5a4258b833bccf1ab128f7.jpg,0299
dca065fa5b9349909fc0774a47015299.jpg,0224
dca1e09a9b6d4fdeacda4d0bfd1e85f0.jpg,0107
dca269f339ab44b997b88616518db57b.jpg,0337
dca5dc3b459f4cf997d50be07ce48202.jpg,0347
dca96ecc34974146ac786e0f5730b4fb.jpg,0158
dcaca5a5f9ad4c15aa524d88f7cb2deb.jpg,0169
dcadd236d8034541afbc77da009e1b61.jpg,0250
dcb5a4b0ee2041e7a080b700caa4c395.jpg,0135
dcb9ec9aa4644361bb3c65776015c9bc.jpg,0108
dcbe4760ba2e4353be2c1c61efa91d13.jpg,0144
dcbec83f509542d6ae9ed396caff472d.jpg,0499
dcbfc5e5fafd4a1391b73f1c5f31b5c9.jpg,0179
dcc237d03a3b477787c9e2c46bdf3dfc.jpg,0157
dcc23e7409da4ef49b53ba4748857316.jpg,0104
dcc3fb451c654f599fe16352f4985a24.jpg,0125
dcc4468152a642a4bf6d49285c61a32e.jpg,0470
dcc761f5e1c44579a658f7ab049d30e4.jpg,0014
dcc7a0d31e8040d1841d8d469d1835fe.jpg,0053
dccadcaa72b644cebf4926a3358ff1d1.jpg,0199
dccae7c8b3fe47fe83f92b5b355911f7.jpg,0461
dccb401fb6794da39627329b3d260eaa.jpg,0363
dccf05fb926a4c4f8d1acc22021ec900.jpg,0251
dcd090868f604389b09f5941f747de7a.jpg,0462
dcd308d8529c4fdeaaa7e891302b998e.jpg,0110
dcd31dd8da214487b02779aeaaf9dd95.jpg,0386
dcd401c9fa624e96bdf5cc97b2fed7ef.jpg,0469
dcdc12c309ce4c9db3722c4cfc2ef518.jpg,0157
dcde4da4807443cd9fa242808b46e9fc.jpg,0484
dcdfb65d647c4d2d802c28c69cfe5f48.jpg,0164
dce1d561113242f2a2a2dde57be5d22f.jpg,0331
dce40d842b064665834277388297ad66.jpg,0365
dce61dd50efa454994414a0eb80c3149.jpg,0448
dce76120154d48dfb42ae9a6fd97de5e.jpg,0488
dce982bb5e4e4773bd89d5c97e84a4ca.jpg,0297
dce9a4206bcc40489fc5972e11d72fb3.jpg,0254
dcec5039f54248369eb3c18b2c806812.jpg,0045
dcef72cae37848718da7ab87d586fc4d.jpg,0256
dcf5ae9fb9bc4bb19846adaa08d556ca.jpg,0126
dcf94328a82d4032809f9b889eedabda.jpg,0099
dcfa0ab019cd42a281c51dc5c1214333.jpg,0166
dcfae0515a204067ac4b56852846bf12.jpg,0172
dcfcf1865d8341e8ae356ef52063688c.jpg,0156
dcfdd31680354d0ebfe324b6a52d02ca.jpg,0435
dcfe6e831a314d7ab2f4ea241ea7dff8.jpg,0341
dd02dfbe6fce4de2bea704b0a526adf4.jpg,0451
dd03f2ff5fec4a3ba774d9b5eb233146.jpg,0462
dd06292f0b624661a48a207e2e2a2abb.jpg,0434
dd07bdb114814ab790b68176ba79ef5c.jpg,0323
dd125c645c124e5db60fadd1fef98de8.jpg,0319
dd131e654836498d81609afc1738c336.jpg,0487
dd1382fabe464fef9f691df7169c8480.jpg,0006
dd1454947033440c95ca6c375d8585cc.jpg,0341
dd1aa6baa34f4e38b801f99391a304dc.jpg,0015
dd1b92277b6a4fc88e5b6e9da8aeb98e.jpg,0281
dd1cfdb72a484bc3af9b5eda7f2ae8ea.jpg,0479
dd1d17bbd6cc46c8bcf742cfe5a5b9eb.jpg,0334
dd1f38e28599456eb881337bcaf09dbe.jpg,0411
dd21e39f4aaa4e088d7c2e8ab9aa192e.jpg,0461
dd294a533cda4eca9a9e05b045081462.jpg,0417
dd29538ded7c4b81b1190490e99674b5.jpg,0026
dd2b7389cc2c41b6bf6adcbebc182263.jpg,0492
dd32f117a67245b7a310716d4de6e768.jpg,0023
dd35656d68b441a689c798a41fbf95df.jpg,0181
dd360f054f9b4b2daf3a192a533e1344.jpg,0265
dd3888199a5d447e8466e1d09445864c.jpg,0190
dd38aab17d7f47579f7767605e6f3c1c.jpg,0412
dd397cd19940433487d13a8da4f84894.jpg,0363
dd3ea0153d8a4807a0c08d005a37a253.jpg,0043
dd3f2d14ff0147438ff59b4bc5a2ed60.jpg,0090
dd4112253e2447b89e321eb80b865de7.jpg,0064
dd41f8975337490a898b40c5e69ebc52.jpg,0114
dd456dc49b3b46c8871a8f220ce97fe5.jpg,0120
dd46bc25a4784c4dbdb1be4bcfeebe56.jpg,0142
dd46c887ab9b482a834fd8ae4903b66c.jpg,0113
dd4980c3ba3e4cfe97e5b513b0d7e4e9.jpg,0366
dd4b4044c90045e2b5341b487347cbd0.jpg,0013
dd4c3582cc8d4e0dbca6da5aa9b24fd0.jpg,0495
dd4c911bbc504728ad032170449f6c29.jpg,0462
dd51bf03a2e74630b2116db0cc48b319.jpg,0021
dd51db5ff8bd4c628cca501f3c97fada.jpg,0273
dd535b6c1a5c491d9bbf7fb1322bf87e.jpg,0199
dd539b915fb7402cb6b8102e3f5f5974.jpg,0292
dd55d9ff66944403b8fcf2937d17661a.jpg,0401
dd56cbe67cf34d2d96b39abdb4264bfb.jpg,0081
dd5979ffccbd48c8b648c5570af86180.jpg,0193
dd5a1b3f7c2c42739d974db25d95eb21.jpg,0134
dd5da929bea449b0a2f43bc4b0a32a34.jpg,0332
dd5ee86dc5c04c7c95160bbc517adc44.jpg,0192
dd5fff8e8673488a82bb8d88bae6c04c.jpg,0489
dd61f23e55514266a6c604d458359601.jpg,0441
dd68617618874b8aa12a589bc56ae890.jpg,0176
dd6d80be7de94b6399e05f538d65a1e1.jpg,0181
dd743bfb8b574a40a724c83e8aab3b8c.jpg,0129
dd745ef9dbae4152951ad48f462d65b2.jpg,0223
dd74dae259c1413889d7bcf79b5b15e8.jpg,0019
dd77649b605446df8b10ca29f0811a7e.jpg,0406
dd7a417291864b13b904d4f5c2c9ef91.jpg,0038
dd7bf68f1ba94adda5f1a63bda570e70.jpg,0050
dd7daf265d334ef2a7d76117052219bc.jpg,0440
dd7f0f4e51f64f1e9437c025191795d3.jpg,0321
dd8006c2fcd547768f60319f155418de.jpg,0053
dd80dc81f2e04b1896b6bb876a0f53ac.jpg,0320
dd82e07cece44d70a6d0a7489fd7ab50.jpg,0241
dd834e4c35cb449996c17afd634728e4.jpg,0490
dd870b45d0e140e083c542c38293f956.jpg,0027
dd89214354c64cc89b11802f24e2e148.jpg,0131
dd8a35eb4deb413cb13efa0525b6a143.jpg,0068
dd8cfa7391e84014a180744366287d66.jpg,0435
dd8d7bde37d84ed3a0ec3106a5c75434.jpg,0108
dd8d99a353814234aeaf6e415e27207c.jpg,0459
dd8ef46597fb43fe8d00bc82d0de80dd.jpg,0362
dd9124e0aec84fc78b81c616a4b77eac.jpg,0150
dd91a92467c74f6da414329f36139f21.jpg,0216
dd949873ab204788a5356ddd61243054.jpg,0362
dd986a5338514985a771c1603e97afa0.jpg,0482
dda92874b5f3406ea9703dfd24c4f9df.jpg,0428
ddafa5c4fad0483c9681cc0e5ee0d301.jpg,0084
ddb4fa041e1a422998beda96db6367f3.jpg,0157
ddbc40a8e7d04f559095969a35d6f427.jpg,0460
ddc1305d3caa49318570e39916b33fc4.jpg,0120
ddc4a152a0774ca4933022e60fcce350.jpg,0474
ddcedc4abd6244d6bbe5236407a7fa18.jpg,0082
ddcfc2ffc79040f48cbfe64f6bee78bd.jpg,0026
ddd0bb464bbd43acb9f7685e49937f9c.jpg,0419
dddb5d74497b45a4b497c427b22a9a86.jpg,0147
dddf935c103941f5b3dc2859172fbf8b.jpg,0003
dde417b53f69429091fc59b7c8e9d682.jpg,0366
dde7add6b93e480793526ff5a250ab55.jpg,0230
dde7c9bcaaf74930b8f7767c983ac3de.jpg,0499
dde8450cdb75488e93f572a1571eb570.jpg,0464
dde8a5da3091438889b0f662edcb014d.jpg,0231
ddeb88d66e144975aa3327dbcccf2331.jpg,0083
ddec21cb96dc4ad8b96b053aaf0b91b4.jpg,0155
ddf7e64605e64cf69c768b5f42628b01.jpg,0264
ddfac7cb953a45b2a33a56888fb0eae5.jpg,0276
ddfd90641466428bbaaf611176b64508.jpg,0352
de04a3cac7764d969f560580352e0c6c.jpg,0367
de04a53fc6b54dca85bc21a2c0901a68.jpg,0409
de0b2000260f44ea886f5472819d893b.jpg,0274
de12bf861b4f47b0a9461b2e09938344.jpg,0245
de137ddd4a4e48c7945460f5b9fc6c65.jpg,0170
de18bfd5285b4f5987665890e206e378.jpg,0331
de1abbb8e18f41558988e17c47f7e719.jpg,0260
de1b4bb4df034379bcd87b3a3c795673.jpg,0063
de1f187edaeb477da4829d6281c95532.jpg,0326
de237d4c46d74425aa1b07f249444bf9.jpg,0136
de245f7f828344a091a64e7d5427fd24.jpg,0086
de24ec1bbae54344a149fd8e25324292.jpg,0494
de25f556e86743538fcc853e7414287a.jpg,0016
de287b0646c34caf84f5dfc8c41c843b.jpg,0205
de2bba009ee24c5e8e8ea9dcadb6842c.jpg,0069
de2e553b7514498e8abdd7cccd8afebd.jpg,0107
de2ed5c131b54fdd9c7c9432521a5794.jpg,0008
de316791575f4edb8e4d80a88f741d8e.jpg,0175
de36eeb33ce5482ba4b999d3dfa7428f.jpg,0098
de377fff39c9459297338fd85c28d49f.jpg,0052
de39bbf63c084e06a2977749fff8a5bf.jpg,0214
de3d10e7f3834f4a9a4402941b5db54d.jpg,0051
de4143604299414fb2c27fd705f43aac.jpg,0233
de438734a5c64544be3ff8d6dc446750.jpg,0070
de454e0f11064e5bac4a0efb9bfa9b14.jpg,0301
de4cdc7f89f74c3980513cd1f0f3274a.jpg,0444
de4d8513597c4c55bf090aab9004fcb3.jpg,0061
de5c2e7a0dc943e8b7d980f8003f252a.jpg,0027
de6184179b3e4c3d83422ca22ccf9c5e.jpg,0484
de627249c67f4d5b859489b633c5df32.jpg,0476
de638f64f2d74434891099419453cb52.jpg,0355
de66c0feb55c4f8d80ba7231159287f2.jpg,0460
de68ce01a5e048d7bb3e38bafc3304d9.jpg,0172
de6abc5e63b347cbb590e9230b4cfeb0.jpg,0075
de6ba486a1ed4af48cf4a9af9394ba3c.jpg,0352
de6e56e916cf4240a9237c1c9e86da3e.jpg,0233
de6f06b157154655b0fe954bd13f5d0f.jpg,0221
de76e5816e984753b58bc5f877bd7de1.jpg,0055
de7a8c1778624c8888036500940e1323.jpg,0176
de81733e53b64f3fa8c475488f49a788.jpg,0369
de84f0c5937c4345a8a0dfa2a269c5b3.jpg,0279
de8e82516c19432a8ef393809b4e244d.jpg,0104
de9c02c9d1454c8089e969bc279270c0.jpg,0266
de9e5c1281c64d53ad3be50a82231ecd.jpg,0483
de9f8a6980914e3e911de205ee07682e.jpg,0269
dea0cef67b21479f8e817949e86c9b61.jpg,0296
dea17cb0d32f445e86d6585aa7ce582d.jpg,0486
dea5d12a6a2c4428aa43bcad8e736861.jpg,0201
deaabe0754da4d7da1162e84e3d087b8.jpg,0092
deb6041354d94ff9b40d394bcecbb9a0.jpg,0405
deb74486a1ee4dd293b7e66648220776.jpg,0456
debe1bd8805444fcb26e9f17417137c8.jpg,0244
dec1c8fae19948329228fb52985d380a.jpg,0181
dec4696ca2a14bd49e5a7f7c97460d1d.jpg,0146
dec4d85e5e514776ba7062fdbb96e301.jpg,0144
dec608365136482c9c0e8d325fe53fb5.jpg,0243
dec749a1faee48d48f4b3379c07d5629.jpg,0052
dec8c7bc3298485da42ee5a7ef5f4f67.jpg,0040
decb55cdb7cc45e7a086e1b61b639851.jpg,0327
decca87c03d5425eae45c1083669d791.jpg,0012
dece983bdd7b473aa467f3908c380bac.jpg,0491
ded280ae871d41118603c728a0cb9c38.jpg,0003
ded51ff357ce425dacc19a63822c5752.jpg,0461
ded97d78253c48f7a7d084c439c5bbcd.jpg,0248
ded9fbef0bb84d4b80f38a56488161b5.jpg,0081
dedace3f21784f91bda9ad678771e91d.jpg,0014
dedf0cccf04644e99db113b37da01a4a.jpg,0441
dee36298eafa4165bd40146f979ebcf8.jpg,0269
dee81658447b40f2ad315044632d5f1f.jpg,0355
dee8bbbdfc8748c2824cb7de18e51e3f.jpg,0292
deea581081844c00816bbbdd79537863.jpg,0355
deebaaac7184424fa38e87750c26eda8.jpg,0343
deed57a4e0de4056b0ae30666ff2c91c.jpg,0229
deedbce81e8b4017a3451e5891fc16d1.jpg,0407
def8321103c14731a54832e015b55890.jpg,0274
def8d78535d34cc68e958b2f9d0d878c.jpg,0036
def9462eb1fa46d39ccbd7b0c52622e6.jpg,0162
defad490f6e24421aec72f59ce27a306.jpg,0011
deffaa92f9bf44abb0d5b07baf74be73.jpg,0228
df0096dfcabf43e288ef6abfaa775370.jpg,0257
df02192525bb446399e60c27a23030fa.jpg,0318
df030e3b8fdb4a35bc0b5d54715b45a9.jpg,0315
df057305b9c346928c5352703fe47170.jpg,0216
df0c064854094fb2808eb015fa2594fa.jpg,0212
df0d14d0487742bd8f760e43205a4e37.jpg,0254
df0d76c341c2465ebd6e5fc1f9ddd9e8.jpg,0157
df0e3db44cb743a78bed39ca65fccac6.jpg,0171
df12a9fb05144d7a937fb13db5ba3837.jpg,0156
df14b757335c4b1db8e5d90c46bd0325.jpg,0468
df163dce21ec4b87a762a53f3b964e8f.jpg,0419
df18cc08b76d4350ba6cf2a522e6b84a.jpg,0285
df19130937134fc0936385015cba890a.jpg,0405
df196869f25b452082a937fb967c84be.jpg,0333
df1a5630a80842678901eb9d94929981.jpg,0148
df1bab60a9154da9a4614d9420e1f88f.jpg,0138
df1c166c26a34815afb7c1ea4735f4b5.jpg,0278
df1cb0ce1fcb47adb92b32e0e8591e33.jpg,0314
df1ec7149bf74dd5aaf5de61e0460c8a.jpg,0374
df2237f1b84044ca8084fddd2d0388ad.jpg,0147
df2363675db64fd280ca58fd0bbcab9b.jpg,0259
df25e50946a4414da09d3d6d1d2afc71.jpg,0145
df2acb955726463486f86158d6373d23.jpg,0198
df2bce937ab14f7580b7c613d8db83bb.jpg,0175
df2cb6fb59d042dfa892c730287ecbeb.jpg,0167
df2fa54f1ff14ca2819d0ebbeb4dd552.jpg,0427
df309261074745ec91f9fde48187f490.jpg,0241
df31c506f6f44c2392974006bf904b5d.jpg,0438
df31f98101a448dd9076793a0c0dcbed.jpg,0452
df3418bb55604df293fd2f69d620f347.jpg,0009
df34c2a7bc5f41abb16e6cb4e5867af9.jpg,0473
df3507528269487ea78ccfa51b4533d2.jpg,0488
df36742b54f34f6186a8a79775cce33e.jpg,0073
df37b63e6f7c4fe7922993fc62ed12a5.jpg,0454
df3ad3f88191468e9f51f653634f1c96.jpg,0481
df3d900b6c4242b58457bbe7dc7c5d5c.jpg,0276
df3e76cfae1e409690e7ab90148b463f.jpg,0094
df3f04bee888451d91d1ef400527c2a2.jpg,0400
df40366812d94438a5d8d73ae09cf113.jpg,0454
df439d107e294b71b56ad57adffbe272.jpg,0314
df469792beda453db9328db378ef34f2.jpg,0280
df46a300b5974f74aab4670e3d462fd4.jpg,0223
df4a356e54a14ab3a2925018476c7397.jpg,0174
df4c0280310b4520a41a78a5208f7478.jpg,0328
df4cfdd6577d4f97bd681c4341fa633b.jpg,0054
df4d3a19d4b44ddfbeb2e8e19c35e922.jpg,0027
df4dabea89c1410f9033c93fcb73e188.jpg,0004
df563bc6957a487ba9737b19762b9518.jpg,0448
df578719177749709c2dcb8ac41b6d4a.jpg,0147
df588e9b5ccb49b0aeb2ed5a6d0ecb74.jpg,0216
df5a976d2dd84936bc1ee1c90dcc86ac.jpg,0038
df5bc4f5a94a4086a136570cf55f5c2f.jpg,0224
df5c4e2c7b35413499230c411dac3799.jpg,0041
df5cf77fa1b14983b54bfba1eb7bbeba.jpg,0335
df5dfdf6ce154224ac1e04cef4018f05.jpg,0157
df5f652fc9d64e36ae44719814fcad67.jpg,0032
df603f852215441d8fb597038500cd5f.jpg,0223
df60b31a6fe84596ba41a80f7a9d4977.jpg,0402
df6893d15bc443a8b990e81de4c9dcd4.jpg,0331
df68b3b06f844f5482a6f4c5e1ed72ae.jpg,0041
df6c9e62797846ababec2a95b866098b.jpg,0402
df6fe935bb094588abce77efd39bc457.jpg,0248
df74f8d6565e43ada178aaec09646458.jpg,0245
df783ba63e1a4561b2d5a86c19ec0455.jpg,0078
df7c771956c7469a9c20b5385726c442.jpg,0409
df7cab743db04004b3a8d1199342a70b.jpg,0220
df7f219765194dbb973151c5098d714f.jpg,0455
df7fd8bc3173405db894441405c528a2.jpg,0268
df8319a480b142948b0ddd93e95cf89d.jpg,0407
df83539f2bdd4dc7844fe00cfe642557.jpg,0087
df84eae9cefc40d3a79a543641ad9c68.jpg,0263
df85ee8f73cd40f091604a0013aff02e.jpg,0466
df8644e0bb0f4f9fa1df60032c349859.jpg,0359
df86e7d353dc4c10a2274d88cc5b11af.jpg,0187
df870c3872e94408ab7ccaef4f34e1d4.jpg,0236
df877869c242429a9e8967986ad35588.jpg,0351
df8853a9898746dba3cacc2d2df4fef6.jpg,0453
df886efebadc438696843acde998bb30.jpg,0307
df897ca1c61743de93497dd42e3ee676.jpg,0130
df90099142c34d939377a0d99b235ead.jpg,0084
df90ce3e759b4812a52b018629eb8ba9.jpg,0270
df9146575b204ebd99459a59b6b365d4.jpg,0096
df98fc7d316543d8b37e0dcfcef22ed8.jpg,0081
dfa003311ea9495fa47545bd851a35db.jpg,0224
dfa2d15bda774cbeb45083124b028dc2.jpg,0328
dfa404ffc6364161a3455509173a8412.jpg,0480
dfa71fe761b34d27ab7a868a82e60c00.jpg,0294
dfa8e54c6bbc413b8e5914066fd4c602.jpg,0143
dfa92636c5cc4deab5078f52c43e9938.jpg,0193
dfa9ddbfd9274ce79ae884f47604f2c7.jpg,0207
dfab5ffea56341b69065cf0c674c9a94.jpg,0492
dfac3415652644db93dcd18d25481737.jpg,0221
dfaca0dea41d4d4b96ee3021e69f579e.jpg,0246
dfacb745f8f94911a3a65eec05571863.jpg,0142
dfafd15021384d94b12c0cc77b923c7f.jpg,0107
dfb1914de9874e8cbfbd696c642db980.jpg,0466
dfb4a64e221844079b3c13d63a0d6097.jpg,0266
dfb5f05f883a442b988b74357578faae.jpg,0313
dfbb24ae8d954f36a6d413d06d892bb4.jpg,0091
dfbb3b586f3844a6b3f20b68bd95c8ce.jpg,0076
dfbc370ee63a4aa299a504411dffea60.jpg,0493
dfbce273cedc42b9a79e8d84ade060a6.jpg,0469
dfbea9d6650d42f48405eb7af6b28cb5.jpg,0332
dfc16f5ee81e4f549d3ddfad4e1021ec.jpg,0124
dfc379914953401a82dfb6fff4b2ae87.jpg,0358
dfc594878718428f8a27b34a24808cef.jpg,0329
dfcadf412f594b8ba8550ad4b9244a6a.jpg,0136
dfd0897a4fe44420924567878402adba.jpg,0087
dfd67734a5e2480984ea90e75bf8e8d1.jpg,0381
dfd705856a4842e58112319c8fbf57f4.jpg,0136
dfd7f767b7214a1d951c333bd0e2420b.jpg,0288
dfdbeffa58834cb49e444e029b128805.jpg,0054
dfdc3f0994c8459f941f4d958a822134.jpg,0390
dfe174bdda3f4f33b52d82ccf3727a47.jpg,0057
dfe43ac8d71f4080abc2f248d396d9c2.jpg,0467
dfe57c86ab184f5ab08cc60e7f48e2ea.jpg,0427
dfe7dafb479a432aa001aa5cafb52c4b.jpg,0359
dfe8113773044d948d5675f88d3bfcb0.jpg,0050
dfe958d9450e49f99585c69a11c9112f.jpg,0440
dfebeecb6a0641debb815ca90694f431.jpg,0437
dff3d934dc884c879cbd3fc2960ebc3f.jpg,0447
dff84c36029245159fcf526548ad050a.jpg,0175
dffff70305ac4ff288af27757b10e202.jpg,0030
e002626ff11c4b6eae5f499a82e75e7a.jpg,0313
e00339a19f0a4ab686c184d940ffa78b.jpg,0284
e00865dea47c41938eb74894a03c13e6.jpg,0159
e00871c38bc54aa6a3a18f2d23e9f58d.jpg,0044
e00b0af0513e43f2ab53ced9d68ff535.jpg,0102
e00bbf62cab547439d32f8f5a27b7447.jpg,0486
e010193dc9db4326b906ca21f62ec151.jpg,0228
e01399de60194b03828f0d1d7dc5bb1d.jpg,0175
e01599d64bea41789446fac60313d578.jpg,0125
e018c070c06348b29fd08689610e212c.jpg,0235
e019b401ab02436197b0b6a30af0f615.jpg,0366
e01b642ea43f46ebb606d800a71cc7ed.jpg,0220
e01e949c66c449f5adcaff3f382fd8a3.jpg,0095
e01f5f51b69549459397c0db3539eac7.jpg,0438
e026d5851b2b4a02910a78588611b800.jpg,0214
e0276dfafa134279be8e2507e91940f7.jpg,0228
e0286ffb0dee48538e82532290695b8c.jpg,0343
e02999a854bd41dbb94982cf142d4980.jpg,0027
e02c2346eefe43c788b414d70ccae529.jpg,0165
e02fa2a45aba4ae1b55d9676a392eede.jpg,0427
e0301cf1f3f4447fad7dd693f738705b.jpg,0041
e032c648ecfe42de81407dd08152d807.jpg,0245
e0332da35abf49bd9491d6fa0cecf466.jpg,0326
e03670bcec2941998f001dedf2d8eede.jpg,0147
e037f90f4b94492cb8d0953466386651.jpg,0162
e0398896c62c49c2bb5315a39a3d3beb.jpg,0435
e03d3eb5da0e4f76a008fd657265b1af.jpg,0109
e03e2526324c47438df54fc6c1c3bedb.jpg,0469
e03f12b679c14a8fa951c7d9a1cafe44.jpg,0306
e040a355f28c43c5aab5ee980108ac9a.jpg,0054
e040feb0a4044a0eaa4a245cb74af1a5.jpg,0445
e042a97e23bf4861aaa98f39b2c8c67c.jpg,0419
e04719a5f885436c943879893778847a.jpg,0202
e048a50ddfd245cd9b14bfd0886e6b2f.jpg,0308
e049498600e349c78de4b621a708a353.jpg,0153
e04b6542ed4346108abf026f17b7ed43.jpg,0076
e04c6f3132dd42a983338b056fb0eb2a.jpg,0235
e04c70fe72b84fe3846e013b2b818db7.jpg,0491
e04edef8f7a04ad2ad556709b24574b4.jpg,0172
e052385f14ea408d99ab037827454b98.jpg,0056
e05388f5b22243abb6ea18592e95c4aa.jpg,0257
e053a73f8a144821a4f68948a5efb5ff.jpg,0363
e055c12565c04fcd96d7cd56ec9001ec.jpg,0174
e05641c2d56c49b9a105ffe5ab6dfb2f.jpg,0402
e05657ac103d46d6b56a3575612b7e7b.jpg,0268
e05a0b693c564437950982b51d028f9f.jpg,0490
e05bd4858a8b4f84a8b1803dff521473.jpg,0058
e05df0b9d1ff4f8093e374b193b28de0.jpg,0050
e05df4869adf4c4a85d72bf5a1b11642.jpg,0149
e064a92af5c74f2e8012ef6eaf2b439a.jpg,0003
e06591d4486e4b6abb645436a1948486.jpg,0365
e06601923d614b72b590ec7a26da3b69.jpg,0343
e06e1e4eeb084bdbbbedfa4920669ec9.jpg,0058
e06e9419513646ce97851fc52c69c02d.jpg,0368
e07185c68f244c15b39a3306a02cd6db.jpg,0314
e0729f09b3ae43f9ba826c882cce4080.jpg,0472
e07532b555e245a98d4036e78f23c1e9.jpg,0057
e0753bdb036a479badc25a74a1f82fef.jpg,0456
e075a636f1864d2d9d4e8297d8ff9983.jpg,0247
e075ace3ae7d491e8de8944f3ae6ffe5.jpg,0346
e07a7c10e7204490ac9445eea0cd3534.jpg,0094
e07c117826f3421e9ec78575063e58f5.jpg,0294
e07c83e2832f486b8706e50de0679d4c.jpg,0242
e07cbb3f6f784125bd58db1cd035411f.jpg,0271
e07d8156267e4f14bded5d209d621216.jpg,0415
e07eb49d7c9f4e979712a31d19710e02.jpg,0472
e089ec24f7e34c3baadc45f3eb533798.jpg,0113
e0947381ee0747fabc60da439f5fcbc7.jpg,0161
e096a0154af34dfc9097fbdc9db2acfa.jpg,0072
e09976416cb74dc1b100b1951c17d313.jpg,0025
e099b35f93034600800bcb1552c911c0.jpg,0064
e09b684c0363460c8763d27915552548.jpg,0084
e09d8de0355945d19730ca26b3bff6a5.jpg,0169
e09daf3527f9433cb21d80667a693397.jpg,0475
e09defe18f6c4340978873f3127f31c6.jpg,0369
e0a34eaa710941f5905901a558875729.jpg,0235
e0a8000d722349e9b0aa349ac434f85f.jpg,0458
e0a961f4c3c84557bc6a437e104efe40.jpg,0268
e0aa5ce63a3640adba11d4eb1302509b.jpg,0209
e0ad394272a1425ca2693143c460d2ef.jpg,0310
e0adb92cb7154332abf6962e479afd0e.jpg,0140
e0b5876c921a40ddb523de889db02cf0.jpg,0297
e0b645e61daa41ea8665ffc1135914dd.jpg,0177
e0b6785c631e4a57885690f21be70616.jpg,0037
e0b96e4f851a4a21a4eeff47d288695c.jpg,0094
e0bec275c7ba4b5e85c484cdd839465f.jpg,0373
e0bfaaf09aaa43b1bce52c2aaaf11cbc.jpg,0297
e0c0ba534cee4ebaa7cc4053187969b2.jpg,0036
e0c0c05c57014e5580fe0208078f1d22.jpg,0400
e0c7b47f88ca48e68627add295a163f9.jpg,0108
e0cdc11625914e3fa878e0b28edc84e5.jpg,0348
e0d1e82cee3242c68399fe6fc85184ac.jpg,0492
e0d34c546b0d43c2841f1623b20721ed.jpg,0454
e0d5638d55b44a58884295cba2b41547.jpg,0483
e0d80776c0924ce5a4d716f93ea99da3.jpg,0234
e0dba81bd27a416a925f2adea167142c.jpg,0145
e0dc470305ab40e280fed29ffad8417a.jpg,0153
e0decd48f1cb4b2bb470559ffeb704ac.jpg,0147
e0e03c5899db440688d0ad737c5a56dc.jpg,0233
e0e06d15800b41fe841b9aaa567b7f34.jpg,0195
e0e0a440b8cb42699df67939c232dbdc.jpg,0086
e0e1900fedca4f66bf5e5ba3e5a94d67.jpg,0452
e0e405ac702d45d6a3296393fe40b511.jpg,0249
e0e5f359ba87471597a5afd09ef2a26b.jpg,0319
e0e70e3ad3974db9a6f7d3fb285ad231.jpg,0013
e0e738c64c6342f0822ec898bafd1b7e.jpg,0309
e0e88b39f4f04eab87562a9724a421fa.jpg,0223
e0eb3740acb540ea9d4f4679842c6e03.jpg,0342
e0ebddc2b51b44fbb6691a4178cc4b06.jpg,0209
e0ec3ab411ca43be95319157109d5856.jpg,0459
e0ed3ff8ad374d709f60a56191f53bec.jpg,0088
e0edf58a2e6e424bb02efec3cea336ca.jpg,0078
e0ee48895cc743c3922ecaf15ad22265.jpg,0418
e0efc30eb73a4845b57da2d21014917d.jpg,0139
e0efc7d822d44cda8099d3a77d2b9f31.jpg,0055
e0f59476fbae4c3a8f280c0b40a24211.jpg,0387
e0f8288d833e4ab2b9d36e1732fe3e49.jpg,0432
e0f8d15a5c0a48dcb7aee5f36c1c6200.jpg,0213
e0fa6e8fe32243ea949920021f9f7d70.jpg,0434
e0ffadca937a4e84a598b14325a2307e.jpg,0292
e100c683daf34a2e82a00510c7b107c3.jpg,0473
e1050184cb5942978b8f6fb3a1064399.jpg,0437
e106d9219f3e47ffbea0ebc9afb46037.jpg,0333
e1071600637a478286ab3e2a5bbdc89c.jpg,0376
e10b4aeda6424e8f954094b506966130.jpg,0049
e10cb02e95bf4123aee1abf723f55d93.jpg,0383
e10ddd394b1d45fe91b0f6123948053b.jpg,0026
e110c65c490644f1b13ab22e06e955c8.jpg,0142
e1141ce738304af297ac4cb90726e52e.jpg,0227
e1149b0d9b084e9880ec3bee39e1bbd9.jpg,0477
e114a673f75e44ebb553b2b8f0e9e24a.jpg,0429
e11618b91feb4fc8b8caf1fc59111be3.jpg,0359
e11818bcbf7849ffa559c63ef582fb77.jpg,0468
e11f61abd98f4a9c84f027b202258aef.jpg,0332
e120abf404114f8dbaa57edf5f00f709.jpg,0279
e12117f04b4543d79042c3c388233ee3.jpg,0357
e1230e2872cf42e5b614e1d1335544b4.jpg,0311
e12b7c7424a248eca4a709d01d05f6da.jpg,0077
e12e44a5efe544a2a5adb4d6b771a6f6.jpg,0428
e130dfb2db6e4ef685f0aa6252353001.jpg,0278
e139c6798bb74d9dbcd539b8824b50f9.jpg,0498
e13ac4dae9c546ca96c1fb2c1392c3dc.jpg,0371
e13cd4a57b834270b0ca8015c921540e.jpg,0248
e13ed6f2c5bf4c25b376aaf5eefa5b71.jpg,0253
e14435176d494ad794d2b5cb3c1c6f3a.jpg,0369
e146693b39f046f19ba6a86cff7ef918.jpg,0151
e146bc8b00c44e1db6e9dc6ecd349222.jpg,0042
e1492e7c6f65442b9de4aa16dcc63b9a.jpg,0211
e14bfcc11a614b6dbf12bb7dce2fc781.jpg,0270
e14db925c8f74edf86de378c06c1bddc.jpg,0329
e151ef674e4b44d38f940d7504a286d4.jpg,0000
e1527f31494649799e2806746d373613.jpg,0006
e152d0a2a5c54d109619caae80f43326.jpg,0257
e15422d522a04b8e9f95648a7eca213a.jpg,0462
e156557ee87c4e5ba858f0e673bf7438.jpg,0052
e1580cd362644738afad2006190f86e9.jpg,0076
e15d39e52e7e4e7a9a8862d25277368a.jpg,0147
e15e77ba04cc4c0c993ca1a8464bed7d.jpg,0435
e15fcfa95f514217ab5cd246ad993885.jpg,0005
e1610d04913b49aa80bc4f8ae04b7dac.jpg,0063
e162bb44b83c430ead3458587259ed18.jpg,0299
e1631f390e124c9baabd49ada5d3acbf.jpg,0098
e1644379c24e460eaadfd9963f4db9c2.jpg,0211
e165dae17e224be4a16624e2449aa372.jpg,0479
e16a25d7162d47d38b7a2d61a33ce9ff.jpg,0072
e16e17a554f24b2492694225c20b5fc0.jpg,0066
e170e09f44b14df48f710e929794571a.jpg,0138
e173bada981944c1bea6d1d35bfe7618.jpg,0318
e1745cfe83f547a99eba599521f14644.jpg,0086
e1753110ebfa483cb25a5b94c31220bb.jpg,0278
e1782acc82b9475999a10fcfd5b6e08c.jpg,0218
e1784cda55a549a78a68a8391c4298d9.jpg,0492
e17bbb77395e4c1fb1bbbc4765ca32df.jpg,0484
e17e3ef45a5e40d2b3f83b12ca24e999.jpg,0459
e1861412435641c5aa06aedecea9b00c.jpg,0364
e189b20913454e79b4ee8e312202d966.jpg,0269
e18b5b6382c342328ee6df531a9a21c4.jpg,0118
e190d79e2c1545a0af0e32ba2c437fdb.jpg,0492
e191082de8774c38a0fe1bca94de57d3.jpg,0051
e19aefc8146a4cf29bee6ba196a6b033.jpg,0439
e19b81c8b8f44dadabcb459135300dc6.jpg,0040
e19ffa3d8c9d4b33b4d37fa99460caa6.jpg,0403
e1a2d5516d6a4ff1822ffce3c5f61140.jpg,0443
e1a3f962429948f58260f2dd5ae1b43d.jpg,0074
e1a8829bca8f4bee8ee4ccf9f0e324a5.jpg,0339
e1abebd00f1146ffb7506e30ceacf6dc.jpg,0497
e1ad132682dd4b34a698b9a14bfdc6fc.jpg,0284
e1ad36e5791e4803850586f1ebf801c1.jpg,0388
e1ae747c702e44cea2f8863d31e4cf13.jpg,0474
e1ae9f91da0046aa8d687faef4130e90.jpg,0486
e1b135704c2c40d6903af1b419afc268.jpg,0188
e1b1b00cc8bf4888993c1879229cf27a.jpg,0228
e1b4e077e79d4f838e320c9159a18a05.jpg,0012
e1ba8612f3cd4d3dbb35c3ba909d04d2.jpg,0495
e1bbe2cb9c0b44a9924fd7fc7f0b3c27.jpg,0013
e1bc368c074a4244b0683781efd453e6.jpg,0455
e1c3ccf8ff254d5e99d4a342377076dc.jpg,0365
e1c768012ec248679ae249193adb5067.jpg,0369
e1c92516b88e49e6bfa9033e78fae6dd.jpg,0203
e1cb0b174d3f40129d2a8b51e7717c6a.jpg,0266
e1cc4b1eb7e04802b7b4f668627ce419.jpg,0315
e1d13e4b5e5a482e851be845688892a6.jpg,0429
e1d2a944a06047babde0f1e193251d21.jpg,0322
e1d5474dd7b147269579dfe02656df28.jpg,0427
e1d8d90b5000454e978372305e81bf31.jpg,0407
e1db47a998864521b054da6ff310c473.jpg,0057
e1dc06a7ece14f02bf226e43fc0c3bc4.jpg,0455
e1e162d91b9442c7a8cd39bf05225739.jpg,0165
e1f207fbf2794d1d9b1970df61972c91.jpg,0134
e1f42b292a2f45e2bcf4eb843888b311.jpg,0489
e1f43caf8996486b93793930bdaa5c79.jpg,0111
e1f541e2a04148b59f3a35e3d4553237.jpg,0422
e1f5fe3e3b4e47f99804ce83cf2992b4.jpg,0426
e1f868192b7f466ca8c2526955a565ae.jpg,0385
e1ffc244757c4f06bef091c1834aaee5.jpg,0025
e20036cfdabd4ed7bd0304bb75ef8c0a.jpg,0189
e2009818019042f8b72d09e2597dbf55.jpg,0394
e20267f88f20440d8c1e8581953c743c.jpg,0293
e206b14d8a8e467a9adb433eb95d92b1.jpg,0192
e207e8fdb5ad4778b110b79cb8c214bf.jpg,0253
e20b1c5581514e81aba576c796ed7dfa.jpg,0473
e20b6401aa8a4124b3207aee59c4ce40.jpg,0190
e20cc265e35c495397f8097f95857e53.jpg,0245
e215059dd4174e91b2caefc7a2a053f9.jpg,0049
e21b6dd5114b45c5b66e8abb42162854.jpg,0387
e21b819ac8d84418859f19ed6a8e89be.jpg,0354
e21bda8d232a468183c1061836e5d69a.jpg,0292
e21bf64d76b9432fb47d841d254ddb13.jpg,0023
e21cba39cf6049b788b8c441a2e06a12.jpg,0223
e21d7ba89c9f44cfa19efda2f8c7f121.jpg,0063
e22015b936bc4870959d2a7e2e03927c.jpg,0439
e2201e8eea7f44a1b8f4312464561375.jpg,0092
e222ed276fd14f3fb18d57f21e7708bc.jpg,0366
e22403adae48446da29bed8bf59d9867.jpg,0397
e229d714d49e47a3920bade79c14259e.jpg,0232
e22acc0dd8974db5b0569a21da59975b.jpg,0368
e2313005ee7c4c9eba4a9639185371f9.jpg,0360
e238832d2bf342309bae1f416d1c92ae.jpg,0270
e2398f18c4e3498f8a59dbfb8f6bc956.jpg,0079
e23a48c17c6e495ebc689b2a80a6a99c.jpg,0268
e23da545aadd4226b23af26ed02a234e.jpg,0056
e24c03037ddc40548f9f48e844570ac4.jpg,0146
e24dd051d27a4d3284b4da05083daa1b.jpg,0168
e24e9377763143aab5752c1c99687597.jpg,0384
e24f422429724729a869d422d73f4985.jpg,0130
e25019d3a0414b728abb6fe7ed59365c.jpg,0352
e250e613f4e1476199cf9c01ba562380.jpg,0325
e25230bb21e04574b6dcd1a8516e1b00.jpg,0141
e257770101c640b2b59373440185c61d.jpg,0343
e266629db95f4f979f49086a20af3361.jpg,0006
e266c737f34c4f4297ac3836c9481489.jpg,0201
e27030c6878e48f1a4acfa3cdd0aab4f.jpg,0036
e27166e59a9f4f5da680cd2554a3b9e0.jpg,0241
e2718f6758964dc9956bf9606361880b.jpg,0023
e2756d8dc8704073a1103bc1451ec57b.jpg,0220
e27dabe55eda414aa3d2b529dae2ccd7.jpg,0247
e28058ec7c744f129227568be1c516e9.jpg,0490
e280f246c110430c8347ff82aa7ca72b.jpg,0463
e2810692ee1f467bb9f586d11e07e954.jpg,0451
e2859a6b80594a73bba4ba7c787bd2e4.jpg,0388
e2872dde7a974c828c39b2e5e7e5a051.jpg,0152
e28ceb1f37ed45f9b3b09d111b24e40d.jpg,0474
e28e5db637664a479bd7a149704f74b8.jpg,0011
e28f771e9524426bae0499afd8aea644.jpg,0378
e297287fe71a4d47b3e35739e0ebc7b4.jpg,0409
e29944a8c61a4bdea1b77dd230732256.jpg,0062
e29b91b63fe8498683511337862a8d75.jpg,0309
e29cbb346e7e489f83cd28599e61caf5.jpg,0464
e29ee262e27141228f2a9e8d1081d010.jpg,0153
e2a0e259adf7434894a4da37d01559e5.jpg,0154
e2a261dc19f44879a38e1c1977f098b5.jpg,0479
e2a3852ffa6c422cab59ac1647ee79bc.jpg,0002
e2a731c8ca384fb180732db3a30d424c.jpg,0210
e2a9267506924a03801f83539639ad32.jpg,0320
e2ac943764db49fca02725b4ba736ab8.jpg,0272
e2aca1cd1e6b49cab488a710cea2ae30.jpg,0355
e2b19d71590b41f291c08f531a0caca0.jpg,0008
e2b38138c2da45179345fd9cd82f2251.jpg,0192
e2b4d5fca2194bfa85fbe006cfaee2d4.jpg,0471
e2b7d4e0888e4300b5193b7df385eb2a.jpg,0019
e2bba18828204299a406278a18affbd9.jpg,0181
e2be70160191485393ec5bae8f653b2a.jpg,0093
e2bef21e3aee4683bb5c89360c5db093.jpg,0070
e2c7b0dbc71f49fab285de37c18377e0.jpg,0106
e2c9e4e3946c4c64a53aa7cba235ebb1.jpg,0349
e2d046cb3e0f4a168147638d6d044b66.jpg,0084
e2d140e886c34b0a9d580254c4be38ff.jpg,0312
e2d6cf9d0a0049a0a3998d5f12c88c66.jpg,0258
e2d74dd22c114477bad1cbe1226f641e.jpg,0042
e2d8a04391934e6c9cb36fa09203fa24.jpg,0319
e2d8b4313da944979f8eb04871fbeed2.jpg,0448
e2daac35995e40ce968cc260a0fd2cf3.jpg,0006
e2dacdea4dad4bcd82f3757bf0fc09b2.jpg,0290
e2dc79c2c16342c2b6ba26c5d362d464.jpg,0158
e2dd8235da4a483d9b74f00dbf447884.jpg,0319
e2e06307b10e40b98b89909444dee54b.jpg,0373
e2e1f1248ed3453baadab0502b2701dd.jpg,0328
e2e3d79a42c9402baefb9f60c5595193.jpg,0437
e2ec2c1767ec4709899175d242d209ed.jpg,0343
e2ee945e93d84526a12ab057032da8fe.jpg,0323
e2eefd2548c2470e91aa059585f17849.jpg,0280
e2f37c1792814402a08aa91ac3497810.jpg,0274
e2f5fecd9482426b9db8f948397c110f.jpg,0128
e2f7b14170bd4fcc9b8476e98a5ccae6.jpg,0181
e2f899514db441efaeb61e6dfa1f3e59.jpg,0205
e2f99101a72b4c60b9ee03d704864844.jpg,0371
e2fcbda05bef4c07ab064d30288ddb6e.jpg,0273
e2fd90ae5f87400aaa4d29beb55c937d.jpg,0338
e2ff565bb014455f85313144fc640e39.jpg,0453
e3033f51d0dd42b2b583d4cf035c69c8.jpg,0235
e303cbf20f324c04ab9840c3adfdf59b.jpg,0124
e30542ee9f4e4e28b156f79fbdbb818e.jpg,0492
e306306893c24449ba4516ce5d51a58c.jpg,0431
e30ae173b99d4e5cb486870a57cc9d68.jpg,0189
e30d688f2275439abdaeb741130169f9.jpg,0024
e311c6d83a454a8a9a0b66945645f150.jpg,0117
e311f041a77e4720a35992efd0394017.jpg,0067
e312e68981aa45109b59ca4e2edfc489.jpg,0114
e315a7bbcaa0444398563fce6d7fc446.jpg,0435
e315c6dbcbf443e0912db5483b163c2b.jpg,0323
e316c98ef1b5446ba71aeb304a832c0d.jpg,0208
e31a62f94e024c5c9d076ab1637128e1.jpg,0210
e31a9a0fdaad4f5c9191be2ecfa634d4.jpg,0217
e31b4ab8ef0549f7a9b1349c4bef6440.jpg,0271
e31bad1ea81a4ce59aa3e27f22784137.jpg,0198
e31c886f98a648579b3d984394972097.jpg,0406
e31d1c1c0ffa4357aff037c274c8a5ec.jpg,0073
e3223068f59240b78c68355560154c04.jpg,0382
e32252a6c6cb44ed953b1da5a7589149.jpg,0480
e3225574f8e74166b26f66360c11f6bb.jpg,0153
e325a489439d43b38f17e287e853dafb.jpg,0238
e3313336a3b34c39a71966b082f194f9.jpg,0103
e333ab84b6f1452bbd1f599ba81e5d9d.jpg,0132
e33583ced90f41b6876570d05b7b6ba7.jpg,0002
e336872b023445cbb4cb7160906ec7de.jpg,0058
e33795fbb9db4d23822a0bb3a82580db.jpg,0288
e33c8fa72e12439a94ae45967b6c319a.jpg,0034
e33d270c2cfb44e5a742bf43451abf3e.jpg,0015
e340d5f98cf8463ca85771f6f04fd695.jpg,0338
e3434e98c91b426ab3415eced1f9353a.jpg,0050
e3473e289b35463e9638141d056448cf.jpg,0104
e347cfa4240540a0b8a5f5f8d3e190d9.jpg,0020
e348305f666a4985be1fda3a0a6c46b3.jpg,0102
e3487d81aed34ef29e844a669243acac.jpg,0403
e34b83c11ab04cf2a2905b63ff9e850e.jpg,0327
e352156771624c30b07118a20a65cb9f.jpg,0125
e35237ebe890458fb85c82c4c36756b0.jpg,0096
e354934a57e8432290a263eaf10ba79a.jpg,0061
e354cd332ce34f06b04621ccb481138b.jpg,0203
e3589848043d47aa87954a957c0a3b34.jpg,0059
e359467d0c72494b91b9e2c493182c68.jpg,0363
e35dc2d830a6470ab4272a2bee7fd66f.jpg,0494
e35dca42d79c489487700b38f1e83e94.jpg,0205
e361482ee8c04c088ce709feada403b8.jpg,0165
e3636fa3bf8f42b7abcd2b1e1ac674e6.jpg,0477
e367839699084ac4ba6d13a1846273bb.jpg,0273
e368a2c26b544efe8b64fe62ceaddb31.jpg,0213
e369d71cf3f5413e8fb4dd1f69593daf.jpg,0341
e36ffd7f289647278ec5525bb8f712cd.jpg,0055
e371f7dfbb9b4da2abfef32cbf8f3b74.jpg,0469
e374386dab78400f95d83e560dc23542.jpg,0228
e37660b8c67344d9aef0457eb13c8da5.jpg,0059
e37910c3d4f340a9b556f53a42e44cba.jpg,0162
e37aa39c23834d5fa857fa5d70427b74.jpg,0072
e37c4debe9d6409e8974c575c6382003.jpg,0427
e37da802d4b54a05b038d33718ce5926.jpg,0239
e38184a794b843febedb4c96d4ae240b.jpg,0016
e383aa4c85f64bcf97787cc7ffc0caf9.jpg,0340
e3853e89d4fd448896aeae7c0be18f5e.jpg,0457
e3857852dedb4aa6b98301e1a22fd2cb.jpg,0482
e387148564e649978569e2d52f840c3e.jpg,0107
e3880333bc7c48388fe57e2644c29830.jpg,0278
e38f5e5e3a0547a2802d1c8006fab025.jpg,0466
e396924b00b249848cbf34b833670d5f.jpg,0341
e3989c8a95e442519f42c91de5f2b85e.jpg,0256
e39cd99a4ee546f3aa7850669e9a9a6a.jpg,0017
e39e5cc491cc4e69907724d4243c2d10.jpg,0251
e39f55d3b74349feaa943d4f8cee21d2.jpg,0290
e39f6018fdb54039bd4432c66e848d16.jpg,0327
e3a25ec70ccb43a981b8066d08897f78.jpg,0003
e3a3842a576343c0885dc4f54b0c66d6.jpg,0403
e3a443c7e6964ca797b64b5d7c319ab4.jpg,0304
e3a84e5e77b6465dbf16d2ea4ab873a6.jpg,0384
e3a8608570ed4436a4b6720035353eeb.jpg,0465
e3a8d74d35de4b14bd0fd9e13285b870.jpg,0373
e3ab571617804f9390736a51a6bec37c.jpg,0227
e3acc179b120435fa9ed03fc5555033d.jpg,0014
e3accb6fb28c4dab9c59827211af184b.jpg,0358
e3ad9797aa034ba4bc176caa15423072.jpg,0126
e3af24681ce74ab1a61f85b807f3a37b.jpg,0161
e3b32b37d10b42eeab1ffca391fa51c1.jpg,0115
e3b8511ce97e41bd9660df650337b64f.jpg,0407
e3b88a2c384e4768b7a2d0df1f30a0b4.jpg,0048
e3b9000f7d5147bcaeb5260cb001cf2f.jpg,0081
e3b966c13a5841ae80277c1127a6c84d.jpg,0406
e3bea60f978a4ade8298c613745b2c11.jpg,0356
e3c116afe0c84bfcb43c74ee9a572de8.jpg,0280
e3c4589db89d4ca0b5751c19297be951.jpg,0407
e3c4e280f7654a959338bb5f68156a07.jpg,0394
e3c9bac63a7f469f86ab2e7f067c3f4a.jpg,0149
e3cafa9c4f074211a7a8bdebd4a906b8.jpg,0387
e3cf341345674163887dfdede1939b7e.jpg,0066
e3d09f8a862b4b72b8d32bb10e9313fd.jpg,0254
e3d44ab6ab66461293dfcf4b47cd3424.jpg,0398
e3d4e8339637437a866947df4c3f8fb6.jpg,0252
e3d641186c7446fc8b3fb3e9a956e4d3.jpg,0204
e3d8f833a24a415cace5ae5b4c24b7fe.jpg,0196
e3dd12c43c0e44b484d44b076a63aef6.jpg,0398
e3e7305f068f4e138e160bdecbb22938.jpg,0227
e3e80ed455d04f44a2603e1aa4255a9f.jpg,0026
e3ea932584ba49fd9619e477d15a3adc.jpg,0342
e3ee609878524632bfe5a381454916b2.jpg,0023
e3f1ac1d9a2448d9889c35d7c51403b5.jpg,0395
e3f45ee17e184a0fb11d2d06965a5e3e.jpg,0243
e3f9c0261ebf4291980fe4248e8719b3.jpg,0457
e3ffdbb96e774a58aaa0df7a29fd1f2f.jpg,0117
e400ed87abf44b79ae5424d7f7e3a4ae.jpg,0092
e402d15d48a746ceb12ebd373596e9ed.jpg,0047
e4040685b9db4595b55932766c075bd6.jpg,0047
e4051d483c074e909f533a425e99e4bb.jpg,0281
e406b6f615a2406db8d1a82a7c7064e1.jpg,0030
e40983d57f4f4ddda102e39c819eb147.jpg,0297
e40d77b6067143878de5f325866b7c57.jpg,0426
e40e22b807304cd9bbe9529b21ea5d89.jpg,0188
e41095508ed04f3a8d60889eabc0a56b.jpg,0056
e415d48f36114d55ab8749ea51d82941.jpg,0096
e4165816c3fa44d5a1ef0aef4828d6b8.jpg,0377
e4189c5c831f480f92f3ad4dc2c98513.jpg,0339
e42424e9d7c64c55b94f212e43c57fe5.jpg,0071
e42a97b4cef94a71bed8444261f0f903.jpg,0043
e42bc1430fbe43068077ef5b1255c1b4.jpg,0235
e42ced7130b94845b0e94a2e1bab2ba5.jpg,0056
e42d9b9fce7144b1bf288cbc1f551cc9.jpg,0061
e43057f22af4451e8e3f553a74aefa03.jpg,0000
e430817970944edc9ce6e6124eb66e3c.jpg,0099
e431838e02514d248ad50abe20cd87fd.jpg,0288
e437af83b48f4c08b5c3652ef977baec.jpg,0401
e438617852084f86ac23e483e0900b31.jpg,0478
e43bf6d61d9b40bf860b2873cafbbbb2.jpg,0216
e43bf7e2d1f341b2a9d6ba1e730b2b08.jpg,0483
e43e9019a12c444ba9dc6bd6be123364.jpg,0109
e43ebb6d63264425b223582d74ed219c.jpg,0234
e43fbe4b51db47ee8db0fe59832255fb.jpg,0070
e4423141f0ea499fb04661f828c4fb7c.jpg,0268
e44328c6c5844927a7013be9bd6f0eff.jpg,0342
e443328b5a1a4b849fd44d1cb3367cc9.jpg,0269
e4477f341c8740dcbd40b9615b02ee20.jpg,0213
e452f4f9166d481db9c5f1db79169bbf.jpg,0429
e4582fc2527643e494e8cbb03d2a865a.jpg,0372
e45936b0cb6a4936bac83747f2b02798.jpg,0070
e45a7f2e2ca34f57bdba195ce8dc5267.jpg,0315
e45b4c5270a24d7fa7518fe7a5431ef7.jpg,0475
e45e9c697ac84766a4571549650ba3d8.jpg,0035
e45eb4c998654c869952d1033bc61fe5.jpg,0125
e460c25aac864bccabe1795b8d4a71d6.jpg,0034
e4626211595c437c90f5e48a7c653131.jpg,0255
e462fc6878664b70b357c47754147b51.jpg,0306
e4670a2ef38949f0a59e5660e2660865.jpg,0353
e467b0cd2b894038a8b576ad89097e5c.jpg,0359
e46ec75ef23b40f0a86efd19959918c9.jpg,0332
e472d72fa77a40e5860205f8ab843bca.jpg,0429
e474bc213ba84bee9135ba81f8fc39d1.jpg,0449
e4753cb6e3174dcf9d94f6331c5c2307.jpg,0431
e4785fd64d1a45ac990a13b1c36f7987.jpg,0189
e478aa434fe84da38bf5056d69d75c05.jpg,0214
e47b284749a44148b268c5eaffa44bd6.jpg,0143
e47c70c936104d709f1c79b5bd55d0f5.jpg,0279
e47e228d8326459aad02a5a1a1eefffe.jpg,0040
e47e94a411ad401c8d67df51f882898f.jpg,0307
e47f69b7953946dd9e1f13ad4531778b.jpg,0441
e480aef1206e49ccac9316e48a496cc3.jpg,0165
e484501f2af04af39ef43a6f10d97f15.jpg,0424
e48470efddc14de5a64a281027059a4c.jpg,0342
e4893898a64e424b82bbc6a9dd8c226f.jpg,0139
e489a9ded5214cf5a3eadd0b68b27211.jpg,0013
e48ca65d75d34c3f9fcc1a096df0e3f3.jpg,0144
e48cc5fbd74946deb2d30d10bdb4c68b.jpg,0058
e48d6942131e4a0b879af5469898bfaf.jpg,0321
e48ee5a7bfed41f2bddadb0eef165917.jpg,0377
e49ed6b1257e4d2e83a834e9d98659c9.jpg,0362
e4a444716c5d41a085e35b61671ca0e9.jpg,0255
e4a4c8469b8147669e3db96418407636.jpg,0113
e4a4fe74cd934b559581d4b39b5acb22.jpg,0111
e4a6ee1dbfe343048e94a277dfeed6af.jpg,0410
e4a83f24d90a4ccba4a93a6a71764007.jpg,0059
e4ad1cab246340e98f3cd53bb114ac02.jpg,0071
e4ada847554842b0bb7f646d7e03c42c.jpg,0361
e4adf304930549a1ab1fdf3f9b63a554.jpg,0179
e4af6ac759334bfdbf0e8f9dca7d43c5.jpg,0177
e4b872301373423dab042f9e034b589e.jpg,0431
e4b9dc17336e42a3acd20e61fc9ebdb8.jpg,0347
e4bb4790f29a4f6581d93ff65d85be7c.jpg,0320
e4bbd4e8169246548cbd69cb947ffe88.jpg,0244
e4bde665eea649e0b625a1cf4d384f19.jpg,0136
e4c3619c529f4febb76796d19a2b8ebe.jpg,0279
e4c3f2426521443287050ca8cb748944.jpg,0141
e4c72c1f9bf94d4e98483ef7d00df8eb.jpg,0039
e4c745f6a5da47c0ac70527406bb6511.jpg,0363
e4c95ddaa8a94a55af70198e825836c0.jpg,0292
e4cc5095675642c3b4f1ae5faa95016d.jpg,0228
e4cc5ee0b404413ebd516e4707eb0d86.jpg,0223
e4cd7a6327424f468e1947f433f7e37c.jpg,0076
e4ce6f6f835a456db72ebd5e3e73dcfc.jpg,0123
e4d0ba58de054068ab5e681a42d1ac46.jpg,0187
e4d13381d19443419b25324173982767.jpg,0039
e4d30998129845ab93c4b3212f83290e.jpg,0490
e4d3dff7010f447c91e557867b9341f8.jpg,0048
e4d5a9a6490c430bbf7185194c9c435b.jpg,0124
e4d5f660fb864180a1c6430255b970e4.jpg,0399
e4d7a10937cd45b88f55cf73ca94756b.jpg,0194
e4dfa6268bf14b588de34d62f448e5c4.jpg,0479
e4e31726350a40bcaa531d2c4cdca858.jpg,0286
e4e51776c60947dcbac2188fec10a11d.jpg,0478
e4e56e1ba4184f598914aa13944bab5a.jpg,0494
e4e69ee0c4b34c20a16cf3a800bb10ba.jpg,0039
e4e8a94b50924a62b4d8d2dfe37279cd.jpg,0063
e4ed515503274359ac8fc1d9b3e252b8.jpg,0469
e4f24a4c170041dabf55b4e42a727777.jpg,0311
e4f2ff9b5b8a4dbc9fe41e3e50e8c603.jpg,0240
e4f3b055101741fb8d090ffec471c6c1.jpg,0310
e4fb73e1e12c4b0caaff034f9e21fad3.jpg,0268
e4fc4ea8469046cc80c43df081d19bb3.jpg,0261
e4fffbe4681c4528b0bb966fd5738e80.jpg,0225
e5091c8c14ba4177a3a76092cf18e3b4.jpg,0093
e50e5ecce567449facd39dfae7921b77.jpg,0452
e50e996e0a57420fa28509a589836311.jpg,0331
e510a4e01afc41e2806ba4aae213ff80.jpg,0147
e513ac427e784415acff29f7e653a4bf.jpg,0443
e51c756045de47cdb2dadaee31192ed3.jpg,0094
e5206fc4ca1149f6be8bdbb6f5f405ee.jpg,0008
e52198dda18a457d9bbb5e7fb57a9fbb.jpg,0124
e527041c6451415ab98f2f7f341a139b.jpg,0195
e52810c8f34d4f1ab1cfca76531164a6.jpg,0274
e52949af7d4d44bba668fe0055e3a2b6.jpg,0209
e529654ea5c54140a28e6ea8b777549b.jpg,0209
e52bac04f9a44af5bdc6ea1eea73f256.jpg,0032
e5315524ba984a8a9c5c378d16985fd6.jpg,0404
e532c53d88e5483d9bcd78bb0861558f.jpg,0461
e533c129225c4b2bb87492c07a996fa4.jpg,0299
e534d8288003421f97466c9d09ea3c0d.jpg,0420
e53c074dcfc147e1bb4e2e1c4f0321ce.jpg,0139
e540a80ca28b45a9a2acd24c5b8f064d.jpg,0278
e546284805ca480ba867cf4cbee0fa94.jpg,0412
e547fa93aebe46238ddafbda8080e23f.jpg,0020
e549526e242c41c8806b8ab185ec488b.jpg,0370
e54b7dd3a82947fab749fdbc3db257e1.jpg,0377
e54f1afb9e034349a629cc3793fd92e8.jpg,0127
e54ffec6f3e54bfca0eb81fca1676c4f.jpg,0474
e5505f674ed74109ad65d486ec0ec76c.jpg,0294
e5521bf2c36047d0b7e02c72bb673939.jpg,0191
e55248d8b0b7410399a795575c6f8e6e.jpg,0389
e55490ef4cef4fa1b51b7e9ab41cb63a.jpg,0124
e554f752679b492b8bd85af7627da430.jpg,0245
e5560004adfe4a77b65fb1943f7b2d89.jpg,0339
e55d931e8339460b9939b8f6351e8d87.jpg,0093
e55dd0204f28425bb483839a9827964d.jpg,0005
e55dd5f82aee4d5399abeaee79fb035a.jpg,0424
e55de97b353b4267abf107c2686d6be4.jpg,0302
e55f3895dbe644d1854c90877a7865f3.jpg,0233
e561793a855945fbb2afae4dd3133d33.jpg,0118
e562993e21314371adbd6a5e6f33eefd.jpg,0145
e5682fd3761e46e1b72f82069e36cb79.jpg,0442
e56f9df6ead948c28bb63cb76427ba59.jpg,0086
e570cba129de44df89dabbcb259e198a.jpg,0020
e5771e4533e74e8f91f89eadc7d7341e.jpg,0396
e577be8c6bca41858f350002640d0b83.jpg,0492
e578b80e31684922af1e8ab473126ba5.jpg,0347
e579ddadf7fe483581fd4e23c3c0ae0a.jpg,0396
e57c407a071544d094e6c8a5bddfd6cc.jpg,0045
e57cb6361bd14ffe807f86b2a5284d7a.jpg,0438
e583554a794c432f8c30f8089ac567ed.jpg,0259
e58c031b38df4c2da5591c9f11333e0c.jpg,0163
e58e3eb04510448ab107c37392f144eb.jpg,0038
e58f3f66c60f44899a75116517d106b5.jpg,0129
e5932119deb8426db9ff7fa5bf66951b.jpg,0017
e5939c0731854cde9f21b6923f924cb9.jpg,0064
e5942dd236804b06b928e786807a3d35.jpg,0259
e59563261fae40f7a18e407836b56968.jpg,0028
e596b0de14884e9aa6cdc29832213c15.jpg,0058
e59774f9437d4ceda9a61634d57111a2.jpg,0331
e59cfade0cd649af9a306953e8be923a.jpg,0479
e59d7898164847369274ced504a9c4b4.jpg,0224
e5a12ff6d99d417f979e4086e756c096.jpg,0144
e5a2f4c1ebfc411da44e609943742a33.jpg,0311
e5a370f396ca4befb390481a61f420ce.jpg,0105
e5a6877a8d8045578ccca2aee8ef871a.jpg,0101
e5a7e805de5f41349cd6e5c6459a1b8a.jpg,0364
e5a84a61413d44208faeaac8e5e08ee3.jpg,0037
e5a9b8b465b546339b0d064eb858f18c.jpg,0363
e5ac61e27fe24efa8580ffb4bb070a52.jpg,0052
e5acf1217f8a489e8c9a7d74bb4b5c6f.jpg,0428
e5af4fad5a6b4c14a9e61ebccf22b5f8.jpg,0451
e5afa231688148fa91bc5521d4c0a331.jpg,0092
e5afd6a4212542eaacc4656e82e79bcd.jpg,0344
e5b0d03b82dd4decbcfac3f7ae6f89f8.jpg,0448
e5b34147e8224e79966ccac7844d1667.jpg,0149
e5b41350ae5e4e8a91086f760e070b14.jpg,0085
e5b65a99be524f6ca2ea387b10e7b2e5.jpg,0227
e5b987688d8944ef9ac19605a870ce52.jpg,0165
e5bb2a6dce6943e7b09aa68bd1365820.jpg,0184
e5bcdd27597c4be2a8a9f22b4885dc75.jpg,0379
e5bd19527a4e4af0a4bb6a9d4630b055.jpg,0170
e5c8264d7d0a4a95a65841caf2082cb7.jpg,0176
e5ca2e6436bb4780b956d81cf1df2894.jpg,0401
e5ce1897f409452ea248133e5236e35c.jpg,0173
e5d02d7194e54119ac4b0bbb12221086.jpg,0148
e5d32965bfae40c58dd6b2c99d014918.jpg,0291
e5d6075f0f564c21835f77744e894e90.jpg,0395
e5d75475958f4748a0ca3a0aa2c54932.jpg,0355
e5dc03e3d470419e8bff090495f18915.jpg,0179
e5dd0be9c06340cab49e788bbfbdb136.jpg,0473
e5e1258ff358411bbf7f9c1dcca4d23a.jpg,0204
e5e52a82a4c540019e2940a50b1be92c.jpg,0224
e5e61de0f682426685a5de10285553a8.jpg,0109
e5e6b4cee0fa40fdb5f1a5ec9a29f3c5.jpg,0435
e5e7610f4cba4ead86cdba2989cf1bca.jpg,0253
e5e887fec1194c12ac498eeb075b35d5.jpg,0157
e5eda710c3ab4089b7bbfb2e2f4843d7.jpg,0198
e5ee14df75dc46598c43ff169c966034.jpg,0089
e5ee8c3f75774368999a211054044700.jpg,0064
e5f0e535ed264a19966b0028d5dddda5.jpg,0028
e5f23267bb3e4a079ae3852037938dff.jpg,0323
e5f68aa334f349b7bbfb657ea48732eb.jpg,0465
e5f6bfc051c4407cb57fa298a2d4c65b.jpg,0388
e5f8ca15e6b2452d842e5abc70fe7e5c.jpg,0316
e5f9011130664aa59b2d1eb28c8e5705.jpg,0222
e5fc3971242a4ee6aaafc9ac519e3c7b.jpg,0474
e5fce05832544be391a22688a7e921b6.jpg,0281
e5fd84e24cf3409f8b5108cd473fb68a.jpg,0032
e6001eba19f44809b9dddcc89cf04271.jpg,0221
e601313776be44269b595d4ad3cabf31.jpg,0425
e603e652c52c415bbbec10365e15cfe2.jpg,0359
e6074bc547cb4bb29dcfa26b4edf7e8d.jpg,0274
e60a1ebc03e243d8b9d935eabfec1385.jpg,0278
e60cf9355e2c44fd8c9857d262a6ac50.jpg,0391
e6151888547e490183d8e1ee79b420d0.jpg,0333
e61a2aa57b5a4062854af87647815cf7.jpg,0048
e61e76a172784d518fb22dc47297ad50.jpg,0491
e6220174de2d47c68f7a8e477e026a19.jpg,0282
e624205a600948ad8ed135c084660b94.jpg,0163
e6253c6a5bd04d038a4f0a52083815af.jpg,0243
e62666c07b3a4d768d9389f71a7ca0d8.jpg,0164
e627833955ea4aae81d747ca0caa8b54.jpg,0439
e627fc3da5e3475ca962d6638a13578f.jpg,0350
e627fdf60b954fbebd946ae3678f8726.jpg,0184
e62ec58b706d42fbaf5084b4ae1c8a5e.jpg,0423
e62f12d41e6f4edeabcc1af7ee52d289.jpg,0406
e6303275dc2640faa7eac9e60e007e81.jpg,0495
e635efd9082441cba779a4bc951daaa7.jpg,0082
e638312acefb4c248cff04b758042b24.jpg,0264
e6386d71b45a43d89fc25eb07339937f.jpg,0058
e63b17974ef345b499c2dbc8bf7446d2.jpg,0205
e63b8679fd2a4ad58e6c64657722af37.jpg,0051
e64ac383408c4420ac631bc233a7c6d5.jpg,0042
e64e37ee3102473f8a7317acdf7eb006.jpg,0110
e6502473c29c4be0aea9d920aa9a734f.jpg,0398
e65431a69a3945afbb6abe42ee271be8.jpg,0428
e65f324f728c4c6c95ef02a2e546c0cd.jpg,0041
e660fe78ae1443f0969c269d42714d54.jpg,0003
e665c061e8ad487c863950891547267f.jpg,0459
e666e5d7bf8542bcb6574667ca61e716.jpg,0081
e66871ca57ff4ab78c257fb500f11684.jpg,0104
e668f55fde944ac79f91a9359903cd06.jpg,0166
e66b249a289342b78604fd4a0dade3c0.jpg,0448
e66b68006832411b8af3753089f104f7.jpg,0317
e670ea2d5e6e401d823ebfd07a19b8dd.jpg,0149
e6740903092744008e435e006e7d2ceb.jpg,0238
e679aa276e6c49aba4ef536a55c3a90a.jpg,0014
e679c1ce266548aa8ca07151f54d4bd1.jpg,0475
e67ab6c236534ea4bd9a32c0af15b4dd.jpg,0204
e67ff8e5a95242b4998a8b9705be8595.jpg,0319
e6827b51dd93481fa11ada673603c115.jpg,0116
e684248f75a941b98b8ee774466af562.jpg,0102
e68556796e49448a9bbc88443b90600b.jpg,0376
e68ad94d0fd447ad95a286974427022e.jpg,0238
e68deefeb68a4b3ebb616783f2c83cd5.jpg,0011
e68e10034ac94af3990ca9ed767e6a92.jpg,0333
e68e3adf47324fcc8f765bec78ff9568.jpg,0066
e691875b74434edcade11e64c55e3e66.jpg,0303
e691d0b3a5be493cb63a23a49aa4e401.jpg,0051
e6a755f0d18b4f8185b823e53cc2590e.jpg,0111
e6a8890e68e74af39066c705e9924e47.jpg,0148
e6aa19a021bf41af93db6fcead39bc66.jpg,0134
e6aa300e7ddf462ba4a82a6aef5d3351.jpg,0363
e6ab074d66bd41b0b4bf43d1fbd12f7b.jpg,0160
e6ad7d1c2624486c9f311180b5eadc41.jpg,0465
e6b040b3a39a45bea569b3961037dbf8.jpg,0158
e6b24ecc22704cf3ac147757a6d8ed08.jpg,0293
e6b3820e15254167813608ab1b409a50.jpg,0313
e6b52d500f254fd79b9ea03833159588.jpg,0421
e6b82eedccaa40728d5e9ce56505d1d8.jpg,0253
e6bd1383b0374555bdbfd8fbf2b9f560.jpg,0316
e6bec446aada4fa3aba8cad03c771cba.jpg,0002
e6c48d20e68b4af8aa1c5052573198f2.jpg,0201
e6c5a48b6f0f4bc98860f1bf2341dfb8.jpg,0477
e6c79de80a874758ab11347e49b5c3f4.jpg,0324
e6ce34102ecd4322b11859aae7447c42.jpg,0482
e6cecc42fa4d4ce3a6c37bc10be1eff5.jpg,0122
e6ceffff574647928748cdf9a4c4ed19.jpg,0061
e6cfde1053a94eb0acc2891288906d6f.jpg,0477
e6d0ae6d598f4e1c8a72d6b3e72a8a1c.jpg,0425
e6d2e483e4604dc4822fa278235bd8d8.jpg,0429
e6d656a8b7594cce8b1ed3e2f28a6cd1.jpg,0225
e6dd2744cc5f46679b3fe51ab38274a2.jpg,0115
e6df6c2b29dd4580b38aedffa07217d7.jpg,0184
e6dfbb6e99084ee78345417641b8cfc2.jpg,0372
e6e132f480f847a49dd395a39ae95a21.jpg,0157
e6e36ba65d434471878439cf7d0d4dcc.jpg,0033
e6e37791109b4b8fbc870406aec8bda3.jpg,0185
e6e3f2b9e110474ca1e9a16a039b0871.jpg,0224
e6e62212cadb4efba865ea3c8f21c436.jpg,0306
e6e8d770f1694b658c6480d6fd7508ae.jpg,0320
e6eb258517d74004ba210f6db846584b.jpg,0387
e6ebd8e7d63b40409d417a9d91a3a489.jpg,0430
e6f14d189b9c4143a941250c553257ad.jpg,0142
e6f1ddc39e7d42c593d7a251c8ad3983.jpg,0362
e6f56ee8de564927a42084d090198863.jpg,0096
e6f60b73cec74897a62536aeb6a231b4.jpg,0398
e6f792867fa442f4902b7c143e986f63.jpg,0346
e6f926661cc0472cb2f1f61d2eecdecc.jpg,0370
e6fa5d27a97341f8b599d6defe8d80e0.jpg,0168
e6fcc2d1c61f4628889d7db2eb81a4de.jpg,0205
e6fcc51dc31a4f768a813c3c49207c0b.jpg,0081
e6ffa1489ac2434f8dafab92d321fc84.jpg,0249
e6ffeb7753114c8bb9d20d4fc6c22997.jpg,0187
e700d6d7360c4bd48a2f0fd2b20d5cb5.jpg,0319
e705a06bf85b4e348e81853c91cd38b4.jpg,0191
e707cb3ae5fa4a84901b694b47b7f0c0.jpg,0233
e709855d45104e7f80dcc91ffe13a9ec.jpg,0222
e70a4b08a28b44fab46a3532be4ef193.jpg,0237
e70e465cbbb54fb2958b1853a146fa59.jpg,0255
e70fcbc349144056821775cf4f35dd34.jpg,0156
e7101c51e3ec45d48c4401b876525766.jpg,0105
e7169fa2e0f84e99b1aca9b4cfd7468c.jpg,0223
e71850946d614ebda1dad6f2305fd967.jpg,0198
e71acafbee6c42e7b8f76a80e5f55256.jpg,0270
e71e7210929a40709e2508b2012516d3.jpg,0019
e721998b678644db90e44473d541c281.jpg,0259
e7235aa5e22e4bcfb777cddc4baf7845.jpg,0099
e725a0a9331545cca99767f01d1718eb.jpg,0234
e72ce8f54ae64b0fa69a9658a1b16a42.jpg,0105
e72fef48c32b49fc88684c7550bf57c0.jpg,0482
e734598bccde462ab86e6a41318406c4.jpg,0227
e735668244504065b2c5f2008828c305.jpg,0219
e73a6c94aa334c798dc616d373d98872.jpg,0180
e73a8c68e2a647368cb156ac2515a169.jpg,0280
e73c3975f3ae48b88128d53b0ba611f0.jpg,0306
e73c8fba6dd44f678494e0718373f3e6.jpg,0115
e740481bd065437880044ed6f18af7aa.jpg,0150
e74173b4b66f4f80bf5db9515d79d9d8.jpg,0369
e746e8bb58754e0aac03a09d16fead25.jpg,0290
e747795802a144aca55a4746ae6838c8.jpg,0200
e74ac4ae08034c6486d3426ab7e35cca.jpg,0036
e750f5f63d934ad9ba6cdc2ae3b108a8.jpg,0460
e752646a70ab405ca63d6eb0500ff72e.jpg,0397
e753e436367e409597bf2a2a56d42f8d.jpg,0249
e7624177db274021b08524766c103c36.jpg,0158
e76420c878cd4dfaba1691b35ad6eddf.jpg,0103
e76505aaa0da44a2b39c40cb6f81b8f0.jpg,0239
e769625c1ea44dd89e5adda37f9b95ed.jpg,0493
e76a4e06be1e4b56b9edd597d0139f9b.jpg,0311
e76d9eac70644919b1e7569df0b8cf52.jpg,0352
e76e8ebb617a4faa9744d60ec74307b9.jpg,0395
e770445bf4364b3b9dc328172ddfe4b6.jpg,0356
e772bfbaf7ce4325bd145416f358c6f8.jpg,0409
e7738e87ab1448059d70ac51bb17d116.jpg,0283
e7758a61e4f24a6e83c8c91edd5b6e55.jpg,0490
e7795d4abb6145de8f8cfa77a4b56045.jpg,0090
e77986e6520e4095964488c907f8b59d.jpg,0481
e77aab92bbf6474f9e984410dc1fd38a.jpg,0452
e77d5b4303a34a5087a7b02b4da799c2.jpg,0021
e77dac062f4c4fcd9b3febd1715ce85e.jpg,0126
e77e531b88734c44a86abe0d216cdb8c.jpg,0096
e77feb04d5fb46549eca62056f63c96e.jpg,0479
e781034100ae4817babe17844fd7275c.jpg,0423
e781ab63972a4098b2484001d691d541.jpg,0306
e783277ef7c6400a8bc81ba46437698c.jpg,0031
e783815ac7a545f9abeea3fd073ff250.jpg,0026
e7843f01ea664f589ecbbf9a75a77533.jpg,0352
e790da2d65964773aab76665c9b7d4b3.jpg,0050
e791684609a4405f8f9b96b34fb92c28.jpg,0471
e79385bc4bae44ffb61621f9fe0b0a92.jpg,0160
e7983aa503c748888c5a57068d95f4df.jpg,0065
e798e66ca1514adca046654632af073f.jpg,0059
e79bd828035c4205b93bb30a701a9c08.jpg,0063
e79c1a5263f041bc8b319a7315a0b407.jpg,0387
e7a0925ef9904f91b4f7b3bc45c3c42c.jpg,0207
e7a1cea9faa942818f2831b0021c2e95.jpg,0052
e7a883c8df3c43e2995e67cf4fdd8e2a.jpg,0140
e7a91e71859a4e45accd03ae7afdb310.jpg,0145
e7aa50ec89b4440a9ca8044cdd12ae7a.jpg,0375
e7b05aca6b424edaadac2ca368431563.jpg,0458
e7b1e5d29ac843f49e1bc9779c103182.jpg,0384
e7b5ae4bbd384152a42415f0cfac4850.jpg,0310
e7b5ef854c814a6a9d147551b0c238ff.jpg,0307
e7b83e8ff4cf4e3aa44fa471fb4d01b6.jpg,0178
e7ba5c1224694286a7dc58e43a1db28e.jpg,0275
e7bc02591eec46ee918c0f459eb7d37c.jpg,0295
e7bf3c31a25241a39ea5f52aeba53ed2.jpg,0233
e7bf57fbc7884c86b82e640f0e0f591d.jpg,0039
e7bfd08ff60b49dca9587c0aa771c854.jpg,0313
e7c484f13f2e44eab414f00716922149.jpg,0359
e7c4961e4bba42629137a33d2a031d22.jpg,0359
e7c6152c79f8436398777a697bf32102.jpg,0418
e7c69d0a39754a37a23a928f0399ce2a.jpg,0369
e7c91e5d9ed742519472b11df0441de6.jpg,0322
e7ce24cb696f42be9231d43ad7ade06b.jpg,0220
e7d19cb9a4d0405099033e40bd4ecbed.jpg,0038
e7d30eeae4834435933eaf8ae29e8a9e.jpg,0145
e7d32917928a454e869090d82eaceff5.jpg,0369
e7daad8e447a40cd8705258add7b5df6.jpg,0358
e7dc455d5d1240e3b3a7150b14f1368e.jpg,0226
e7e225b397034ec7a176da31d0273d32.jpg,0185
e7e262d6b3884a148dca3d8e33bf2e9d.jpg,0140
e7e26b65338c4e29a5e376706a58a823.jpg,0362
e7e8c9227b4244668f65cb4d1717c48e.jpg,0398
e7ea5150f24f401c8ff412225be66e2b.jpg,0010
e7eb5809080b4cb9963ae1b40b8a279b.jpg,0235
e7ed010cb0a3447e9db67c1110c41ca7.jpg,0075
e7f00b56e1d04511a092f85e8d8f9ee9.jpg,0392
e7f0a7e101ec4e3b8dd2c539a688a1e4.jpg,0258
e7f573cbfbde4985a123d66da529e491.jpg,0285
e7f927f20af54713b034ed811cd4b4c1.jpg,0440
e7fad06b6a024cedb681ce7169f7a928.jpg,0089
e7fd3de1cc4a438baa6fb9931c2b1c8a.jpg,0007
e8003f0961754a989f55723284d984f9.jpg,0111
e808d6ed41924a20993fbabd4bdca009.jpg,0317
e80cc551bcab409ea178712d79be383a.jpg,0017
e80d8285d0ae431590ab6ac866d2b1d9.jpg,0161
e8119d9d58f14ff6a2bfdfcd98b7b7c4.jpg,0356
e8131b918f7c4ce8af3996843a983172.jpg,0182
e815f64b61a44bc2ad6c22d1c0017d9e.jpg,0160
e8187eae01f044d68ca2793c12579bb1.jpg,0329
e81a79d24ffb498cb190958a21998023.jpg,0405
e81e91619cac4fa590925f66d12b7cf9.jpg,0254
e82371a96ffe4df69c55e9c4914ae2a0.jpg,0369
e82f1aae292342b9af465af000751254.jpg,0373
e830b567977c4a0b8328dcbf24b39250.jpg,0072
e831dd03e4494a9597bd4232155c2147.jpg,0014
e838ee00171148cba72c2ecbede9c764.jpg,0037
e83f2b2d1e6840a2a8dd77d56466bf1d.jpg,0310
e842387d7d754832a131fc7d4079880f.jpg,0077
e846a4713cc1400a91e83d68b20cc0a3.jpg,0201
e847248253634ad282fb36dce7ce77a7.jpg,0355
e8475d7350c84bc48d5e67cca078680d.jpg,0151
e84a2d09e458489e83df13db90d824ca.jpg,0401
e84ce8601aed461c9026ffb61a1ce5f2.jpg,0487
e850a9f5128144bba9948b6b3ec1cbfc.jpg,0081
e851da81e625475cbdbb421d1eda7f66.jpg,0385
e85459f2739742298663937be7d1b5ac.jpg,0301
e8567299a7cb403aad5251655406aee5.jpg,0019
e858444dd2634338aa4fecdd465e0e24.jpg,0441
e859922b30df48b0b0e3c95650550bfe.jpg,0445
e85acef0ddba458ab4426ae6ff889477.jpg,0460
e85d02d5fca448f9a585614e33021e86.jpg,0344
e85d710efa424d1480597aa0cb83b439.jpg,0493
e861dfcc593e49a1a05a045e03f81584.jpg,0496
e863e82bf2bd474483b840b4f9b82463.jpg,0192
e866e7d6dc19400eb4a7c5def0168b30.jpg,0018
e867296fd94a449f9370f4bd843fe407.jpg,0010
e86989a9234b44fe84a618998b2f0e75.jpg,0092
e86a045a8c9f46338e5b74f19a4590d0.jpg,0421
e86efd4fdc20401f8175bcce6aca7f0c.jpg,0422
e870f78be05e43019eb27682152921b7.jpg,0387
e8726cddb63641df9a6f3266609b9e11.jpg,0326
e876b7faaae54758825e229d3794eb89.jpg,0197
e87744bbfcfe4eec90c8621100c2662c.jpg,0095
e87a01005c5c4152b0ce73d41bf0e191.jpg,0141
e87d6b3e4db14b40b86098ae2986c6ac.jpg,0367
e87e275dfca24e2992b1bcc9eac5baa0.jpg,0201
e87f0f15c24a495286c71fd99b43e00a.jpg,0077
e87f2ad6df0041e6b5dc2165226bcd4e.jpg,0426
e881f7a2629842fabdb0fc99763b0c6f.jpg,0048
e884e19cbcec4b0fbf110f451cad8b45.jpg,0128
e885d02ab2d743d3a475cec119b39675.jpg,0308
e887d3bd4c6f4e498c4e00a544d4bbd4.jpg,0197
e88c935148a64081ba043614d82bc7e3.jpg,0128
e89072e7363d4e799bfe75f2b27cd639.jpg,0119
e89c8a2ab9a54aac8d2c2153c28bcd69.jpg,0362
e89e0dde08874119a458d612b3771aa8.jpg,0214
e89e6bb165fb48f9928cf97fb2bc27c1.jpg,0116
e8a11f05727f4cf489714a768b49f281.jpg,0071
e8a21332049c4f97b8cbfd13d8a78233.jpg,0438
e8a2589121414b57855befd111729f2f.jpg,0120
e8a2fe95d0624f61b1b24f0a46426c75.jpg,0351
e8a7cb6a861943f5a9f69f244e0c9dd9.jpg,0115
e8a7f82f6aca40cb9a52bcb77b1be9a2.jpg,0360
e8ac4edf60174cc586023b9bbf70cd14.jpg,0445
e8b0509185dc41daafc60faf4c5c6093.jpg,0113
e8b4a5831a164d1498f9f4b017260d45.jpg,0136
e8b4ac010a4640738bacad30e49d6e92.jpg,0040
e8b501b417e84e74a58671de006393c2.jpg,0390
e8bd34cebe8845a2b3414d33691eb5ff.jpg,0366
e8bd85d28c3948a1ab5d0a16301498b5.jpg,0157
e8be2b6b9f6346bba873d63f376305d4.jpg,0357
e8c1a6fa0d034f17b00bc91617a22cac.jpg,0190
e8c27a5b817444d08cca14588d4be6a2.jpg,0180
e8c5c9b7b59144e0b6b815805c254780.jpg,0483
e8c934ab8cce409696d03ba4cda7b0cd.jpg,0088
e8cb0f12306243e2881cfcdb81ca1fc5.jpg,0227
e8d1d73e3a8349389198db5e4e41e452.jpg,0397
e8d94ead950146f6ba6ecee620348d79.jpg,0399
e8dce7e7499d43ae9f5fb94a3b4c0def.jpg,0317
e8e4b998808c49428d6657de929404e9.jpg,0307
e8e654bb4c4c421fbf0edc4744656f22.jpg,0479
e8e8b471b2f44b9db4d6afdf534cab29.jpg,0460
e8ecd300fb094f3aaff7bfa7f4f51858.jpg,0198
e8ed67d8ca2f43b08697da0e7b675ca4.jpg,0497
e8eedd1df08347a5abacea2bba3c886c.jpg,0267
e8f0b9739ac8483a94727c3cfd4629b5.jpg,0123
e8f0d589fcb9459abdce69af61192b8e.jpg,0003
e8f2806cd42d42228e36695d50a78907.jpg,0312
e8f2bce034014b78bba14bf0dfdeca5c.jpg,0108
e8fa33c98f244e61a6ce13aac5f38966.jpg,0442
e8fae5923c594dc399fa29e38209ff22.jpg,0163
e8fb69f3b6824063a7427b3217ec7c83.jpg,0381
e8fe13a4b570452188738587a3736a5e.jpg,0498
e900e76a1ecc4281a5b6c16ce694a8bd.jpg,0253
e9011355cff346e6a5c2f75b645cd9fa.jpg,0078
e90a440cfe5b40948603b37b38e15cdc.jpg,0157
e90d7598c3aa47f99b3722fe595e7ae8.jpg,0125
e9113dbd331b4fcdb9439c92dfd4211f.jpg,0253
e91651e9113f4602aa35280b7062acb4.jpg,0048
e9176ea10eb9476b804984cac71cb2e7.jpg,0468
e917a8b48ae44b4390ade1fde9419a8d.jpg,0257
e917b41e4fb1491b8823dde4f956b013.jpg,0356
e918c0e0441a482b9cdd370d5c56da7f.jpg,0018
e91938d882c24948a51c3d48926701f1.jpg,0070
e91e59626872428d99e7c36637651917.jpg,0056
e91fac89c0724a689819b5a6a779e32c.jpg,0206
e9205fe56fa54317b825af9eeea9a381.jpg,0273
e9208f452185412f854aaadc2e3b8ee2.jpg,0189
e922d8494901451fae6527722834b06d.jpg,0202
e923174f806241749ab50c95a443043d.jpg,0011
e928fff821cc495bb176c9077e6d39a9.jpg,0131
e92c3c6d49a3467d87d44cfd07c737ff.jpg,0157
e92c9a27245a47f6a99ebfada163c2a0.jpg,0275
e92e928cddf94b59baa9c4a9bd8b619d.jpg,0420
e92fef5cec054fc38c6963b928e1c457.jpg,0117
e931247cb65c490199a4e9692f15e22c.jpg,0201
e9315ebc0d9d4a26bcc5ba0132802e48.jpg,0140
e9337484b77648e1aedcb02b72610530.jpg,0169
e93598828eaf450ba33206984bfdbd1f.jpg,0351
e936b63f9d63472094548683d4ef668f.jpg,0166
e939c5e473b041b6acfae45b203259b4.jpg,0370
e93ade4f25364ff4a9b8f2e0a6f1702a.jpg,0339
e93bf6b2ff194e248e7048987233f41f.jpg,0189
e93d9d4438e046e4879c1f2af6436293.jpg,0073
e93e212b9db34a5896b972325c30270e.jpg,0099
e93f29cb45aa4f3c85c1b33f511b706f.jpg,0037
e941d67d4c934f958e419edac0e67592.jpg,0131
e94e31d910bd4173b89b10b74901f8f7.jpg,0246
e95a85ebda604705aedae8fb900d73e8.jpg,0123
e95ac46888034dd2aaa4c265c2ad42ec.jpg,0269
e95be600815f4d4fb1e1c5654685b935.jpg,0254
e95c9ee64f3c4e0a9c76e91e1f87f8c6.jpg,0194
e95e0e65de4247da9449ee591e92e2dd.jpg,0201
e9623d72ab744043be7d0ba12d8964eb.jpg,0171
e965dcf5168d401e98f8cf7503476913.jpg,0361
e968c583d8954703820f6972f86e1a9e.jpg,0467
e96943f44e3b4babba42800eab8dfdb5.jpg,0343
e96b753e98f84a6cb677a7c57dafe04d.jpg,0209
e96c90c43d1b4625a8dfb670d24b9577.jpg,0493
e96e6cd51ec044eead2b1d1c84ee8878.jpg,0333
e96f418dca744117b5c48df4b30b16d7.jpg,0414
e972468e1f6a4f1c919a89d644aae70b.jpg,0417
e97690d6c9cf4ccf8a67a2b3291f9c9d.jpg,0496
e97bf6978b32414eab8394ce01cffcc2.jpg,0268
e97deaeaf5eb4b30870e9389c8d94045.jpg,0193
e97f904314804026b9ddae7f08c84de9.jpg,0122
e984dff3a81a4f04bd9e4b30067fbb20.jpg,0191
e985be6600b84964a337df5d211a7897.jpg,0030
e9864386492246a191d4814155c47be3.jpg,0404
e988685203c0456ea6e6823c427f7b1b.jpg,0253
e98f3e9a6ea84ba6814551053d84e872.jpg,0198
e98fd7f8cf25451da1c24d5c2a873027.jpg,0239
e993a03ef939400088815f5686cbf136.jpg,0422
e9943b1b6a19407db8e52481577af707.jpg,0434
e9982115566a4142a1c61647051bd130.jpg,0392
e999246c214c4e7dbbd194da4d4c2eaa.jpg,0083
e99bd61b07d8442592cc10f65fe8ec3f.jpg,0333
e9a31a90d4174bbfb624440254f5cfa0.jpg,0134
e9a988a374284ba98625b71fd4644878.jpg,0495
e9ae24f25dc442e4b3599776345930e6.jpg,0314
e9ba390d25c7422cbdb51e80612f6fc8.jpg,0322
e9bdc4586e8847a197e58bb02cfefd23.jpg,0280
e9bde091868346598a6cbfcd2f95a533.jpg,0305
e9be644cb7af45f4a78708895359ce44.jpg,0165
e9be89a1ee9d42dab6f960aa89c44b4b.jpg,0293
e9c005694d6a474ca5c86e7a9e5959db.jpg,0264
e9c00fa67df84385a6813e88e266d9ec.jpg,0191
e9c5663c99224737b7ccba3c5f1be745.jpg,0155
e9c70b4597fc4b8e8170b2fe17e98c97.jpg,0002
e9cbfb340d554a03a5e555e3e19371e4.jpg,0412
e9d2b3588fb740cc8fb68f0c64d57da5.jpg,0430
e9d2d59ea01c41a1bc8583a3b7e0ff22.jpg,0196
e9d3a2b34142441cb67a9861e004f91a.jpg,0478
e9d43a67080346cb96899654c5e0499e.jpg,0379
e9d759197eae42b69385faadf9f6348b.jpg,0032
e9d8f7ad324c466da56eff5e7d4147cf.jpg,0284
e9d98631904441f1ba12956cdbb674a4.jpg,0173
e9da67e987fc4fb1a7fce23cda750500.jpg,0197
e9da9d4f66b341ef8fde295ecf2e0cc1.jpg,0246
e9dedb50a9634cf1ad8c38c26f7cc6b4.jpg,0384
e9df061c2aa9491d925a98ac8ab31cda.jpg,0299
e9e45a8aacf645fe82bd797a603f6f02.jpg,0346
e9e558002387464296374eece3df2c70.jpg,0285
e9eda7b31fdc4311a43ca3087cdb642c.jpg,0285
e9f0d77d50114bb28ca89661f11a95ca.jpg,0332
e9f662f7a96f4bf7b78e47fd87d1b54a.jpg,0149
e9f86482c78c4f86861b12b4628d8878.jpg,0035
ea06261dc58c4b41bba00f22ba4fcf6f.jpg,0084
ea088f1857424cf0bc5dd6ddcaef4573.jpg,0067
ea0b1a8450274d4cbe1d25f758bdf313.jpg,0483
ea0b8813346f43a3ad1dd5a8a2117af3.jpg,0044
ea0d0f2db4204fb4bad98d5a2002af25.jpg,0417
ea163be509ab4aae9225bbf174761dbe.jpg,0158
ea1b4fa086224b678b573e010bbe16a3.jpg,0215
ea1cebdf972849a3abb94135afed7a7b.jpg,0430
ea211149df404bb2af5bb29f898fea56.jpg,0439
ea245fde87bb4c17a3abd3c61514df41.jpg,0461
ea28770b41e64c6d81a945bc6d11557b.jpg,0012
ea2a0c06f4954d2799fb3dabef925cf0.jpg,0300
ea2b5d4a49b9447db77ae758c8ceb3ae.jpg,0040
ea2b7cbada584858a65b49bd6cbea160.jpg,0303
ea2f2e1015fe41549e4c016881df4962.jpg,0181
ea2fec7aaa384b48b3694d71ed98e852.jpg,0382
ea3084a01b3a4d41aeae8f31c70ba91a.jpg,0143
ea35296434c54d51aa86ea0b232d59c0.jpg,0416
ea37a817ce1f4c0d83429ec5f20fc49e.jpg,0051
ea386cdfcf8942e3af3cb926ac81bcf5.jpg,0151
ea38a257b16c4ce7b09950ce671ab8a2.jpg,0371
ea3a11092a524c02a5cce8de6a630038.jpg,0047
ea3af231df184225bc09a4df3195e6d6.jpg,0419
ea3d28de14494f088a5a85b136ef128a.jpg,0296
ea3e8c06e28a485c9f96971365f06ec5.jpg,0066
ea42d5c6312b47f19f300a9355ea73af.jpg,0345
ea4314917a0a407c9cb64c1068415ce3.jpg,0208
ea45957d10164ad0ba9514b9eb70c29f.jpg,0112
ea4a83d2435a480882842fef8d2e4693.jpg,0406
ea4aac7810e944feb852c901f7dd4c8c.jpg,0045
ea4bb1084c014bbb83e6ead532f23c7a.jpg,0127
ea4c88ef4a244df4b56928f92cb0c818.jpg,0216
ea4fb518d85c482a9f63eee9764d7554.jpg,0308
ea56a6cbe2614eacb3629fef6aa211ff.jpg,0208
ea58d11b92e34e7cb522507f5bd980b6.jpg,0243
ea61224c1c3a421885f4c61fd75775f0.jpg,0096
ea637274b31e4711bdfa011c9ea8de5a.jpg,0342
ea651ec4157345b8b1ffda74e66a9149.jpg,0315
ea6946017f664f86b040bc6ce9a15fbf.jpg,0383
ea6bc1077fa940bd88be24de07146098.jpg,0337
ea6cec7920cc48c29c7f4cb4c5c4ce51.jpg,0320
ea74561578e3483d91856e69cacfd6d1.jpg,0018
ea7689d8b9dd4a25ad34e7f2b81cba66.jpg,0478
ea799a8ec7884eb6b5d5c912364ce93d.jpg,0316
ea79a63338aa467e9dc843cf0102f4de.jpg,0223
ea8060c965bd446dbc542e57d2372285.jpg,0067
ea82857a86014a0fa1fe273d8aa670fa.jpg,0409
ea9548452c104c79ab7b356e456f4ae8.jpg,0017
ea95e4df2b61499fb7e6fd1d6930dd5d.jpg,0005
ea96dea221f1477a962690ac869b805f.jpg,0045
ea9761518e1847a3b2e556f8ecd0c2b5.jpg,0489
ea9772c4531b43c68ee581215516942b.jpg,0098
ea9a33bf27f94e4ba2fb168895e078d1.jpg,0230
ea9d8dcd30164bb1b363dd9e456049e3.jpg,0468
eaa1f4bf0b824ed39cdd3eba82a4ebde.jpg,0249
eaa4e122b4de4983ad28a6c7e5325c43.jpg,0271
eaaab4c613594062a934a2687c31cc2f.jpg,0056
eaaaffc9791a4ecf93b9c38459a90630.jpg,0101
eaaea08da917427393be25b24a3800f5.jpg,0354
eab2d2add639498f8bbf707dafb935c4.jpg,0389
eab34ddc9f7d428d9a4f567aa009fe67.jpg,0007
eab55c385f86485e8893c067fb81ba6a.jpg,0258
eab657b5600c4d4f9a373dbbc04c5c19.jpg,0379
eab68d2d85ec4d01a122e3ff7d82a3c8.jpg,0368
eac3819cb3a8414883ef1be01716fd04.jpg,0068
eac4785f07ce41ddb1cc541d192875b5.jpg,0264
eac7b54ac1414df7b48939f57fce4e77.jpg,0204
eacb6ff77b114ebfacfaf04335a0de98.jpg,0479
eacc0827d3aa4406a5d818e95bb56ec6.jpg,0299
ead050c853c543208f170d189125d5ab.jpg,0416
ead170acd5084075803b4ec43090037c.jpg,0051
ead3c2f83a144fd0a5d284e50237a01d.jpg,0270
ead4a33e8baa4feeb7600ea1c6453b98.jpg,0312
ead508a49bd34d20a4d8fa97bf3d039c.jpg,0285
ead5a6502a7e4a5daed05a18e7d9ef0b.jpg,0406
ead6f1933b52415fa09f84546e0417c5.jpg,0071
ead747850322443a8b090f4a1f3e815a.jpg,0241
ead8895c717e4ba5a70fb4250a05ded1.jpg,0109
eae1e2c3d5884da789bcbc4d315f65be.jpg,0331
eae2a86dae6a4b4e83e7078d35b090d8.jpg,0152
eaed0eb91cd5415384b2eb7d50af0d02.jpg,0074
eaf2f9ef9ca34d5195a8414adb554268.jpg,0390
eaf31bbd23a24b2ea85e852cb3fe779b.jpg,0144
eafd879212154d1d8763b5d0104dcddf.jpg,0146
eafea82c0d2d45dd8240e1885fe6539e.jpg,0237
eafeef078f4d464fa3bf3d6c63e21a9a.jpg,0472
eb00946674e44c568ad28d1946c8dfcb.jpg,0153
eb03c57800824170bd6ed32f189e9202.jpg,0400
eb0bd601e6b84bc8acfc5309faf80fae.jpg,0334
eb0f84749aa849bf912d8b12cf67b4d9.jpg,0403
eb14c4965e9f4caca9a54b4006e9c807.jpg,0470
eb162a33b1a44d87945f9231511e6ee0.jpg,0038
eb196bc3ca8f455698700ba3ec26097c.jpg,0453
eb1b19636fa1434988f5cb72153f5dbf.jpg,0164
eb1cf1a91cd24ce788fd8de8169d2439.jpg,0015
eb1d6cad7e8e47fc824d064fa45f73d6.jpg,0179
eb1e9053dca04b178db2b3d77cab36f0.jpg,0058
eb2356998c19454997dbccc4c6c6fd43.jpg,0043
eb23fa6ee2b4442d9fc0a2eb53ec3698.jpg,0159
eb25f98a6dbc451a9a302219bbca79d2.jpg,0057
eb2889162db242288c6d2eb3cf35c361.jpg,0286
eb28f43067324d1ba6a2c2ae3a909553.jpg,0117
eb2c1ccc910e4dcca219d5cba6d8f432.jpg,0163
eb2d417282f9437cbaeab9c25bf7444e.jpg,0491
eb2dc97e11ad460db3a24680120f1d31.jpg,0207
eb305b091cf7443ebcb9cef5bece73e3.jpg,0062
eb312e2b70e64074b371184db402c2cc.jpg,0311
eb33e5f4b86942e9bd85fb9f2c5c8130.jpg,0073
eb342c83596741d98971c6fae7d12b38.jpg,0148
eb3b6507691b42f0a27a5ed4ecff80f3.jpg,0046
eb3ed69c3e804d0eb4ca8a36c98ed59e.jpg,0304
eb4277d8b00448b5a978f5023de7cc1e.jpg,0480
eb436a0bb6484d2dbba4b05924c988e4.jpg,0218
eb447a8277bf48f49d4bfda2821a9c44.jpg,0401
eb47c04309c345a3a15e28ad1e806128.jpg,0132
eb4bd8fbd6474b6abfce45b47bc6007a.jpg,0310
eb4bdbfc25dc483b9034cc70212099ea.jpg,0360
eb5004e0afab41169a28257fa40b3515.jpg,0422
eb547334c85847dbb61361d2d563677d.jpg,0160
eb555ebeebe04d569939287f8c4fd737.jpg,0373
eb57b8f648aa45c897bc69a3eab203f1.jpg,0261
eb5bd2747af2454b87927b357edf5c32.jpg,0071
eb5cfeb8bceb4194a3aed703c457686b.jpg,0000
eb5fb58e988a4bc9b579fdf9bf0c5de1.jpg,0057
eb5ff2f273704cd582315ceac0ac7326.jpg,0374
eb6223f5777446dcbd7eb67fc564099c.jpg,0100
eb664a5ab78d409fb1b7cd2e94cb5e60.jpg,0472
eb69f7e7cbbc47d09dcf54433c34c965.jpg,0274
eb6d5bd14e9045e68d685c05384b081a.jpg,0460
eb6f49c8a1e2449aa870d5ea2ab380cb.jpg,0113
eb72b500aeb5480baaac52baf6e97d0e.jpg,0327
eb7594409bd44b178b6419f6a3082370.jpg,0349
eb7680faddfd44fba6a9de5a39eeabd3.jpg,0104
eb78617b74b748a6b7a56b3d29a98cd2.jpg,0321
eb7d3b2d712e42af8e4ad25adff44d69.jpg,0049
eb805b00fe03429cb319d6fceea1dc34.jpg,0463
eb834cc40df141d58f33def8532ae636.jpg,0120
eb84d197aae149adb03cd9e358520031.jpg,0013
eb8581b467854a4a98b70513af6b883b.jpg,0485
eb8746b5b5004f43ba428c049a9de5a1.jpg,0049
eb8b10d0f81f4f439f235e880d6d028a.jpg,0211
eb8bd002c8ea4286907427259d5104f0.jpg,0289
eb8c9ea85cbf4a06a0cf8c58601d9f56.jpg,0224
eb8f0ec56df0462ab213b82ae20699c8.jpg,0454
eb9657213ea047649ace8b52e296c25f.jpg,0420
eb99ed5fc2244b8b96951e6d1386abd5.jpg,0354
eb9af85de427417b8645487fe0a0e0fa.jpg,0011
eb9b2b1430e34653ae75fece9e59ba6e.jpg,0073
eb9b5a7e983a44759e676c33f2f40d25.jpg,0279
eb9c71492f63473b885b97155a9af94f.jpg,0114
eb9e9f41380e46d28651902ccfcc22ed.jpg,0079
eba041a489434d039eee3a80d393dc92.jpg,0070
ebab637392684831b24aaf57e9e549cf.jpg,0285
ebab96854e5a45b4bac3bae98794708a.jpg,0315
ebad3cb4c9314e929d9d3636908c5f54.jpg,0358
ebb20e302fc34239be6ed99d8061b678.jpg,0386
ebb39ac46d364efbb01e5d9ee48ce53e.jpg,0069
ebb4258eada44c12adc6f5b1d852715e.jpg,0487
ebb60d45b9e34db3a743906b8736d18a.jpg,0176
ebb788b09bd54575b1e142a1507dc24f.jpg,0410
ebb7d52afdf64968814be7d5e548aa61.jpg,0279
ebba6b2c14fa4694997febc3f43d0772.jpg,0388
ebbb327e316d475c83031783cf1bc8fe.jpg,0443
ebc123fe960f44318677f89205747127.jpg,0082
ebc32506993d4bcf83eeb8912168bf60.jpg,0284
ebc38a73b7cd4741b9904906c384611c.jpg,0100
ebc42f900a634aaca51514e62084020e.jpg,0043
ebc72c89d33243d995254867eef52d59.jpg,0197
ebc77a02b840465488534e72c21ed15d.jpg,0366
ebc87bb290d840a08a5f021cdcf947e4.jpg,0266
ebca2b8091c94654b92c9aeb2d835054.jpg,0127
ebcc2cc984264cef9c5adb201b3e1f4e.jpg,0314
ebcde55f5036426ea12bd244e644bfcd.jpg,0260
ebd16617b1524d0c8832d17c7d2b89d1.jpg,0143
ebd6c26e957d4122a17a0e87008a0d37.jpg,0440
ebdbf934966249d8b5d8c91e2617d224.jpg,0128
ebe11599579f4c9289c484227253f1f6.jpg,0365
ebe48d159cb74514aeaa6722571abe0f.jpg,0278
ebe671b1ab3b4eac9f4652cebd246c34.jpg,0275
ebeaf93449d54b45b0d35245ac1dbf16.jpg,0361
ebeb470f63de4dfc824787da4a3e2e2d.jpg,0075
ebebe458c66e4c85880958b763cd6d45.jpg,0392
ebf1a7e1d6464983890caee707047480.jpg,0465
ebf2a072502d41d5b70ca06d13154258.jpg,0159
ebf3bc78b8f1404d9e2bf2a07713d453.jpg,0184
ebf4b3e3eb044d0893c540a9719ec0eb.jpg,0127
ebf534d7959c4852bd23e8f4cd3da442.jpg,0386
ebf94797165d476fa39687d5b15ed4c4.jpg,0003
ebfb118a34d040c6b255eca9db581847.jpg,0096
ebfe0c86dd7d45d6a79a8e09017cfc64.jpg,0158
ec0163673573475bad9f5f614eeb237e.jpg,0448
ec0345ac7e7e4b9880be227d01574a00.jpg,0128
ec053c03ae164bbe98f531f446e64e76.jpg,0128
ec06626559824ec596ad334fc7d31470.jpg,0122
ec06e497e1ef42bbbbaa03fef918603f.jpg,0255
ec14a43199bf4cf3a05f32496f1b1a0f.jpg,0092
ec193a333afa41269baa67e8e56c85d2.jpg,0404
ec1a7386738a4158b157ed9fb047c972.jpg,0289
ec1bc83b9845438397bc0390f75daeae.jpg,0341
ec1e3ac450334ec9af677edba90cae4e.jpg,0068
ec20e0f4f7264ae68e77eb0bf1ca0c1f.jpg,0089
ec2300156d394bd18f4680753e35e16d.jpg,0129
ec238aac654c49669dca24a73b30d11f.jpg,0267
ec2b76c86b3d4df88213b833a2cca569.jpg,0458
ec2cb0302547438cadd85ce18f1187f8.jpg,0420
ec2d0bc983b548bf89ec8677d4ee1efc.jpg,0271
ec36068231f34459b3a8e9165d63d80d.jpg,0380
ec364381099444bf8a12f8e9dc5449c7.jpg,0440
ec364827efb943659f1bb29cbff9b004.jpg,0045
ec3a9713ef6b4ef6a3f5ff2f12436404.jpg,0063
ec3ab1ef8e0a40019de6c24c7928dbb0.jpg,0040
ec3fc4f0cc114315b0a787713b9b2fc9.jpg,0380
ec414e83087d450a8bdaf27475286314.jpg,0482
ec448eb68c214d909b87aed5d639c8e8.jpg,0357
ec452ad2447c46c68aef36a3f88ed63a.jpg,0261
ec463d2c72224cda98fa5680e2d89682.jpg,0069
ec4b0a326e7f4957962add5c1fb4efb3.jpg,0474
ec57d6c313e44985aed12bb8382f15bd.jpg,0222
ec609b1c10584afd93af239f50cb3a96.jpg,0386
ec6264b3b362479fb26101c92d73e08e.jpg,0070
ec62f9052dc14c138483db9981450678.jpg,0159
ec6bd768f5fb46e69f384e9084a099e6.jpg,0301
ec6de1ecc5574bc2bea7b9759857f985.jpg,0253
ec6eb13d2d3d47f892350745867d890b.jpg,0461
ec6f7c84ef8d42e8961b46a0e24e3abc.jpg,0439
ec7534fa05654eadb08c778ae3c3bf59.jpg,0478
ec7653fa611940f8a316b725fc0c85d1.jpg,0012
ec77dda8a28d418fb874394eb8c6a464.jpg,0008
ec77f127c5504a60ae06a2053b0e86ea.jpg,0115
ec79f1deb9104c50ae3316c458b5f859.jpg,0358
ec7c4ee427fc4e20ab79be506adfdda9.jpg,0394
ec8319b1a4a8465d8c7e64c071286c06.jpg,0123
ec87545ad9f04aeaaa173efc5a057879.jpg,0414
ec87fa3a22484e5ebe1be7fcad3e6d50.jpg,0281
ec891ebc7dec45c295fc9c3853b6a91a.jpg,0117
ec8987c5bfe24b8dbe9939bbe73e485f.jpg,0056
ec8ab909ebed49379394725a8e108926.jpg,0364
ec8ad04296294dee97b6a90a4993a98d.jpg,0052
ec8be39d7f404b08b7e7cc48c49f0f2e.jpg,0107
ec8f2b809c9e4c41930af98934471dd9.jpg,0177
ec9163dce2914ca8a5463f622b8f8752.jpg,0458
ec92c2bbfc274a27bf5a6ff0e13f2723.jpg,0485
ec93e9a4bae04caab03fdb2a64c793a6.jpg,0425
ec952752916f4bd3a8222c7a28501514.jpg,0008
ec9b6581d4d74baaaa81f72819031224.jpg,0279
ec9b8a20dcda495c930d59dc654a16a2.jpg,0020
ec9bc55984004106ac130ee776cb1842.jpg,0233
ec9bd805d70c41558b75bb6b70d0687d.jpg,0453
ec9d2b6f94ef4f178a4cb8a778e664fe.jpg,0317
ecad6046a5c64079a96a5f0f365bd85d.jpg,0047
ecae7adbd9b6412bb7709b3536352d41.jpg,0160
ecb2df02b8de465aa7309daa3006c1c0.jpg,0395
ecb68b5c9881449fa5d4e3644142f714.jpg,0135
ecb8c8e5231d4fefaab8c5a45485e00f.jpg,0371
ecb9788bac344ff38a3b980c6a578173.jpg,0106
ecb9e154628640eea19e7a9ef8923581.jpg,0238
ecbd6f6417e642eda796d1cb6a76b68a.jpg,0458
ecc0310bf4cc4164a74e02ca6ba4336a.jpg,0481
ecc2ba826e3e435382487c47254035dc.jpg,0050
ecc4fb559bc8423a8bb98f313d103a9a.jpg,0449
ecc88bc8f13f492b80e4121ed4483e24.jpg,0394
ecd26a8d57134000b6c4c9426564db8f.jpg,0002
ecd99862644446c284d8f18eea20cc0a.jpg,0120
ecddcfd0fe2e488babb57ff1476aebb0.jpg,0251
ecdfec231f8a487d828213aa61e90620.jpg,0443
ecdff0137666429092209ff547801cdb.jpg,0251
ece2682eb3d1489aa7bdd3f04ddc4b97.jpg,0203
ece42ae963034c3794c0122d72175249.jpg,0342
eceb8c6a41374b2a87d21d7a7c54570f.jpg,0160
ecedb9200bfb4b8ab0726782347f18fc.jpg,0178
ecef28fc9a8f47efa4ff33972e04e774.jpg,0173
ecf384c35374409c8e0035748e96b632.jpg,0189
ecf4e7e9988a49f3b5fc153df2c20061.jpg,0186
ecf869cd2d0b4875824ceb88202ee410.jpg,0489
ecffa3c7300e405693c0e6d5634ef284.jpg,0110
ed09d94ac5264ef496fe9d798e790b68.jpg,0148
ed0bb1098e0d40f1b129e8f50b35822f.jpg,0355
ed0cc9bbc83f49dfa4236a8127a460c3.jpg,0014
ed0d2a6d31d043c39df6c6bd506ca1df.jpg,0480
ed0e4cef76dc4e21ba2cb4e7f567d2b4.jpg,0454
ed11abd28c07418b9c74f09fa18f6edf.jpg,0171
ed1238a9eae7461ba58c85cdd4a7b696.jpg,0048
ed176cd3ad90422abe22afbdcdcd60a8.jpg,0108
ed194e0f50be4f8f823185d2b2a3b03d.jpg,0129
ed1998e30ba249758aff3ea68d1514e2.jpg,0009
ed1ac03e3a614e22a1b82d680d50e1f0.jpg,0498
ed1deae215c144aa8b90b1194dd516c2.jpg,0325
ed1f2d3b55dd4b57be64181a3c9ba369.jpg,0228
ed255ba2e55743eca478bea2ff8f0ab0.jpg,0247
ed2baf320d8c4063be8585a3c8a823e4.jpg,0261
ed3a0d6680af4fd69d510c81945520e1.jpg,0085
ed3efc7766f34e26826841b2edb0d889.jpg,0275
ed41044d093c43a6bda14e139289b9fe.jpg,0479
ed423f51b78842c4bf983a655a752af0.jpg,0429
ed4287858e134bc99b5dff4310a9db65.jpg,0003
ed4302c7a5284aee82f9de8b32454f3f.jpg,0183
ed46b6039e154c4aba1fbc0cdaf5cea7.jpg,0026
ed4715f9261e4721871b968dc5b397d7.jpg,0395
ed4978dd82884d2dbda742a3296647be.jpg,0154
ed4ace6591d14e4293c3317d6e298fc2.jpg,0328
ed4b72e637084465813727977706eca6.jpg,0042
ed4d5555ec1f4e96bf41c079f3f3a40e.jpg,0020
ed512bb776f945329960d9d3ba191f85.jpg,0125
ed5338a4b34546d585269e84edcac77a.jpg,0452
ed5afa58f1c44b44a63f06b5613454d7.jpg,0152
ed5d289ecf7e417b948a3f0306b73488.jpg,0173
ed5d707ecaaf41f498e372c84467d26d.jpg,0445
ed5d91812df24b9180f18cb6d63aca50.jpg,0068
ed5f78b980074a54920a544ccd67deca.jpg,0048
ed5fb3a56e69482ab7d56b52dcc17716.jpg,0209
ed62a78fbfa54ba2bcb928f8f187c479.jpg,0406
ed66925bbd58424caea40b3558a4401f.jpg,0301
ed6c959bf03c45009dbbae427c839cf8.jpg,0226
ed707a7912744b578d3074b2f32ca5c1.jpg,0142
ed74b0ac720c4008acd788f6a9cf9ca6.jpg,0110
ed755dd533764d228345dfbfac09781a.jpg,0291
ed7838eccbd44fea9116199c2ae0fd05.jpg,0362
ed786c46aea04d738815ff37ed588dba.jpg,0219
ed7ff363eeb04038a0e513151296d1e7.jpg,0118
ed81b77b98fd458fb3ca468eb06b751c.jpg,0460
ed87674610c345e9bc91888bdc130a32.jpg,0417
ed8dd250888b45e68694601fdf069e99.jpg,0404
ed8e0c37d18648f4a4eeeb6c3e34a1be.jpg,0161
ed8e606d5e4745e3a0ded07ffc0c7411.jpg,0445
ed9b2dcc1159466b971238c45807eba6.jpg,0457
eda0201d08b94439ade00d64829d030a.jpg,0120
eda0c093dab34831a035fa08f285befb.jpg,0028
eda0c17736ea440a8c08fbca59b5baf7.jpg,0428
eda18fcb878f42c9987d83bc9ebdcfaf.jpg,0205
eda9e355bf844ac4912994670787a899.jpg,0354
edaa009535a7462c90dbfb5c22da6ab1.jpg,0327
edac3c99c40c410ea271cd9e75183695.jpg,0073
edacbaa4fce54299b95deda5455789f3.jpg,0178
edaf1402c4144b27ae9c1cee4877776a.jpg,0446
edaf92f8087040c0835c71f4306697e4.jpg,0075
edb676b7909941d4b0b1a149e8f71ddd.jpg,0498
edb8e09b3f6544a088d439996d179d0a.jpg,0283
edb8fb6c95ae44b18d490fd8d52a15e6.jpg,0373
edbb759ab3d546b5b3c85ef025afa436.jpg,0339
edbc58e4d8334de4975eae8d37302333.jpg,0116
edbc93d68f4047b192daa23f4fcf9fba.jpg,0312
edbdc912f7e7416d8e2d18bcbe0839ee.jpg,0020
edc4ae461edc43f6ac831b733935e780.jpg,0228
edc5ec91c0694dc1b184d0e55becd2eb.jpg,0214
edc6acca7cb748efaeacbd97db59d2c2.jpg,0100
edc973dc2f2b42159c2417a4e0918400.jpg,0297
edcbf1808bad4912a1864ef9d1b8c815.jpg,0147
edcea20b93bc413098fa661c2bcf7985.jpg,0141
edd11175ffa244e5aa8f57b9406071c0.jpg,0379
edd7c312ddc24a3d9e21675bbf5cd8cf.jpg,0117
edd80d1d7c40443186b4ae98ce63564e.jpg,0100
edda1cf41bbe4f55af61a8b2a4aeb96b.jpg,0445
edde5341e3174ccaa93bfb34bc49c5bd.jpg,0153
ede7f0f8964142498ebcddd7536de75b.jpg,0488
ede8c83861a34f018be14d3391e65aaf.jpg,0073
ede9531d6fa54d5dabf55bf4a6891562.jpg,0129
edea0f0ff044431ba383d6385872e292.jpg,0265
edea4cfd2f9d41469f195201fb4d602a.jpg,0299
edeb704c0fc94036a17796c11efc367b.jpg,0392
edeed2b6fae1402f9ed411f555808d27.jpg,0007
edef0427f99b4ad1b81fe0803cacae68.jpg,0384
edef9cd0b69b4f1f81947e44243a6dc9.jpg,0186
edf1494bd7f74b4ca998027947a59bb7.jpg,0297
edf82975f6dc4a89a8d92a0f4f0f52fb.jpg,0058
edf98f3c858049a0a39850c2419656f7.jpg,0170
edfc6414f8a74cb5aa12f4c9150f6128.jpg,0497
edfdafe2d2d849b0bcfd4f6f5495cc54.jpg,0453
ee03dbbf4bfc428fbf1cdd0c5144d152.jpg,0209
ee087abf02bb4b4087aa605fa41270fb.jpg,0442
ee0953e9108b4539ab1c3eba38fd9087.jpg,0382
ee0d2bc6488141c2a3efdf622e14d197.jpg,0078
ee0e4cb5a52042818fb719af1a89737e.jpg,0013
ee0e8f8820324ac89c95f6e4de97ae79.jpg,0226
ee109bbdcab147959b08ff7411129eba.jpg,0263
ee17db7ec60b4bac82436c8000366df8.jpg,0205
ee19adba65044f1781bfdae46dacb8b4.jpg,0108
ee1c6bc338954c648f7c41300f4f2681.jpg,0000
ee1d6fae9b434140b1aa664f58a12235.jpg,0439
ee24bbf768cc4340b56bfb098118c061.jpg,0356
ee2bce265624495e8b67790ba79408d6.jpg,0294
ee2cb7eab26345f59813cc2aa8239023.jpg,0462
ee2ce80107fa4a13b6f230a4efbeb59c.jpg,0341
ee2e48bb8c184154a2f5bb2fded1dedb.jpg,0264
ee37a015868845eeb29a13c54a70651e.jpg,0122
ee389ab7607d4dbd98419ee57eccb102.jpg,0038
ee3b5696e22747f6ab3677ba94c09dd3.jpg,0278
ee3f30378b024baf96c47193400fc96d.jpg,0084
ee455181ab44448fbe661910deb8a929.jpg,0095
ee459bb46fe247849c76b378eb911d56.jpg,0211
ee4e4346455245019b403d8981e06ae9.jpg,0290
ee4eec11bd9c4ace9c56b7f639bbaf6e.jpg,0166
ee4f8e40cd4245c8976e7bb666f59235.jpg,0064
ee4fa2c011c34f75b8e9e94a77754e24.jpg,0138
ee52f9529fa745468444ac8815a1d09a.jpg,0413
ee5408286ab54ba9a9138313571c6277.jpg,0356
ee5570eaec0d42de90607390405ee30b.jpg,0402
ee55eb66aa864eaf8991ae239cb8e09b.jpg,0015
ee57931255aa4ebd877b9a0843ddd5ac.jpg,0444
ee5fd9268c834abeaf5547ed9d723d04.jpg,0102
ee60171ef62a4fbb9591dc43c4eaaa82.jpg,0230
ee64bb59d7dd483ea35176acf75903d2.jpg,0299
ee6fd48a04004082ac5bec29ac8e3a0a.jpg,0051
ee7334247789405481ab9db9889e6309.jpg,0444
ee75004a3696489a8d7baca37063c82a.jpg,0233
ee78a1ce754e422c957ab371e8fba42d.jpg,0436
ee79cd7a9c594f9abfc9d25219417b58.jpg,0364
ee7a2fcc03b84df3b963f17be60b7db1.jpg,0139
ee7afd5c6bf045bdbf7fc25abab80e6c.jpg,0441
ee7d8ffac9f249bb92c07b6f75ad2478.jpg,0026
ee7dabf40d5e4ee7935045ed5bb56abc.jpg,0077
ee81cd5dec2740af98775c0cf7a73194.jpg,0453
ee84a3a2dd454b2fa58dfb69ed88e40d.jpg,0434
ee855047a68a46539c491c6f1b466355.jpg,0192
ee85d1abc3464c6190ae469d4257c660.jpg,0271
ee8677f6abbd4eed8e4a254f6c67255f.jpg,0442
ee8961d43f3241cf89761e1e228fa63e.jpg,0259
ee8c05b4740e43449cd47a217362cc06.jpg,0381
ee8f2b3d79a949898f995e2e0fce15c7.jpg,0417
ee9204c1964d424685a12b6fd4c363fe.jpg,0286
ee92082efff04a9480871ffbbfab73af.jpg,0114
ee926969b3e54ff5bbc45aa1c9be88e7.jpg,0225
ee932939adb34ac78a9fa53fc5889fd0.jpg,0396
ee9573e5cdab456c82cdee4055a5a30a.jpg,0112
ee96bff509aa460fac79b93dcdd1fb36.jpg,0411
ee9af135c48348cd9495861b1eddc03e.jpg,0036
eea060af9ebb48f79821fd33264e38a6.jpg,0005
eea239bae96b4d1e974a913aa24c2024.jpg,0075
eea3e39076fc4cfabe4fe70cdef042cc.jpg,0149
eea79bd09a2443aea641c9cd3fa84b2f.jpg,0435
eea85ed2b04c4a29a93e8639285fd5aa.jpg,0152
eea997fb7e0440e3a867b9f490005989.jpg,0290
eebc4ef04a144dd1902ff2d7444a173f.jpg,0189
eebe13f7a1a1424da7c7c6effcd14d88.jpg,0201
eec87d11b63a427a8e6dc5d197abfa3c.jpg,0337
eeca8cceb15d43edb4c6a728bbc653e8.jpg,0395
eeccaf8d9a764d648e37723a75bb5ce2.jpg,0201
eecd00a918414a3d80f51ee703a9402f.jpg,0031
eecde37393244f6f8b5233f36f5ec310.jpg,0265
eed168dba8ea47dbaee7641b30672ce9.jpg,0017
eed2f55fb7c54853978cbdb901cda3ba.jpg,0362
eed7b84ac8d64f5984d4260b78cac019.jpg,0150
eedc2ff6206340ea96552c04b9cd3206.jpg,0384
eedc40e49bd54783b7ad670fb70da331.jpg,0127
eedd9d09cf394f46bc4f744744369e33.jpg,0231
eee463c61bd04a1791b652bc2ff1d8fc.jpg,0064
eee65541643d4f7ca7715687f3dfaab6.jpg,0374
eee7d9e00ce54da0872dd16fbeffa94a.jpg,0339
eee88237d2d14d7d9319254bb4e9fee5.jpg,0277
eee8b8a4286d416d876c0e7ffb7544b4.jpg,0193
eeecf41723a7472e938e8093f8df0d82.jpg,0035
eeed5ec71cd440ea88e4a155edf5b741.jpg,0098
eeed6bd5fa114557990b58bccb64b289.jpg,0314
eeedd2149ca642eaaaa340ae848be58d.jpg,0044
eef2a11ee848400f949037f44d54ce43.jpg,0115
eef2d3f3385f4be38c8e34ab674de437.jpg,0231
eef2eb4c11c343fca891448ab90d2b5c.jpg,0423
eef34549b22242c2a3dab9d42f2e40d5.jpg,0005
eef44b91e21a45aca3cca0a861594837.jpg,0204
eef4cf54f2e847a6a3eb76a3de0ef19a.jpg,0353
eef78b131002457b9dfdc46e965328f3.jpg,0221
eefc2293a69149c49e3952e27276c2a1.jpg,0216
eeff23d77d3b4676abd8e9c18d77e734.jpg,0474
ef0203c06d6f4dfc93369f6d60be794a.jpg,0307
ef08841738634c7d88da983b8be03a07.jpg,0191
ef0b05f0ee8f4755a2448effc25a8c2b.jpg,0030
ef0b1fae6f25444cb97f07b02f811fed.jpg,0334
ef0ddd0d96164792a5e8b80c77209912.jpg,0257
ef0e0ce229964fbe8f6a3e0a6efd948c.jpg,0345
ef0ead05ae3243f1aa5f9b50c6beda5d.jpg,0012
ef10cfaddfe84964821761304e00969a.jpg,0178
ef181bc630a1427f8decb34f7b73b014.jpg,0428
ef19bae7f69a4987802c05a888b1615f.jpg,0474
ef19ccdfa16940fa9df15254e91982d0.jpg,0430
ef1b633ab70546118f9bf0707adc1e56.jpg,0491
ef1bc25ace324408b6a58643987b45c9.jpg,0263
ef1c877f68b94e3588207e1dc7d059b4.jpg,0376
ef1fcc45ef214794bb8d7e3ab959244b.jpg,0307
ef21cdcfee6647f48ceca37b6bb247d5.jpg,0263
ef2246e0fd51476ab1161985d5d60d65.jpg,0388
ef2e6fa1aada4abdac3ef916eeca099a.jpg,0021
ef324a10aed542e0b8ad352a801ba467.jpg,0444
ef33e2ae620748fba5e7da5df7dfcab0.jpg,0094
ef37e51acc344e8d879a14e75ce11386.jpg,0005
ef389b60691a481f8081b90532c4c759.jpg,0239
ef3f322e495b4e858995c94206bb0ceb.jpg,0313
ef42459d482a4002a0082aa95c8c1f7e.jpg,0326
ef456955a0404c29afc9778f67b66f6e.jpg,0054
ef46aaa30e1448bcb58dfe069ce36271.jpg,0281
ef4d00b7b2d7417e810320c036d4eb19.jpg,0367
ef4e90443ad443b59c71f492361bdc96.jpg,0205
ef54f430e8cb4a7392934cfae44ca03d.jpg,0071
ef5883d1b66c4ae1979c9b175e984044.jpg,0091
ef58b0c3fc2a4773b94893a01dd7a7ec.jpg,0022
ef6370aa24c5495988b14e321b764c4f.jpg,0460
ef6488e779514d92805c3912cc858ed8.jpg,0322
ef6a69e025ab40999caddf188ade9f54.jpg,0192
ef6b571fc919475789441bc32b60b3cc.jpg,0170
ef6be27a7cab4309bc6a9f8dc1973590.jpg,0464
ef7784e171f042838e16f3158451b5f5.jpg,0042
ef77e541712140b48f79ec573872c197.jpg,0318
ef77ead840c5403ead9012a74db0d46a.jpg,0365
ef7a20b1b0e742ed927f5fe970bb251e.jpg,0060
ef7d7b3573644e029c60f05725fbed3c.jpg,0315
ef7decaba1654582bb520d58e657352e.jpg,0244
ef7fb732b9664f8d800ab82dfb62b74d.jpg,0234
ef7fc784fe584598b3c9d2d587556cfe.jpg,0111
ef83455bd05043fcba97683061cfdec0.jpg,0410
ef83f1a253c646259888dc4ee34b454f.jpg,0069
ef84b672769d43dfa530e16e752d266c.jpg,0382
ef856f0aa8404355aa8853756a164bc7.jpg,0188
ef8a76883c7446e1b063fe33810459b2.jpg,0064
ef8b388544274c8fbbbc6c87d7c3cd4b.jpg,0293
ef8d6498d7b242779df96cb4ee158cba.jpg,0432
ef9097a4af3840b68f71e6047fcece12.jpg,0354
ef920112f5dc4ca5b6144c5f060bb95a.jpg,0124
ef965465d0214b33918cac2fbcea8156.jpg,0173
ef96d85ee8c245389126e3ccd4ec9faa.jpg,0017
ef98ec3fb68a49428eeb1d19fea2c928.jpg,0048
ef9b17750a614efd8c5c414c1aa2a865.jpg,0364
ef9bfe5a82e14259966ac15501f37aff.jpg,0263
ef9e7e7f86584737894bb4143aff0a02.jpg,0179
ef9ec74cadac4ab2ba00b6eb507a63e6.jpg,0053
ef9f564dd2ee4c07a1935c8d1c902748.jpg,0264
ef9faf463c5344dc935157c339ee2b71.jpg,0250
efa29c60d13b4b8da3a5c1765daad2e6.jpg,0167
efa41d0a3ad340e0a8d69c9cb77fc55c.jpg,0359
efa4faf1b5d545b89b4c467e3a366fe9.jpg,0436
efa6f180c11a47dab9df1714428f7bcf.jpg,0441
efaa16923bb14b2bad8d6c6c9e0d8144.jpg,0252
efab0d81cbcc475b832e598a938254ca.jpg,0251
efaf10130e4f43369669dd3fd17d1430.jpg,0027
efaf2ed625814fbdab354ac1ff8a91b8.jpg,0392
efb09aa2a70c470cbb3379c6dfd81c57.jpg,0164
efb247a18fde424c8142542bf1f49db2.jpg,0103
efb28fc2725241eaa3f1d8ba2de81c5e.jpg,0291
efbb4ac7e166400bac535925d5d4cc5f.jpg,0211
efbb67ac7e7948b5abf51d9521b42efc.jpg,0379
efbc7147cfb04f69a2e7b43dee581349.jpg,0073
efbf575ef5634193bd2c34ff3c57ab9c.jpg,0173
efc271f995034e61b04309a563592a1c.jpg,0314
efc5948efc9a48c6bf70d3be19b6908c.jpg,0106
efc8544017a7476ea4bbd646b6d5da3e.jpg,0046
efc9ffcca4bf4fbc835d7be6d34677da.jpg,0465
efca2a5ed76e48c4bf8316f52bf08f44.jpg,0117
efcb6bfa10c942bfb57ca456675ac54d.jpg,0437
efd161ea30a840c585f8172cbef72b98.jpg,0162
efd4328f7ddb4d478a42351183de444c.jpg,0436
efd49e512f674455bfc9543c6a44f942.jpg,0336
efd9519c4b474218836724f05e847463.jpg,0167
efda2c21e38f4c15877284230c3bd0b4.jpg,0142
efda5ab08638486ebd57146cc3aabe05.jpg,0075
efdb0d24471c4444914c6feefd19088b.jpg,0316
efdce28fd42945b1a54aa7d0bd00ee5b.jpg,0008
efe009c260f84afdb96678ed15cf50f9.jpg,0471
efe0a65f50354ce88af85925365ffaef.jpg,0245
efe52c3fab9c452580acfcab08306174.jpg,0078
efe68a37920842b490f2e7d9f9579e44.jpg,0324
efe74d0808634491b93611d550e79e82.jpg,0005
efe87c04b14f44079733be50b13eaa87.jpg,0014
efeb0ec29e26420084764c78f1fc2d90.jpg,0260
efeff19427f141ed9189b47b8eb8abf6.jpg,0335
eff076347b224acaac254c752e2cf8b7.jpg,0016
eff7a07010544ced9cf6ade6759d5283.jpg,0051
eff7db7a4b3f46e99df30eb62a8e7932.jpg,0181
eff879f9268c452fa5ad8641425c11e2.jpg,0207
eff8e75a4a664fa6a0c373f9b105a8f3.jpg,0427
effc59a2b68c4530bb5fa70f5a829c7a.jpg,0469
f001a7dddda44c1b8b205ffc742afbdb.jpg,0213
f003797bbede4b36ae6a05c811dc484b.jpg,0377
f004a88b9def4d5e8acb1cf17ce30798.jpg,0125
f008943fbf4c43b6bf2c4b5b909bc67b.jpg,0233
f009c15e03484a2e9fe23e42db13126e.jpg,0424
f00d947dc68a4b29954f9354d99b6410.jpg,0246
f011d07c86094d619f0cda236302df1b.jpg,0055
f0122bffeef94a6c859b351c5e3c67f1.jpg,0148
f012b24fa77c4e62984d71b4d115d3a6.jpg,0075
f015385bdabc40b180e21d6d74812c0d.jpg,0217
f01a0fa560ef4828849d2f39254a3d3c.jpg,0306
f01a7d0df4a14b6e9c7133a56e5a613a.jpg,0262
f0233a79b8f84a86b646c27c06871103.jpg,0025
f02632ec6c034b73912dda6e19eaebd4.jpg,0211
f0266d76584740e7b7cb4a2564c2044e.jpg,0310
f02846a92be04173baec6a8a9f2a9282.jpg,0050
f029163caadb4c7e8461ef75f7fc7f63.jpg,0496
f02afed558494dd9aa422f41a8a5f8e1.jpg,0441
f02cdd3524184cd5ae621a579b47733d.jpg,0245
f0310166ead24841933f0cae71521cd9.jpg,0018
f03181b2e27f4e12b58ee96b4edeea1c.jpg,0280
f031a5d7060d4881b84c6ba9226e037b.jpg,0216
f033d54e52154bde98186ceb2ddc751e.jpg,0029
f036189ee1624c39b1520ad3ea8175fb.jpg,0414
f0375c06b2304e5e867d2ac842b85b92.jpg,0198
f038e28f6de0486fb4363f1f0fc62c47.jpg,0166
f04184c02a5e40719f4c2b65e364fded.jpg,0023
f044fdbd2d0845a8b6750b2c73d4d282.jpg,0279
f0451742f856485cab2e30714bfcc6f8.jpg,0396
f0461cdc38124f339fc27ee4ce3df325.jpg,0390
f04670da2c5a446f9655f5eb3751ae29.jpg,0211
f04e470183914cecbf5f102fb5fd77fb.jpg,0059
f057d2ec0d8d4a83b7e0a28e3299bebc.jpg,0386
f05aa2dc35724ce7af5362ffb9f084fd.jpg,0405
f05cd000841646ea8b0107b433b95057.jpg,0134
f05dfb7aef6549c2867345a7d69dfdb1.jpg,0044
f05fc80b88be424ba45a0364689c6a3c.jpg,0361
f0631a06e18548b4a968f78db237723a.jpg,0111
f065db60c0ef4e6f8cedf24a89797496.jpg,0022
f06618745c23488f9c534cc088135b75.jpg,0026
f067d67455674b4a83130427731ec5ea.jpg,0329
f070615991ff41a1b30d7ef6c44a4480.jpg,0131
f070eddc57bc4c94b47d2a0662e0b92e.jpg,0178
f0714b27dcb7442cbc2f46f13df9965f.jpg,0450
f0738ded8f0448579f809bdb00c21b8a.jpg,0366
f075c20fa57b43aabf6810e0f39c8a44.jpg,0318
f07f91eec9f94fe3ab8b2633ad474a1b.jpg,0226
f081fecd7adc422a90d73c61ae4cbbcc.jpg,0249
f084b68c53cc44b5a52ddbdafba76af8.jpg,0048
f086af35446f4cb49a2b283e86e70baa.jpg,0296
f086b4725622443e9434c5e56b2f19bc.jpg,0320
f08b2e320ab54017815bb4c3722f7a43.jpg,0169
f08de11dc0784a6d8b68d315adf555cc.jpg,0086
f08dfa6f90ff444a8fccc7984a2e9078.jpg,0297
f0930c5ca5644f38ae3e2aa77d372603.jpg,0258
f094eea545d14cde970019e941150165.jpg,0239
f09964ce489a41b7a1e7e461bffbafb0.jpg,0167
f09cb4fd490a4dffad8ea791547dd553.jpg,0166
f09d15ec3b6842aa896042f44fad9ae6.jpg,0245
f0a2abb46a8944ed940f8301504eb048.jpg,0268
f0a6046a0bc84515ac7e3a6a8cd34f31.jpg,0039
f0a9f898b9c948aca9671e5b86bdc345.jpg,0443
f0ab4e50fd884a479f4becd93f1ad6af.jpg,0337
f0af707fd08c4488a3adc998ca28162c.jpg,0247
f0af771bfcc5486ea45b626d9b3a16dc.jpg,0038
f0b12c8f35fb4ff6be6db88a194641ea.jpg,0359
f0b353b3469e4e3e8bcf64b28afe7373.jpg,0377
f0b410bb1ec44284b61735eea8085ef5.jpg,0483
f0b5ecf0a85448319e55e2ec7108e568.jpg,0048
f0b62012b47c45bc930a8bf1ddadac00.jpg,0029
f0b9d8aa22584fea9064b926fc7c1b44.jpg,0320
f0bbf4bcc311459ba8381f4d3b5f2d22.jpg,0418
f0c12808fa6445bc991fc4764929b820.jpg,0102
f0c1a6bed3f64a349620fc34bca55e8a.jpg,0175
f0c77653a09141e5871467453ab6e8b6.jpg,0335
f0cfe36b5cd14e8e964c25dc35328262.jpg,0393
f0d76b56b4e94b9d939823868cb631a9.jpg,0295
f0d99c97373e4aeb8b295be2850a93ce.jpg,0328
f0db02e0fe4348a9ae50c7ade8af21b3.jpg,0281
f0db79ce404344859ad4caed684aec21.jpg,0310
f0dc06ab385b4174838ef17c416b4775.jpg,0473
f0df15d8230c4982b9daa09b4105f3e8.jpg,0455
f0e44ec8beb948b39f1382f6a5bd51d1.jpg,0292
f0e4913a06a24a58a5d26a44ddb8f86d.jpg,0419
f0e6e4bb2fe841d0a0bdf2af109d99d3.jpg,0475
f0e8cdbd6b874e968af945103489bfbe.jpg,0463
f0eec1af8f1e4582ad4ac6c3b6a382d6.jpg,0167
f0ef4e9c27734b448866b2f980be9c5e.jpg,0210
f0f42241ad854b4abdb168964b48a560.jpg,0174
f0f689d3c3624bbdb8fe458d78cde632.jpg,0032
f0fe002441a34db5b536d459386464d6.jpg,0368
f106abe479c5475f861f2d498f67fd6d.jpg,0412
f106f16818e84be491c5a25ce22e162a.jpg,0053
f10874e12491490b894366ad413d9511.jpg,0397
f10a129f78994fbd9b3103eb960db198.jpg,0204
f10b0a739a4f4cea82b396fbaa028ca7.jpg,0204
f10d0ab017724eeab7eb60135d607919.jpg,0455
f10d747d3af34e3dbab83a0e5c4cb89d.jpg,0408
f10ef388527846568c5287ffd1bac3ae.jpg,0124
f11101ca45704b5f9e1d6cafe40e04f3.jpg,0123
f1159afb1d4042cbb6f374641a2ec0c2.jpg,0176
f11c9e7775a14b38904ffe8022d1c46b.jpg,0329
f11d52aac3b5430f85195db539565e23.jpg,0074
f12286757a164c1086e927098bc91bc8.jpg,0214
f123569c7c4d4133a959a4e3cd7002c3.jpg,0114
f12522a97ad24ef08c201112e69e243b.jpg,0107
f125497f317b4a60b13fc9f752306733.jpg,0149
f125c6c1aef34f81a8d3d28ec2c610c1.jpg,0170
f1274a180fad447481ab87c06a9190da.jpg,0458
f12a815d252f428e83472e0f66cc61fb.jpg,0165
f12a96801bdd48368be175e1c4f7cf63.jpg,0032
f12d270a2aca415caeec235f716a8843.jpg,0077
f12d3214e6c14f5ea74e5034a3166ba9.jpg,0143
f12ef64264db4f698014029154a203ca.jpg,0164
f12fb6305e3f472ab41a066e0396d04b.jpg,0207
f1320d17f2bd428b8592e95db9de65ae.jpg,0148
f13475ce077d4b6e8711278d3821386f.jpg,0264
f137668bdf4a408daacfb752e6db6b32.jpg,0190
f13bd61a5ee34042a8b08f22c02473a2.jpg,0116
f1416a8be0df4190995833b175059593.jpg,0108
f14383a144c44498a79cb847221a1b86.jpg,0196
f143fa29bfde4a10abf851901a97cc0f.jpg,0254
f144b5a5c4974799ab16ea5f48fa564d.jpg,0113
f14a75601df3459aa5c4a41fe81a35ee.jpg,0394
f14fb7e0f3b9423c85489a9ca6e9e895.jpg,0080
f151eedce0784a868f186614bd481392.jpg,0117
f15248c075434c1a90b7f5b28739df37.jpg,0439
f1563f094a5a420d95bb6708d7be0e8b.jpg,0384
f158265d0272415fa36a79ac195ec321.jpg,0062
f158830c010c4008a5a0be2cc504a0e7.jpg,0399
f15bf0300f1c4b828cf2f93a13530d66.jpg,0264
f15c4eaa34da4da2aeb7ea2dd6f532ba.jpg,0019
f15dd0681d12423b9c1e1193695919a3.jpg,0152
f15e6b15130f4d2bb61ee437edc12e4e.jpg,0172
f15ec38eff3d4ce2ac5b0f2b1b0ff515.jpg,0050
f15eca55414f4725b660961e36722e8d.jpg,0034
f15eec35e60a4691a7490af7e3d09428.jpg,0056
f1647d13a95840b58f2eff53f3662e30.jpg,0385
f16b4f0a18be48dd926dd97e2fe15f0d.jpg,0197
f1774da730234f78bd0fa750403a99da.jpg,0134
f1792212f1cd465197d9a741404782fd.jpg,0004
f17a9bfa45fc4edd859b0b6a1e058c7d.jpg,0490
f17b0e58a17041c6b29a4ed9e8e1e8c3.jpg,0303
f17e1ded2040412ab2a8f18c539ba53c.jpg,0172
f180b76c32d54e59bf6e47d8d6fefc23.jpg,0331
f180e328b6384162876961d90a9e9c7b.jpg,0215
f184266923bf4a8a9340bbef6587a19e.jpg,0113
f18a9157f9fb477bbe374edf4ce6ac52.jpg,0249
f190a488af91482c95b8c87dd95e646e.jpg,0429
f1911b3f86e34eeb91c45d64d7d1904f.jpg,0175
f1930c570dac4a568a5b730bee5bf383.jpg,0324
f19c8cfb25af49e6b8005de3ff018c13.jpg,0392
f19c9a8bf0fd48ae82260154fea3b8be.jpg,0367
f19d20e387114145817998cda3c700f1.jpg,0208
f19f0efda9154e9b87f26492773cde50.jpg,0332
f1a122aab4de43ebbcca40282d31705d.jpg,0086
f1a37d5ef22f465ab7e156a0bef9b69f.jpg,0303
f1abc2ebb2824ce099104d81a7eac7fe.jpg,0183
f1b06172b027422a88ab87976fd69569.jpg,0348
f1b1817348f84f81980fe3d8f60dd832.jpg,0128
f1b2eb3b23514922b229b0f9f835e409.jpg,0104
f1b6b8458e8c490eb6bc077bc10956d3.jpg,0294
f1b924dc2ed9427186ecb185dfe6b8b7.jpg,0229
f1bb7cf794084e248f81daa4ca076c9a.jpg,0354
f1c08a1848ca4aab9fcaceb72066a13a.jpg,0486
f1c0fa73f8ba409eacbb0bb65b2b8cd4.jpg,0030
f1c11925faef477bbc71d63bb608e5ff.jpg,0204
f1c2ff2e60b94f92bbf1b6412ee7d19d.jpg,0379
f1c336b5449b4e2c8959b0f19ad6d524.jpg,0328
f1c4364fd26e4fd4956f8a4ab1e73d6c.jpg,0239
f1c522830db44c1eadf49022a9811a5b.jpg,0326
f1c85dfa0d20453fa32533c31e1d2a5f.jpg,0479
f1ce737a81044bffb221f6e1ec2b6256.jpg,0481
f1d309da8d204ed4b8f49b70bb6cf260.jpg,0100
f1d3bd8723624bfcbc19ebd9dac5f822.jpg,0353
f1dc559ebc61424ca3cc5bbb3b8c01a2.jpg,0486
f1ddbc3cbf494f0589a2d0a348990a2f.jpg,0130
f1defa6cd5014e6cb65289689cf69b9f.jpg,0385
f1e4a6a512ff4caa8f17a6146c1c41c8.jpg,0127
f1e5f410bdc749a2a62508420ddd9563.jpg,0042
f1e79426d4054b81908180079db38ad0.jpg,0434
f1eb1fce36464eaf8d3d0019159d6af9.jpg,0169
f1ee60c289ef428786b0f2e3ff13b28e.jpg,0217
f1f54b76e940446aaabb6af37c9381f8.jpg,0223
f1f5cf33463e415aa0ceafb95be5c4b5.jpg,0235
f1f668f3b7c94adba72f40b9d77347e5.jpg,0009
f1faab072aa34559ade41f6360de9630.jpg,0439
f1fdc3c5e5204026baf816470741e904.jpg,0022
f1ff192aaa16496d87d80a114d734c16.jpg,0099
f1ffb719d2ce42ddaeb2a5d20b89fd43.jpg,0002
f2019801e40849948e34358bcc2258e4.jpg,0122
f203568335bb4abba245c98edb2a23f1.jpg,0267
f206eca13c3a4d23b30127ddfdba7ed2.jpg,0352
f207c36421d34521b68bac37a80f24e7.jpg,0119
f20a850c2af04d1b808a9e5ddae41352.jpg,0491
f20c222a4fd74ad6b789aa6866afa034.jpg,0093
f213d21fcb0d4ac38f88e9f58bd88018.jpg,0264
f2161329f8e64e18b964d3697e08c656.jpg,0351
f21c504da0c149189bd14cc1a440b188.jpg,0318
f21ee5b4f3e342e5ad86e4fae7c41cd7.jpg,0411
f220483e8c2c4c8a8aa769ce5a9f28ea.jpg,0353
f226f94bd4c74a19a42b907e730bde9f.jpg,0106
f2282971facf4f1d99546f75194b377c.jpg,0196
f22f7b7169a44cb2b2f70ed22123f114.jpg,0286
f23157b5eddc47f2aa4b15586f3c712d.jpg,0157
f236ebc1ad0c43f7a80913eddf26dfb4.jpg,0143
f23d18246fcc4b58919f35598f7d8a26.jpg,0264
f23f80341ce5433cae74d6173e8035d3.jpg,0002
f23fa315be0b48f7a21883774510aedc.jpg,0448
f241917ef8164588bcae60646a32ae1f.jpg,0194
f241a37da8ad4c8487a0401b79951405.jpg,0004
f2427d85348541bfbf49d0a1d8d66add.jpg,0341
f242e6c50e5f44588879bf3eb2de42ed.jpg,0009
f24d929c675c47b9a182ffdc7a8871f5.jpg,0430
f25f4a9c452d43b6be7ac156e4e6247d.jpg,0016
f25f79ad88a648609e39bdb2bbcbf1a1.jpg,0395
f26397a0de024d9795a5c0b0ddeddb9b.jpg,0492
f26557909a1a4d5ba8be469424cb5fd0.jpg,0028
f265dfd55c894c04a19b55246871885c.jpg,0332
f265f79dd50842158301fc6d1698dd09.jpg,0341
f2680590a17746219b4ca79b434953f9.jpg,0434
f268c595cba14b758a6ef4350a157d72.jpg,0024
f2698423b8434870aba5c10e54cc61cc.jpg,0179
f269c97a25a7497286433e9b77b5e89b.jpg,0411
f269de6888e240b1b0209a5fd19b3ae9.jpg,0459
f26f1212dd0944b38d8ba9690ef9bd3f.jpg,0347
f27f015c40464d8b8d0d39cf4e81661d.jpg,0073
f27f91346d73464f90e946e697e7008c.jpg,0463
f2833ca44c614359981efea085ff2d2c.jpg,0307
f283798d61f943f49da5545ff5150b37.jpg,0115
f28891069e0b48d2945b2f324932f28c.jpg,0125
f28b98731e1e49df93626ddfbe32866c.jpg,0094
f28ca6ac5a47473583b5896db9932a69.jpg,0275
f28eeb7a81e44ee4b2add368dc50a38b.jpg,0217
f28ff2ca13634711b73764859574dbef.jpg,0115
f290ec4a73a04de7ac344c748051578b.jpg,0035
f2911f2a08e04e4e9cf853f734e858d0.jpg,0058
f294adce45f24928902d5454b51a4dd4.jpg,0038
f29782a6020345b59c3b4cd9d4f9ad1f.jpg,0201
f29bc35f14664b489cc9e11add97015e.jpg,0385
f29c4f0081a5417dbd92a0daa49eb614.jpg,0377
f2a08904c98341d28caaaf82e1eeb493.jpg,0025
f2a4584cbb044f679dd13f2647892409.jpg,0187
f2a4846758764609b327d4437fc85ef9.jpg,0073
f2a4a7a0b4174a00a34eda53f5de1300.jpg,0077
f2a5183016eb44bea824390c582744a8.jpg,0367
f2a669c0563546b6b44d9efcaeafca63.jpg,0385
f2a876e4e1354c809b61c09af7e6b382.jpg,0491
f2a8ce75deda4e2f86d96c5bc7bb78c9.jpg,0397
f2ab7058367941908d5a2959ebe73aa3.jpg,0220
f2afcbdaf72b417994ae2476d85a3fbc.jpg,0104
f2b0f14be21742048efaad78de305940.jpg,0385
f2b1a2dbba894526ba3ca5fe77a40b6f.jpg,0364
f2b3ad7e340542efae7101d2b2e0d8c7.jpg,0272
f2b5dfb393054d5797db37609f3a5e92.jpg,0455
f2b630a87d2640a28d4f494b3aca0906.jpg,0272
f2b7bae0bb304b24936b42ee23829234.jpg,0152
f2b7c20e783a42adbfc7f7875b0c50d5.jpg,0039
f2b800c4235743d28fb8df8923060f1d.jpg,0354
f2bc626e1a0d463589875bf00e0fe94f.jpg,0189
f2be8962521e4f2aa53bb21725c2ae98.jpg,0313
f2c29c839629411580a152493b1957f9.jpg,0247
f2c3bcafae3b47c7a2cfa0205381eddb.jpg,0300
f2c4ad5a14e74a1ab1c341b90599a2a1.jpg,0119
f2c6473eec83463da952dabc1747cf15.jpg,0089
f2c676867bd74330a0c4b9118829cc0b.jpg,0399
f2c73b2881a9408db3a68bda5b0abaf0.jpg,0346
f2d80c20f4074d7f93b7f948096cb182.jpg,0127
f2d8b3c1da9542acbec4b459d39eaa48.jpg,0135
f2dbb1eea9ee46a389c38cb3e3ba9f25.jpg,0373
f2e321549119401c8e06713112dd7167.jpg,0484
f2e3ea6aaf8749919a8eb10a27a4bc65.jpg,0372
f2e5ac837a6249a3b5456f4f1e1d7a29.jpg,0145
f2ea04619448461f8d368c5b24d3650b.jpg,0090
f2eab45e947948cda0d55303874fa078.jpg,0027
f2ecd9cce5bb43e381f7dda08370365e.jpg,0395
f2f5d2a6edc04b59a618a20d7880fb6e.jpg,0344
f2fbf04471d5495393898c158e91576c.jpg,0140
f2ffe9edff6640c2949a0b4a99de4b92.jpg,0192
f300c3e942e74894a922eaac080a7481.jpg,0265
f30211f155714e6d855d93af6d4ffe52.jpg,0058
f306a897a24a49f6bb2579b123b348a9.jpg,0362
f30880eabdda4f608f0b97dc6c3ed1e6.jpg,0295
f30b35284ac94a0f8cb8e034abe34ac8.jpg,0325
f30d8caf66a74238b827bfcebdcb009b.jpg,0127
f30dbcee7f63447492f0d9a543cb16ff.jpg,0013
f31079090dbc459fb37ccf7f042bfcb4.jpg,0129
f310929e040243e9ada1cb3a86197adb.jpg,0251
f314277567ee4ec1a8186fc216bbc927.jpg,0188
f3147ed234f34a24aca6ea135a01a32d.jpg,0482
f31652eb55a7449388eb8575bbcf3c18.jpg,0023
f316a4bde293448ebb3b404b4852550f.jpg,0446
f317c4ba050b4eee965765ac894a1244.jpg,0491
f31a5291dd7d4f60979b1cb0febbfc72.jpg,0025
f31b107db38b40b19846a499d3a6cdc8.jpg,0388
f31b5688a1ae40ef9d30141aef0fd16e.jpg,0056
f31d424fe1274a54853db9f4390e87a1.jpg,0296
f31d662d9e494d9f93742e04efb623f0.jpg,0256
f31f3523e5a74c2f995537fef3c8e0b3.jpg,0429
f3237109010843c3a915120b435709ec.jpg,0120
f32806ff3d2b461b981e6efe80201185.jpg,0013
f32a45345cc74027be141e80c31fd592.jpg,0027
f32d1eebf13640d0850bf9c7341a4e34.jpg,0390
f3307e46b8384ab2bc0465191262f566.jpg,0091
f330bb4310d24fdc9e467fbfd0905ba3.jpg,0442
f330d90e7cc547d5a035a36689ee5945.jpg,0114
f33140823bc84ebd90a33fa1585bf13d.jpg,0022
f33162a7644d4207b32b44c003d15d82.jpg,0051
f33183668a6744e4a0f5b1d1878d0158.jpg,0353
f339b9a9cb3c468fb56cd10a06002aee.jpg,0225
f33a81f3795e481b84789afa9f42545c.jpg,0276
f33d0f94fc034189b5b69b6ce92b5d9b.jpg,0031
f33de99b8aa341de825eb03d4f701cfc.jpg,0111
f33e0d74551b4281842035642a21c756.jpg,0462
f3407b68c8884365aa7a792fe4238f96.jpg,0026
f347ad7ff7474b2780d30f4951bd73a7.jpg,0165
f3501f95a21e4b5f9052a0d989d194a4.jpg,0204
f35340cff7244556ae4b6665278146cd.jpg,0460
f354ce528f5540878955518a427d5d5a.jpg,0359
f35897ab24b641599fcffaba45a9f7e8.jpg,0480
f35c40f7cbff4d9f936cfb25ae36e7b1.jpg,0103
f35d6a91e5ba45d38da98badc6216c43.jpg,0200
f36312295dab468581647ec994976199.jpg,0426
f3682161eef941c5ab0bb70716c2b76d.jpg,0073
f36c9feded1b435ebf4116d3f9b1017d.jpg,0368
f36fa34cf3c3452f8eb1a1c99cba7d84.jpg,0454
f37526bae62445abb25d8bca75522139.jpg,0318
f376ca2636a540d28f7078098cf13492.jpg,0390
f37729ec84934c35a0aed33bf339b351.jpg,0155
f3793b1b82ce4bde9f1e7a1af4a925bd.jpg,0293
f37a60c4db404ed3b1b01153c512b6e5.jpg,0404
f37b63b57bcc446aae797cbed51bbdb4.jpg,0234
f37c413612cc45a29b8290a571069235.jpg,0326
f37c8e624d8849978a46c8b2222c6730.jpg,0189
f3847ff735554c2994e3704884651a18.jpg,0152
f389b5b7911f49bc95f2c9c27c8b17e6.jpg,0273
f38a30852b9e4ee9afa573b000f9f5ea.jpg,0008
f38ba0d7aa6b4c468a13d4cf9bbb1538.jpg,0144
f38c5af5d8b1489c864d8ff70be3ea24.jpg,0496
f38eac5c2f47456b96d536dba6b781cc.jpg,0345
f39788fb93b14394b0f9319ba5479881.jpg,0082
f3979c766b834caf802157c0a098fc6a.jpg,0399
f39e3f3758f742b39c2e1ba19c6dff7e.jpg,0026
f3a04fedb8b1410ea8e17d53c7596341.jpg,0250
f3a0dfefd45543b0b2c13fecb196108e.jpg,0490
f3a3ee624add4a519767133250c53d20.jpg,0386
f3a6314408534099ada9ac91db1ca2bb.jpg,0202
f3a66b5ccd6c4e51ab8a1481783ee257.jpg,0072
f3a7ecfa06264078a28b2f3c0ff5115a.jpg,0124
f3a8486e6a2a4c859b4bb2918480e598.jpg,0470
f3b2190b055d40eb99eefaae42f218e8.jpg,0284
f3b3e74ad5e04d3a87c7f13a8db63851.jpg,0040
f3be188f0636430988dd38ea7e309d33.jpg,0073
f3beb19904c14df0b3bd3179d35d07d9.jpg,0221
f3bee9bad0774ebca865eafe5f36316c.jpg,0413
f3c0a5087a2246e2b3aeccea5b92ae57.jpg,0309
f3c51aeb017445499b3070702f23b380.jpg,0472
f3cc0c372cdd446ea37bf53232eb7c63.jpg,0227
f3cc2896ba154aa78d42d52973207c02.jpg,0212
f3d10d6be33e4c1b9d78a23ba0d6a3af.jpg,0420
f3d182d9df0342469b7c41ed9c76b16e.jpg,0420
f3d7bc7db5d442dbb6fabb074d0711c2.jpg,0242
f3d8c6f1690d45a19fbc19e1232192ac.jpg,0456
f3d8f6b26d8b4b82bf185fbb9049d3bf.jpg,0070
f3dcb37f2cb54bc7b63eefb2aca7fbcc.jpg,0297
f3df6e5dd44e42e4a322a4f0a2130ddb.jpg,0145
f3e0f6a24a3b414683b031b9408dd4f5.jpg,0276
f3e2f193bc0f4bf5891796ef024dd128.jpg,0235
f3e368b02f2d4fa18111f12f350f6095.jpg,0168
f3eac975c4894ae38be10debe0f58f18.jpg,0088
f3ee007a45394742841f3bd74d16be75.jpg,0475
f3eea5ad3002497db23aa816e0c5b3a1.jpg,0236
f3f209ac471342e78ce006f8d5c57ff1.jpg,0370
f3f2cf758cb94ad79cd0f1d715aa78d7.jpg,0445
f3f4756c9e734415bbfe54a586a40203.jpg,0410
f3f5c7ebf36e46b9b3075318609cb0e6.jpg,0331
f3faa1210f514ea4aad877d8f37d7455.jpg,0167
f3fd0323df6146d2a633b0009a441c00.jpg,0381
f3ffbea41e664967b8a4a7f438e2a3d6.jpg,0252
f40161265de94adbb2491dbbd25fc8e8.jpg,0264
f402b9ef437c470298a67e82b8a6f8cf.jpg,0416
f404de5b17574ecc8b4141b4f96208a7.jpg,0344
f405ef429a4d4735813de561fd29c5d9.jpg,0203
f40a997d67d841abb70b2d090b8eae41.jpg,0249
f40afe48467744b784435929d351d77d.jpg,0399
f40b8625bb37462f94b84a87ef1a64a8.jpg,0143
f40ce2523c0b4040b74bff22f5ce7350.jpg,0098
f40e8035917a4c25b7823604e3d3504b.jpg,0206
f411f1a05db4400c869c3083c519e844.jpg,0042
f4135c7683d54a1ca0351c2d3a3a92ad.jpg,0206
f413dd31c7f64d09aad7813d47c2915b.jpg,0239
f4166851d4754403a5a6294c66f7af96.jpg,0171
f4170899a4f0495ca757a32270dc13d5.jpg,0483
f41877edab684abba91b735a41155c4e.jpg,0415
f41921cdefdb41c996b9728b96e908e1.jpg,0459
f41aa743d4ee42a8ae6cf94463707ece.jpg,0206
f4246ae71c0c4e21bc240bd93ec13fb1.jpg,0486
f427c2bd362a46eda925f714f4a96746.jpg,0166
f42c1194dd3240e1bf08aceb21bbda89.jpg,0291
f4307d86675140eeb165123aec5a2117.jpg,0319
f4333c2d9d7d4f73813ccea66b60dc7c.jpg,0204
f437fc8ce4784873978340a86f5c0508.jpg,0153
f43d0ccbe70641eabe24deba90e4a33c.jpg,0234
f44071c138fa406786171faa6ca471cf.jpg,0043
f4463e9b57f64d74989b2be19521c29d.jpg,0137
f44782e27dd74179974241f8642ca5c8.jpg,0060
f44c87e9c8ba44ce91129ee898713dd0.jpg,0059
f454a449b08042b3bc4f5487f08e487d.jpg,0170
f4561bca99cd49f1aa3a910790fd6a6c.jpg,0450
f458f2c54a4a4379995a3c937cc87c3d.jpg,0474
f45afeea42844f729737da70ae06471a.jpg,0244
f45c8bba8fcd48de822c1646f03c0d44.jpg,0129
f45e8bf199394a889a560b2687efbfee.jpg,0056
f45f3a200c654bbba27171fed0ed356c.jpg,0129
f4649d53c3ec46f7ab22f488b3d55da3.jpg,0270
f46b147db40644058015505acb02871d.jpg,0233
f46c34b27c8f46f9b4fb12ca19693934.jpg,0179
f46db2b5d8ab4026b3118ad758dc8274.jpg,0114
f470a45b9de54ff1b8affe9946573423.jpg,0412
f4724aec25a84f95bd1d3e0d1f2c95a4.jpg,0106
f47401df5a754cbdabe1f00229571572.jpg,0117
f47726147d424d24b8163ea238d6c75a.jpg,0136
f47ed1ce1ebe4430872d5ccc1b732b09.jpg,0321
f4803ec6a5a34441a2107c18c10a3bf2.jpg,0130
f4821bc5def54b90a8d9a67e6dea24b9.jpg,0300
f4848b1ce068417388434a3fa5539533.jpg,0492
f486b3140c8a49a4931a164f0622282d.jpg,0202
f489bce9e3904f7a9b02b6f75e563240.jpg,0305
f48dc37a1457446ca206c0f85b2d7518.jpg,0336
f490bdcb633d4744b5d4c9df7d44dfff.jpg,0018
f492070908fa4ad1b24b1e7ccd23250f.jpg,0104
f492514d78b94bc985ff72a4d1699d92.jpg,0238
f49d68f471174eeda9e88a77f645c19a.jpg,0121
f49e665e060d4f3f8eaa4948121b73e3.jpg,0251
f49fbc77a4764eac9d6a916820e928be.jpg,0322
f4a20f2280254698a825c20d3d080115.jpg,0065
f4a29864bce946b5982c323d0a48e8be.jpg,0357
f4a2b2eea5584ea895e3390eea1521b3.jpg,0181
f4a51c084fa44322a427ec403f1fb12f.jpg,0020
f4a6c4330ff147e6816881f10374b965.jpg,0092
f4a7c5023bad45989fae2ecb37cc697e.jpg,0129
f4b2f7fa82664b21b38888a539ac70a2.jpg,0455
f4b2fb28d44d4e4a9e80d27cd3698707.jpg,0360
f4b5b906f9914f9baddde57641b709b2.jpg,0425
f4b91128bff04a0c80ffc733b8259b14.jpg,0447
f4b9d93811db4a30bfe775392726663c.jpg,0219
f4ba999641524531a70fc9ee2759e882.jpg,0233
f4bb7223c84d49beab6f80edeef38fb9.jpg,0267
f4bc2a36d5fc47fba1f796ee293138ca.jpg,0005
f4bc7c584633448cb8b9d87b72a9c2dc.jpg,0187
f4bce8b08a384964a40105f84a13572b.jpg,0013
f4be478c9b72400b8c8fc37f693468ae.jpg,0352
f4bf55f4757a4d31bde2fe87a9ac87df.jpg,0082
f4c7011a4f43419b90c13feb6a0f8e49.jpg,0153
f4cc02c0487c48109a4decc4647f196a.jpg,0147
f4ce1c722b8b4922b3f5ed3b02e59220.jpg,0162
f4d14d0b52d34b639b869877a83d2c1a.jpg,0421
f4d5578aa6334460874a2d6b76cfb770.jpg,0116
f4d56f4f0ad54775ace9f5fa18b4b8ae.jpg,0365
f4d71724fa8244d7a50c2177c7281417.jpg,0243
f4d7eba2180a46228cd6fc3af957d804.jpg,0032
f4d809d9aeaf4f16b6cd0dc1a2c081a1.jpg,0066
f4dd179213a54068895aa07903860b9d.jpg,0462
f4ded0c865ba4df2a3be5a599b4a7f7f.jpg,0221
f4df50b75c7348479b3282e8663a6ecc.jpg,0116
f4dfd5f27c7c49c9acab4f7f0a357051.jpg,0494
f4e06f6c8aa641f6a4e86b9c18f2879d.jpg,0024
f4e152f7a5ce4a6482438338b05d9dd9.jpg,0272
f4e8f1319d9e4c498f53b080152dad44.jpg,0218
f4ef727debd743f8bbbba0f04198ccc6.jpg,0108
f4f36c9a13734a70937c0d196fe09223.jpg,0366
f4f40a1393e64b23b4fa87ba0e38980d.jpg,0375
f4f44f3ef368448da2a8d7d2561b2819.jpg,0269
f4f50e01b2fc4fdaa831765efc2f7d30.jpg,0230
f4fafe33363349578de38e757713333c.jpg,0356
f501bf34bb4a42758fa2fff223279ad2.jpg,0062
f50395a8e9004b26a38b53b1c4803dfe.jpg,0252
f507f45aaed342dbaa9c031a5f200e9e.jpg,0006
f5086273ad7d4c1dbb091db9bb7cae93.jpg,0099
f508d811ed9e4251a0b512c1b917de43.jpg,0071
f513ddb9f4434982a990e0eec8367b74.jpg,0230
f5167e57727043a3b0eabce6c4780008.jpg,0104
f51e79f8dbfd4b9a91491f76351e31f6.jpg,0263
f51ee9b6af03465aa49f7841ae44758f.jpg,0295
f51f0b96ec124a73886e3c13edffd750.jpg,0289
f521612024554591b6abd0899d580a82.jpg,0059
f523d6e332304d4aa930be59c2eb7edb.jpg,0384
f5252526051545d89ab05a72a020f2f7.jpg,0152
f526813fd3f3414f9561eda57ad2447e.jpg,0179
f52910093f484505a06feb78e90b6a5c.jpg,0420
f52a69f0d3a7405bba31639c902778ec.jpg,0086
f52c01c64f0d4b9ca7b32868e0eb899c.jpg,0380
f52fa20892bb405184fd409ff1791ac8.jpg,0435
f5352755abd044dc9dfa402d10246fe4.jpg,0426
f537beb7c5cd479b93fe9afdf667c814.jpg,0191
f53861785e794ab281791eabc756bb9b.jpg,0381
f53c564d6f69488ebf28ef278d7287a2.jpg,0251
f542f70e18a9462aa9b1881577c95edd.jpg,0315
f544c5d77ff246c2bb79371b7dd9358c.jpg,0466
f5457b9a001c4cadb1c7d2dded299fa1.jpg,0306
f5465e61c7a44a1e95e17e44124c7f2b.jpg,0316
f5468d01dc5445e1b2def1b9663fea6b.jpg,0402
f549b523ef6b4885823a4e9633634b8a.jpg,0230
f54e5aaf02954235ad494cf00bbbdf23.jpg,0325
f54fdc00036e4c93912d9c778c4ac934.jpg,0350
f551008ab9244e9989c28b876c5c463d.jpg,0390
f556372d11714cb09f021f46f7752bbc.jpg,0149
f5583ddf4b0d464ea5766b153f581837.jpg,0445
f5585b869517433abb9ec7d6c3d0f396.jpg,0133
f55a45030b4c42f0843068fcfa240118.jpg,0107
f55bc7e79c5a4e0ab1369efb91cd2518.jpg,0384
f5686057e05b44ba967f074d191bc187.jpg,0357
f56cf443f4c24b73a8a16b6e5e85f7a5.jpg,0396
f574397b7d8f4f6297112abebc87f6ee.jpg,0198
f575fea0f6d042cc802c89d4c0128d72.jpg,0230
f57626f54abd4a1b8263b5f1c91957c4.jpg,0491
f57ed5cd94de4e7faaa17341d4e8619c.jpg,0455
f57fa0fcc0a54f2b9625f4ec0fdf23c3.jpg,0282
f582cee14e9643f0a7c2e012359b7b4c.jpg,0338
f584ffe7fa854f168d163fb5fd4485ee.jpg,0438
f588282e043e45bbad1c27a79812c994.jpg,0082
f58b1d34480c4dffa74cf6e725369077.jpg,0077
f5988d585a6442d8ae17eaa0265d4318.jpg,0079
f5991a2dafe64f81b791bc42e866f0bf.jpg,0021
f59bcdecb00b4706a7228176895b3aa2.jpg,0136
f5a0a6ad22e74271a5dfc6510f46dc42.jpg,0052
f5a0b2c955ed40b0994e766f438856bb.jpg,0326
f5a1a00938984aa8926f4271b3a214a9.jpg,0181
f5a649bbfce349e5bd0a65f01a0dc0cb.jpg,0121
f5a79bb855c04105bba74159d963d321.jpg,0121
f5b10be6517f4e8eb0d933217e080e31.jpg,0193
f5b165f0f34f41ff9945cae9b1493061.jpg,0212
f5b2c58809f9482abcb8b6587dc05e73.jpg,0445
f5b91ca60660403a86de9fe5ec6f5e52.jpg,0356
f5b9204dc31b4411b1f0757147dd7f06.jpg,0392
f5bb843ec97c4e018ce968e11373ab8e.jpg,0316
f5bc44d2ae5e46348f3f95c2571ecfec.jpg,0146
f5bc97c953644b65aaa62c9a3afac37a.jpg,0329
f5bd6d183733405a8e121e8f3f6cea18.jpg,0392
f5bfb135f0204c32b3b26899b2f8b2bf.jpg,0391
f5c1239b21454a31a922aa8b17eb64c0.jpg,0316
f5c9f44584034478863437c749602827.jpg,0271
f5cbcc59128f4f848a5d0fc83d62e499.jpg,0166
f5cf2c7b4a8b4048b39b5418196fea18.jpg,0282
f5d64b025e544261b39e6235c600b89e.jpg,0014
f5d6ecbedf7d4bcb83e6077f4346332c.jpg,0339
f5d98ac4a8f443feb86f1a8a073b13d1.jpg,0250
f5dbae46d9844e0d81180108c6684163.jpg,0018
f5dc74f546c44dd3900e6e01185bdded.jpg,0231
f5de04f40b434c82bb9da6f02232382f.jpg,0388
f5e4652999bb4f249ec3d78f3dc82583.jpg,0275
f5e7d32918cc45d6a628287a047e2eaf.jpg,0090
f5ecca6cb5d34339a1072879365d1a35.jpg,0367
f5f0f6aacfd848449721d1317c96cf65.jpg,0325
f5f156bd8fd54afb9fc17e50e58f476f.jpg,0363
f5f204c661724ce4b3b58df430db381f.jpg,0439
f5f76431c452426c81519cef3e747f92.jpg,0056
f5fdb79311e04e7284066fa58bfb8715.jpg,0170
f5fe9b2fc16349198ef678c2c60645fb.jpg,0374
f5feb6f612224b9e84fa0789ec7d925b.jpg,0068
f604865dbd08474cbe9581d0134969d6.jpg,0473
f60584e7ca0f4ed68f4df9794b8b9afd.jpg,0342
f60605e9a1af4fb98ab5b44e3733960e.jpg,0352
f6078674069f479a9e49a890426e64a8.jpg,0368
f60862d98b654605a49ce63e4acf8704.jpg,0335
f609ea3179c3458a889862a5876928e2.jpg,0358
f60b84a0800d49a79e9a7dbbc75b9022.jpg,0046
f60cee9ba8ff4a968b5ef0d93a191d11.jpg,0125
f60d0feb154a44459f657049441d091c.jpg,0203
f615677117d142c1aa15118dda751796.jpg,0040
f61b32e805c248d280b01fe11512872e.jpg,0056
f61c50c7265a45f2a7a4057a052e62b8.jpg,0351
f61d0b176ae545979f87f4cd022a5525.jpg,0009
f620e65984bc45858c07483aaf1fc28a.jpg,0353
f62528701d634209914a179245db502e.jpg,0187
f627f08431c4428e98057df75a442683.jpg,0258
f6284ebae4ed40babfedac9af8ab3b0d.jpg,0176
f62eb40f7e2944b5990bad4eb93c0ee3.jpg,0191
f62ed213eeb9452aaca5ec25e1d2c4ef.jpg,0237
f62f2d1f44454c9f9148c6a187f8adcb.jpg,0231
f62fab47d84e44a1b9b6de8ea0c3b66e.jpg,0080
f6331762e2e346ee839d5b326573d305.jpg,0173
f6344a08087b45679fc7892616b5a97c.jpg,0360
f6379572ff2945e69efcd86d33a3c11a.jpg,0015
f6387e92819a4eddb7b160d0328c56bf.jpg,0030
f63a6b2228884648b9c40c722d23ccbf.jpg,0000
f63b8f62d53c4322975cc113ba6fd478.jpg,0141
f63c265958694e3d9dc229ec681a3698.jpg,0189
f63c404edd0b4bc39e0e999029fac803.jpg,0150
f63f1af00fb44745b5c4fd320f21a228.jpg,0013
f63f24af93844beca4238bf2d732c6bd.jpg,0161
f640cb975cd14ae991b71cef663289ef.jpg,0178
f640ffc342554b2bb084611395bc936b.jpg,0493
f6419b74013f43fd9f4509dfa5514ad0.jpg,0365
f641a1fd6adb4b95ae4f62054192d104.jpg,0117
f641fd7890464264978f9cf082edb5b1.jpg,0346
f643af99901c4f32ac59b8ec565bef03.jpg,0134
f6468ec11c964680a9df046770303e5b.jpg,0108
f646b0ee95b542b4bcb8e39ae0839385.jpg,0354
f648b519c2be422e91f5ba62ce84fa33.jpg,0425
f64d8b3985104740a9ad536cc70d3a78.jpg,0465
f64daead1ea546a8ab345a50fb2182d1.jpg,0268
f654972c0873434ea5e8b86a1ec94149.jpg,0014
f65ceeeb1b814af5811583e5e5ac1f5d.jpg,0281
f65ed3fce4ee449d9d4ed0f8d97e26ee.jpg,0426
f65f75b37ac84c25b2d8da5c11f866f9.jpg,0429
f6600393bb6e4a2599acdb5630745334.jpg,0179
f660ae1c795b42e6849c5ce3300b2641.jpg,0431
f66609fcf23946cf939f4a8b245dfe7a.jpg,0332
f666f3f2a2f746159d5d83c91737123e.jpg,0244
f66afd8e2e5f4ced93be1cf8db193cf6.jpg,0389
f66be45281094a8aa06da7dd36317d17.jpg,0228
f66de7cc402f4aa493de1dd3e595a2a9.jpg,0346
f670f829a3194874b94c0a56acf4966a.jpg,0475
f67416e40d404e2ba4a14a048f2bd8ef.jpg,0239
f67677dda27f4e58ae925063f84cb403.jpg,0063
f67af199ad954fe2a452fadce2ca730b.jpg,0001
f67b3858680e44669e08428ce7ca6791.jpg,0043
f67d4c483e9d47a18eccfe69c5939521.jpg,0399
f67f58a9af774615a2c1821ab6a37c2d.jpg,0322
f680bed3f28f45c0acc62edadca47e43.jpg,0475
f68164b33f21464c88bc4e46f8ba45ac.jpg,0223
f685552e82234e1f8ec8368fb5444e6a.jpg,0305
f68a16ac1a8f4076b1319de10eb4aa34.jpg,0200
f68c1803adda444c89a63999b6ff373f.jpg,0126
f68c60bdf55a46229c20a1ef9f4cb635.jpg,0035
f68cd2dac6b64171bbf62c4c0b4000ef.jpg,0381
f690c9f4f56d4a65aad8bb464278fe8e.jpg,0197
f69527bc9d0348469917e60d9fac1c09.jpg,0260
f6984b23130843329095b69058d822c8.jpg,0313
f698d839e09b41b5abbe449c5bef09c9.jpg,0122
f69b649e29b447dcab6af8578e3861f7.jpg,0278
f69c86cc541a4d7783aac8d1770d332f.jpg,0143
f6a28cd822084909bfb285274e092d34.jpg,0300
f6a66f35b3954522930caa2afdd510a4.jpg,0445
f6a6e374783c483bb5c1ed064a6cf496.jpg,0163
f6ac5d0003e04254b62ce0233a1f48d2.jpg,0160
f6ad7311e841494badfc134a09854851.jpg,0298
f6b087efc1054311b4ea883ec6e2b30d.jpg,0076
f6b1c5cb050e41c8ac4e09994c87faa5.jpg,0289
f6b626c2e3dc467787751c96d1e19008.jpg,0321
f6bb032f47804c4883116c329170a1c5.jpg,0279
f6bbe0d89d79496f8219e7bef938ac4a.jpg,0058
f6c191a7ac0d469b9329a56ce14cba52.jpg,0467
f6c5c48449204bbcae93eaa1ba722372.jpg,0097
f6c64b85cce644469574dcaf5bf3d1f0.jpg,0364
f6c79c70b5854e5b9fe110b86aaa3716.jpg,0132
f6c7c943c6904ec8ad2b020d3db39c03.jpg,0036
f6c875d8db85491a91cdab7901d8c518.jpg,0313
f6c89179057747d3a34a7a4350ea139d.jpg,0179
f6cb6d8b6fd64ee5906678d01469ff11.jpg,0434
f6ccf8b15d2a4039b29d2c61d698c226.jpg,0065
f6cf5544246d4d78acc8e131c56d4343.jpg,0348
f6d0e5c514104921a54fe96bc62fca9b.jpg,0257
f6d29f7cfcb6480493d660b0fafe980d.jpg,0088
f6d658001acd477d9339843e0096abf5.jpg,0002
f6d8ca92d8eb4b638273b1185c5533bc.jpg,0099
f6dd2e8b2d96482a915122f092b7be35.jpg,0074
f6e01c124f3c464187f112f975c7ea09.jpg,0426
f6e1cb8bfbad4c2288f0b4f613b28896.jpg,0171
f6e2188bccce4512b7c3ffd9bbbb21f9.jpg,0095
f6e38e92ffb346ffaf46f1b54a943f75.jpg,0397
f6e58fa6e48747bf9169aa45d29109ac.jpg,0146
f6f0cf7cda70484f877c111093e7c6ca.jpg,0028
f6f11eaf6fc4456e8df31582085b5680.jpg,0185
f6f2bac597e941c783ab2f708192501d.jpg,0482
f6f752136c384b5a9cb7189682a59344.jpg,0236
f6f82446dafe4a35a693128aead086aa.jpg,0247
f6f91fcc40d742e9ae23a1c9e0490f78.jpg,0446
f6fa3b98bf2a4bc6aabdabebfa09750c.jpg,0079
f70389cbd8224176a515f25f917a2c9d.jpg,0149
f704ed6892d849b3b4353e508012befc.jpg,0478
f7059e29fa4f4660a0049482d5dbc3c0.jpg,0273
f709e5fabb5c43bdb4f5997de8cce589.jpg,0031
f70a3011bc8c490d8a56b6848105199a.jpg,0090
f70ef3280c694fedb9fbb42c02ad8eff.jpg,0127
f711f3979ae94b78b37c18e3cdf13c40.jpg,0217
f7121f4019e9418e9afd2d8e14e63edd.jpg,0092
f713e3bd56144bddb93ac3cf02361a2f.jpg,0214
f7168aebcfdb448ebd5b9a3009c75e89.jpg,0373
f717056758ec4807895fe62e9ebe630a.jpg,0249
f71751bfaea44886adf0ed4296ad2b81.jpg,0251
f71ca7b83320480d9aae6e489452ebde.jpg,0426
f71cbafda7df4ce497e4206ac43c593a.jpg,0143
f7210f634b30447f97392038b80c309c.jpg,0123
f721d319b830491983de8e41721d5bf8.jpg,0452
f722740e50ae4ca391ed7e67284706d9.jpg,0291
f727e023fd48487db7c85e7e46572af2.jpg,0075
f72ad7373e7144fa8c555151801c9293.jpg,0062
f733129838fb474ab55713037f9f2b83.jpg,0175
f736409c99e94121b16a81ce5234f1cf.jpg,0143
f737a211044d4a9089c6dbf1f69c9c14.jpg,0408
f738ae89baa74152b931ba9f5e330755.jpg,0183
f73a23a674e046f5b5560f2e89ed5352.jpg,0159
f73ab3a6bc1741a1890b50537b6da54e.jpg,0065
f73f46219de94142b5e23e409d9c88bd.jpg,0002
f740b3ee9aef41d5b74629e2ca72f73c.jpg,0435
f741347b82cf4b44844cbd3cbb4a2b94.jpg,0341
f7420f4344a047ff868587dae2a135e1.jpg,0478
f74250180dac4f108200355cbdacec15.jpg,0003
f74497b7428b47f3897756c4b830dc06.jpg,0494
f74698a260db45319d2725e51c45a021.jpg,0301
f748f3c9d34a4d7db79e2bf00e714106.jpg,0290
f74a0490cc514db3913a254f3773296d.jpg,0375
f74a5d9089ab415a813c6c3e39473ba9.jpg,0201
f74a8eb8359a4669b46f29cb68217357.jpg,0464
f74d19b4521e41fd817d7e4f25dbe9e5.jpg,0009
f7526ac2ac5442a7bafd87f68c582237.jpg,0052
f7598cf7496e41ecb01ce5c93dc2efd4.jpg,0020
f759cd5331ac43d197efbc41ffbc96a9.jpg,0026
f75b0e81897d4388b5dd325fac0dc5fc.jpg,0405
f75b81ad66234dd5929fa7adf9d4999b.jpg,0297
f75c5ff1a9be42a0881ae77945345720.jpg,0325
f760b0e4eb394f2bae28102e5dddfbf5.jpg,0073
f76185f1397f4cfeaac6f1abc217c545.jpg,0410
f762249099c24b69bbb8a5d5d1dd7ae9.jpg,0405
f76281c11b7a4ad495776908cde66ba1.jpg,0469
f7635ec0dc744b359f631d2ffd7f3ca5.jpg,0148
f764837ca3df42cbabe7dd6920270d6d.jpg,0222
f7665f47157047b9a12c0f74f1953dff.jpg,0191
f767d2b884624734ac366112c3174676.jpg,0305
f76d7afee1e34dafa7b6d0ab768cf996.jpg,0245
f770afb22788454a8d3121f8d8ef6460.jpg,0063
f77600219f3747abb1f7faad435c99bb.jpg,0201
f7791301f1e44b3f80ac448af7b83b26.jpg,0003
f77932e70f0946c8abed68a19789babc.jpg,0232
f77abbb7d3b74ffbbf93ea2697aa5c88.jpg,0235
f77d31616cba46728daad40cbe022cb2.jpg,0245
f77ef69eebc54005b441348572e1b626.jpg,0141
f784e211cd47451e9091567d1c50f3e4.jpg,0191
f7884460f5dc4ea789c2fc4174b2a014.jpg,0140
f789f9d34042460b90be0a9e8705177c.jpg,0044
f78d0922c9d340f49cdb32d137b16c08.jpg,0331
f791375b31a843d19420914961f77c5d.jpg,0031
f791796b449d427aba880ae34e89c2bc.jpg,0061
f7935d7f606b4b6da6cd1747f03997c5.jpg,0041
f793902a732f491bb478223542e01c45.jpg,0238
f798caa62d4249e7a75fa045035f41da.jpg,0072
f79cf56dba2a46ff8c9650f5136fafc4.jpg,0164
f79da23247a84a5d83a29f8fb7625257.jpg,0053
f7a23afb04ea4dd98fa52773ee5b595b.jpg,0015
f7a256934e0347229ca07bd072695ea8.jpg,0217
f7a5148cf95a41ff87d655680d415ce9.jpg,0253
f7a5fa5289374270be3ce5df3634a888.jpg,0337
f7a7a57a39d54928a93c6c6db61513d8.jpg,0026
f7a84700870d48d5b782f157e7cca253.jpg,0452
f7aaa525f54049258abc9e056bed12e5.jpg,0010
f7aac315221544d4acaaceb2c4b28da2.jpg,0345
f7ac2ae1c2cc41c2a8920bc687bb80f1.jpg,0091
f7b01f4d49e143699d1b6cd8ff70a348.jpg,0208
f7b0453496c64cc8a9c63a262ea960bf.jpg,0066
f7b2d8007f7d48f4bb6e61a30176aa36.jpg,0316
f7b674aa5da74188a319d764fefe6caf.jpg,0424
f7b701c6a28d40289933b36a0ff013f8.jpg,0366
f7bc0480f6454055867d01c8897aeffd.jpg,0417
f7be31ef69874c4caaca39732c3eedae.jpg,0304
f7be91d1f1e84b04a1cd42ed73cb6ff8.jpg,0429
f7bf4bfbf48b488c9849f080082f3686.jpg,0121
f7c111e68b03410a9e0bebcd817f5e1a.jpg,0435
f7c2f4656ada4beba8ee228b116871bd.jpg,0454
f7c5fb92f9e84023b9d6ba53a631ffa1.jpg,0149
f7c6bab2866149bb8f5242dd1129b282.jpg,0450
f7ccb646de954ca59a70dc12bad5f654.jpg,0102
f7d0a454a6074ee7bf2a448d378b8db7.jpg,0254
f7d3393c350445b6aaac92d5c5d25aad.jpg,0393
f7d89629be6d40688b0fd1b040eaa1c6.jpg,0275
f7daa0e2012d4bedbecd9321e9bb876c.jpg,0253
f7dac1e4367a40f09a7975374dfee24b.jpg,0406
f7dc1518833a433daaf378b5e364e910.jpg,0212
f7dd486c063e49909c6a8a8f9ce3e4f2.jpg,0154
f7de823581c247e6b8468c6dbea68b11.jpg,0411
f7e0e9b7a1d94347a0c1fa6e30a4acda.jpg,0221
f7e355bc382241d4a30ed3e3ade4fed5.jpg,0407
f7e770b3ec81408bae194be5790bafb5.jpg,0399
f7eaa87456364c04a1ac9d567352d2f8.jpg,0022
f7eb098d3931450290c2485229121c85.jpg,0476
f7f085c877824dda9ffdfb5cbee36733.jpg,0436
f7f2e7d995754d15958ce9b07213b9fc.jpg,0094
f7f3aa2ca36e46f2a313e81dc361e958.jpg,0177
f7f4a212ad2e466fa6aba00d7eeb3865.jpg,0385
f7f4fc7a7b94494f97fdc32ad88abfad.jpg,0254
f7f8fb85b14348f9a92992678583fc1a.jpg,0043
f7faaa5ab4984eca8df6049bb55bee7f.jpg,0174
f7fff7db3a0c48af8286088205f607eb.jpg,0277
f801a585183b4fe6809e0555f8005f9d.jpg,0245
f80459e9445f4ecbab906745f49e1f5d.jpg,0033
f805d7da500f447b97337d0c17a903bc.jpg,0197
f8069446479746b795a18ceb2b1cc47b.jpg,0004
f80bfe8ad65b4455910047133d19c642.jpg,0357
f815ad2067774b098830b92909cc86b7.jpg,0333
f815ebe71e1a4c8696ebe05c39ac14c1.jpg,0369
f81e18e841a1437bad4d85dd6d509c10.jpg,0379
f8278785792d43d0af79e6b22d76f687.jpg,0422
f8293416dd0a4a4e9cb1204c01aa91b5.jpg,0055
f82a95462c154f989388c463cb466825.jpg,0479
f82e334a87c34146940ceea7e2e74f43.jpg,0067
f82f3c003b9c43e58e553663bb467739.jpg,0322
f835c131593749a1918e55a363bed298.jpg,0457
f837aa46db2f4d568487796a62945ca3.jpg,0396
f83b832521a34bb0b97ff344ef500504.jpg,0309
f83c73f00a2d434697525fb85bc7825c.jpg,0483
f83d8fdc4e644114b1ad31ccfe664405.jpg,0068
f83da499a52e418f8dbd02f61663cc91.jpg,0085
f84300f92128439689778f6cea25612a.jpg,0081
f847d36a296143d4ae5815ff8ac54b95.jpg,0397
f8494b38494a4b51a42098f0c9129dde.jpg,0016
f8508395e6984680aa567d931b733c08.jpg,0343
f8523f1d73a04692aa76bc5bcaa99c2d.jpg,0068
f8544e20d9504eed869508ee972dc7d8.jpg,0495
f8574a9f9d0e4ee1974650ab79b06ce4.jpg,0027
f857ebb846fc46c89458f1e378b10099.jpg,0145
f859cfbaf86e439384f336ba62677d8a.jpg,0284
f85d09e2b72c4fbeb410f1bcba2a33de.jpg,0436
f85feb683fe442aa940c26a1dc4972dd.jpg,0381
f862df9f56d244e29c9cfd77207e4ae4.jpg,0497
f865945479a1462f9f7b348b4144562b.jpg,0023
f866f88cb0864333a65f544b88c00d89.jpg,0084
f86a572076344f4ebdb4f6d5d04a8834.jpg,0051
f86c5eff38024f6eaabd27effdfb7d86.jpg,0477
f86ca1941f1547eba1391625ac52e9cc.jpg,0122
f8701f6325b04981a787730305ffd3a2.jpg,0395
f8711a27151c40b1ba9e5d5ec0f3313e.jpg,0004
f872da9a121040718a4d888390622e86.jpg,0180
f877ec5cb6714a14a17f764aa7be9e10.jpg,0292
f8783538bead4b8b80e4a86a9b637879.jpg,0305
f87a848e52344ee3be61a4970a1cb840.jpg,0143
f87b3f3633ed46dc80d3d826315aa160.jpg,0022
f87d43d6b6a44313af11905fb63d695f.jpg,0015
f87edbb059e34ece8ddadf494c7d9e99.jpg,0485
f881f5a559e94a3c9d76ffe8a066b10c.jpg,0412
f8827050d18f4932b4e8772fafc8999d.jpg,0328
f8835285114e4e60b67ac8ca3296a677.jpg,0159
f8846b5161d1438b8e0cdd7901b6bcaa.jpg,0412
f88871a48c1c4eeeb2a6de1cfefc3891.jpg,0066
f889588750ab4896b8144e0471879615.jpg,0057
f88acdcc6ae7493aa20a6067436a4724.jpg,0017
f89211ef65f14efda5552b625f8e7689.jpg,0094
f89615072f31431cac65f8ee8418d7b6.jpg,0476
f897d877d816441785adc35a60eb6c82.jpg,0223
f899b28aee474255913a3a1b16c45cd2.jpg,0056
f89e50cb952e46afa476ef14689e7176.jpg,0262
f8a8431be4814598955599999972d097.jpg,0402
f8ae0e7a9c7b4003891090af648b225a.jpg,0137
f8afd5d68df4458692a4777270cadac1.jpg,0077
f8b01408e4534c859e99b89c61842df2.jpg,0357
f8b31f2936c74a47aad61ed42d5efee6.jpg,0157
f8b60efc7ac643f39dd043bd6abf3946.jpg,0065
f8b78348265a45c48ef317b31130a225.jpg,0428
f8bc621d5df34c3c85f9e316ab0d6080.jpg,0330
f8be5abc4b6e4b7ab288b2c753034c26.jpg,0402
f8c17ecad2664829b4f4abaab2eb26b9.jpg,0479
f8c1b77d91ec40e8920a00a08e85cd3b.jpg,0309
f8c31f4f4bd342be992f3a8f6a699c6a.jpg,0467
f8c47abd95144f90a7b2f5b4edc25567.jpg,0302
f8c4ed77d05e488d8f9bb7e538f2ea77.jpg,0041
f8c51cf5d080479f86a636320ff24cd2.jpg,0278
f8c5fee8c9014446abd57f020bf404fd.jpg,0433
f8c69343de6547799578fb775ea01758.jpg,0401
f8c9b85080f04159a2ff7d38641888c2.jpg,0239
f8cb09f8ba234ae3a08e5cf5d5fb0de1.jpg,0004
f8ce5cb1650f4a659f6ed4d000f0b4c8.jpg,0132
f8cf2a40ee9f474aa3fb58044115223a.jpg,0347
f8d2aaec66e148d099de40178f20d749.jpg,0492
f8d2d96af5114a3691e9ed001caab5da.jpg,0362
f8d7c1d6660e4a7cba9b8ec6c29931e1.jpg,0395
f8d93603cd924a129928ec2e85b48cb8.jpg,0321
f8de62c8e83c4df7bbc34fb0d84fc9f3.jpg,0408
f8df17dc8c1c4088b325bf2db381823e.jpg,0067
f8df93ad324b45b3aef61dabe61b27ab.jpg,0215
f8e23535140d4572a768ba4645ca5e3c.jpg,0180
f8e2d9b5ef95454b866b48dc88d62ecc.jpg,0287
f8e4022ba5364fdca002d0a4bafbb8ce.jpg,0353
f8e508fce6004d58827f04388b3afd5c.jpg,0188
f8e80a28c2ee419f85cc60587837cc32.jpg,0454
f8e9840872e74d71b0cf97c21dc8948a.jpg,0083
f8ec44065fc84dd39858b68592e458aa.jpg,0341
f8ee68523de44013baf2cdbd8d61ef76.jpg,0229
f8f05375ce054cc2b4d55c37000b6f21.jpg,0171
f8f2100646e04efa8d555c046b4a2af1.jpg,0343
f8f69c567be246fe9f7f51f0b6f34663.jpg,0380
f8f965b098b549eb8b1c505180ca2338.jpg,0206
f8fa1b9cce054a68b661dfdfd10ee0b6.jpg,0442
f8faaef3a9714151bc7bf20144b29be4.jpg,0244
f8fadf80041c4f53acb02cb157e3ff55.jpg,0319
f8fd36f9277448d281733ec0b7fa2538.jpg,0319
f8fd43e0e49c49278285ad5e9b602a2d.jpg,0417
f8ff5a49e2e44f208038f019833ee158.jpg,0064
f90091355acb41b49a98c6e9f38e59df.jpg,0236
f90157e0ccae44f69037adddcbb9b9d3.jpg,0189
f901e412393549aa87904bfe83abf524.jpg,0223
f9033543898b4611a8368d8a9414322e.jpg,0380
f9048e18c8864cd6ba3cff9d123fc197.jpg,0121
f906c0bf107641c4960d5bdf51270665.jpg,0107
f907e1f91f524167b6c4ead20e7b5693.jpg,0396
f909e180793a45a5a3632767b14c5871.jpg,0349
f90f4f4f0a3f4a3eb7e259ccd93f560c.jpg,0012
f91130137aaf400e8c8857c39ce0c572.jpg,0151
f9124486e7c548af9f10519559bd4e13.jpg,0226
f91389597389498db58cf3064b719a93.jpg,0015
f9177dbcb89c4f4fb9ee5bdaf0c99534.jpg,0318
f91875e779e847b1adb8675cdd6691ce.jpg,0418
f91c04dc9c8f4c8488e75bd25b3cc965.jpg,0239
f91d80fdfc6847a8acf1ee75b03bd443.jpg,0210
f9272696ad0b48a8a36cef2c1f6650da.jpg,0083
f9293ade04294a3d9cd56c27745e5472.jpg,0389
f92b140c9993453e952c22c4af2c5094.jpg,0430
f92c5b6750614cd089e67c28a176a266.jpg,0165
f92e072da8a641e5981346db209f8818.jpg,0414
f931cc9a38064514bd2add14f7d3803b.jpg,0467
f939069b85604955ba98c74ca74ef977.jpg,0465
f939207688af44a0b05ff4ef9640e449.jpg,0239
f93a2f187af74bc986988634efb6f715.jpg,0083
f93c5bb5fc3c415182b2c11dd3f91c77.jpg,0350
f93de0fc2a5a4cdfa2e3459b2d4ad228.jpg,0032
f948ec90ee944943a651fcf2ff903279.jpg,0176
f9491e6116a846f7a6c1bf1fdad95ae6.jpg,0031
f94e71b652c249cb9bca1caeb3e2f251.jpg,0457
f94f6cb8dc564057a7d9eed6209b3d3d.jpg,0230
f94ff617038e46508a8abe488b939c03.jpg,0210
f952be7d87414812b63021234c0ffdac.jpg,0230
f952f7afbca4460ca3c0b8b0bd7e4b78.jpg,0185
f9531220646d48db8f38bfe732ddd36d.jpg,0208
f9581f6f8de747a286a6de850dc8c29b.jpg,0052
f95a3764b7d5413e8dcbdd878dac453e.jpg,0023
f9610969a7b04d83825f40a815a0a891.jpg,0291
f9637f8f4e774d658e137095d5e38929.jpg,0056
f964923124324dcb8f4999d92b4dc773.jpg,0168
f96641efb9004e948ee68b8c82aa8e9d.jpg,0261
f966bc41ed5f4cb9bcf06ac298a4c42a.jpg,0413
f969afe33eb8439db0960f1ad8a5e4b7.jpg,0226
f96b09050952442a9a5af51b36e5042e.jpg,0342
f96b93fe992b413da29657b44a69572a.jpg,0276
f97507406b3641b79e762fb9df6e0ca8.jpg,0359
f97657763bd949dbb2c6151402cb2796.jpg,0108
f976ad37770f448c8c2c66ee2ca2d1dc.jpg,0011
f97a74fc0c2a4cffb30a451dcd2480b5.jpg,0089
f97db81694f94c89918589220a38e08d.jpg,0394
f9804b5430b7444e97df63d3cb39e0b3.jpg,0153
f98304e54ef147d9ad98001cbed71122.jpg,0104
f98a497da3ff42ef92b49538de035edd.jpg,0356
f98c5a403b1343f8afd2820b7fb7ea52.jpg,0342
f997944d160c436785dac2ec1748f015.jpg,0486
f99b6fefe5854ea1ae83c68f7837d712.jpg,0450
f99e9dc6d7004f378c12f45faa690c0e.jpg,0375
f99eb73327954a93b1f9f0942a8cb054.jpg,0183
f9a4937158b240a4a93fc475852bdb26.jpg,0196
f9a49d1245eb4c2dbd9171f42820eab8.jpg,0107
f9a63764f0e74292a2c20ce58c6cecbc.jpg,0262
f9a8991d72b74bfd9a2c8de2acbe1861.jpg,0256
f9a9628c277643148fd576f2be77af3d.jpg,0297
f9a980f59eb548158cd60b6d4c27faac.jpg,0498
f9ab3c5f7fe0427fac7e92b634cb719b.jpg,0472
f9abd20b02504f1cbee838292acbf028.jpg,0497
f9add9af19c84940bbafc17c01da066e.jpg,0205
f9b2bdb075274c38b202e8438ed0c1a1.jpg,0046
f9b316c95b3949d5a5aa5c2aefe58358.jpg,0451
f9be069403e1427ca0f15977f7de715c.jpg,0257
f9c21ea89b334e34bed7721ac0f74b58.jpg,0386
f9c267f66c35469dadf9880696517b93.jpg,0271
f9c39591eaf64f809b5db7f5fc8a64a5.jpg,0270
f9c4e6ada35b46ca9c580e3142f1e7c3.jpg,0077
f9c68b178d9544eb841aed60ac491b3c.jpg,0294
f9c91039d62149d9a61a3a30783af12b.jpg,0302
f9c9dcb62a704a75aa630131172c9c6e.jpg,0300
f9ca1eab35a4494ea92acf79e57b4813.jpg,0131
f9cc92d9209f44319ec49ea47682fbc9.jpg,0429
f9cd81963b8c411ab923544da1d02cbc.jpg,0055
f9d04e9ebce14003a3c449ebba1d0268.jpg,0318
f9d0dfee9df44e309af9696664ab8591.jpg,0271
f9d21e6d9a62486cbb2049b6ffc208e4.jpg,0009
f9d588c9c9e642c3beeb68575220e490.jpg,0055
f9d84118a0f94dd3b96e5922aff69db1.jpg,0044
f9d846ceabf24031ab022fcb8f03266f.jpg,0238
f9db3e99e1ec42fdbe1930a47ddd5933.jpg,0117
f9debf065dc24f1c9a064e409ec7d364.jpg,0473
f9e66d5cf24a4bff8142cf56f71fabb4.jpg,0376
f9e6a6c7371348728b6e2b0ed09d5110.jpg,0297
f9e6f75ee52d4aa4ba72af34deefb9ad.jpg,0199
f9e7585901f840fcb9905c5203d97ada.jpg,0269
f9f212c6c20f4ef5aa040d98e43a358a.jpg,0232
f9f2b86a07cd4f5f817d0235fb1ac940.jpg,0214
f9f46a9da4fe4e41ba4ac86edd58e6b1.jpg,0289
f9f85103cbc9453a995e0f83aa8caf38.jpg,0421
f9f8a5fefc2c43a79cf8528866bc6a6f.jpg,0001
f9fb51ac29334730b0bad8e971332bb5.jpg,0317
fa0154b886bf4f1f862dd69d99bf88e4.jpg,0004
fa05972b3ecf4a5c886d6a039f668865.jpg,0330
fa05ad069c21496192574aa762a8a50c.jpg,0380
fa0754d8985646bda3826ce93b694a76.jpg,0459
fa0bbb5eb3374edfbf2bc525012c7171.jpg,0194
fa12cd66a0bd4b97b6bdd6ece6459cef.jpg,0233
fa12e2211544463fa3964ee8b770c0ab.jpg,0136
fa12ec352d224993b3216eb53947d631.jpg,0461
fa13e55e5ecc4ba49d71cb33882d0a74.jpg,0350
fa1673e572be483f9ae202d734d8f15e.jpg,0022
fa171e4c25004db99893a644f56c8440.jpg,0045
fa18f9ece4744d6c9ffc55cfdbb42218.jpg,0272
fa1f4a7cbe2f446aa246b814eb2a9f28.jpg,0479
fa221066471a4ee79668ae6a59ae614a.jpg,0490
fa27940b232043e99cf788171cd1eda8.jpg,0006
fa2ba48d998e48bf9b1487b5293ee525.jpg,0457
fa2fc2db9e8c41ae89fb0e68d8b2da4b.jpg,0043
fa30889478e94bfaa32b17da7638d48f.jpg,0295
fa33333c1fe24e0abe435f5bfe875ca4.jpg,0150
fa370ac8f22f4f04b9f7c8c30d016321.jpg,0392
fa3cf4bbb0764ce3ab6f27dd510a40be.jpg,0353
fa3ecef9dd47434e9a63e181da3491b7.jpg,0337
fa4089291c0c4d8dabe201cdee709228.jpg,0122
fa41e8a3774d4c67867ca367482da977.jpg,0014
fa4212bb0d1d4e85ad0a8eda18518d8d.jpg,0377
fa4229c53c1d420e95fb699678c2c011.jpg,0092
fa42c1f57ddd484dafd8d1fa6b8897d4.jpg,0366
fa4468b3dc224649997e17f3b55e5071.jpg,0243
fa454778f9c046b6a0c0cccfcd3cfe9f.jpg,0165
fa4783b31ffe4fbd89430592cca78b63.jpg,0075
fa48b364b47645f3b8090553f0ca1add.jpg,0328
fa4e4fe5a65645ca8481e8844432a85c.jpg,0293
fa4ff209b98f4428a9d0f7998c105950.jpg,0136
fa506eec38ab4b7499b76f91068d3892.jpg,0150
fa5b415741364810a212518420917004.jpg,0129
fa5f66a1c8ef4e20bd48c060023a9f58.jpg,0407
fa626efcdca34a499aff0ff7d5a1bff4.jpg,0357
fa6bed097b5c4d8bad1309cbaa7ced35.jpg,0043
fa6cf76d086b412bb7a3ee44b2b766b3.jpg,0359
fa6e104158bc493eb4a096ceb2c1fc57.jpg,0101
fa6fe9cbc9384874bc9fcb8854850bed.jpg,0262
fa78555274a847ae8a3f7bcd8c5b933c.jpg,0136
fa7abbf7ee644776b9df20731fdd467f.jpg,0310
fa7d5057f0ea4a9a8bc2ab40d7a9dc33.jpg,0320
fa7e651f6bbf4bb3bfb222ac562f24c1.jpg,0172
fa7fce87310e4ac380b141aaf7cf95f5.jpg,0392
fa823e3b67a44efe95473e1febfa5edc.jpg,0401
fa827981c65a4e7cbb2c2cf130f22bd4.jpg,0076
fa82bbf66c1d4a5e9b56c8d32eb6fa7f.jpg,0200
fa8325c758f44b7bb3ca05d9f045df90.jpg,0411
fa85a17eb96846e2bbd380451426565f.jpg,0408
fa86845e0c9145c0be29f3c5ba8c1196.jpg,0442
fa877704602d4a21922758fb94eb98b1.jpg,0019
fa884c13e7f24353961a8ed994d4ddbf.jpg,0125
fa88f2321e624328ab0fc5e5233f8f59.jpg,0135
fa9551a7c1744d34ad6c3f1996a9f881.jpg,0275
fa97d0bfd953438c9859374e8ec1be82.jpg,0147
fa9dd053830d4927b8d6730772676a6c.jpg,0108
faa03b010ce14c86bc6dcd536b8ab8a9.jpg,0068
faa0d3eacd5e41ac842f64d269400a7a.jpg,0350
faa1627b05cc436b81816d819655d627.jpg,0278
faa21065b6684f7d94b0a115a6bd9845.jpg,0073
faa4e9d8a0e546e393fba81ec2d4ef9c.jpg,0233
faa99da617814dc8a3e08f3ac7fcae8c.jpg,0206
faaa82c8471b4aacb70b046ee3c6ca4e.jpg,0478
faadef75c0934419bf141fcd218733f9.jpg,0154
fab4fe87bc4a4f8881001749f9d87cd7.jpg,0236
fab86bc1d1bf46c795afbf2880ca5440.jpg,0060
fabb2668c6ed4265bd70e3fb3879583c.jpg,0478
fabf1467815742f49520d9768cbd479c.jpg,0150
fac45ec25b704dfa90448c9f4bcc8b01.jpg,0410
facb7a06e0984d1e9c90b49e09af3995.jpg,0348
facc91c22ae94b108f49c7a73f9cdb3a.jpg,0149
fad002d3d3b54113be9f4fe836e7f9e4.jpg,0270
fad1f6e213f44d5fa8a50359556ae1b3.jpg,0024
fad28fb8e4c94f0093517073c2a310e5.jpg,0114
fad421dd37a04737b1ef5ba4d893e47b.jpg,0451
fad5f3ae11db49618bba7a94713532d9.jpg,0490
fad67d152a2646b3b75813d1e837bafb.jpg,0220
fad86c1cfd2b429a8d84e8caee069e43.jpg,0125
fad9ae66f72c44978e9ce0ff39fb0ee0.jpg,0164
fada2964707845098fbaab400ddc50ea.jpg,0084
fadacbbcabb04e9f83a8ac07e98f4af8.jpg,0088
fae1d8a1c5d74ee4bc3219e984bcc35e.jpg,0490
fae2f57598fa4ea9bcdf37f4fb1fa273.jpg,0472
fae70672956c4af59938e36ddc097ce1.jpg,0267
fae9a24568484ac88f123addee36f6a3.jpg,0065
faef6000642c4f87974743439575341c.jpg,0263
faf08e88e37843d69381b7ba05cf3969.jpg,0428
faf2b356684342e6b082e58159b1d5f1.jpg,0143
faf903df842c4ec09eb23f1b6de577e4.jpg,0349
fafe94ef85254fd1a05621c9a189955d.jpg,0390
fafff50394ca479bb98771371d504fc3.jpg,0325
fb00ff4b25e44e53a653b05673b9fa3f.jpg,0111
fb03f6f9309f4183973ee680b5a257ed.jpg,0475
fb042a0a1d794a63b2a0597d91140898.jpg,0007
fb07625a7a074575b004adfdeb335e89.jpg,0486
fb07cefd50cc480c904c845adcc14722.jpg,0428
fb08d304ffb14eb7822a016ae3a1d8e4.jpg,0397
fb095259d30b4aa189d0704c9cb9aabd.jpg,0226
fb09ea2b1ff34eedb507df655f003562.jpg,0296
fb0d87acea04416ea894d3b94506de19.jpg,0147
fb1889b534cc4f62b98e68af3f9c4ea2.jpg,0151
fb20a84b9053479385771148dcce394f.jpg,0318
fb20cc2ffdc44ce78705f3eceb37050c.jpg,0366
fb22122f89964960bed38aefaf724d60.jpg,0138
fb22786dfe0242258fb332d2ed0d968a.jpg,0188
fb245d1ecf73402fb23dc8d7fae57bf8.jpg,0063
fb24d90421ac4f60b4b9c8227f42d830.jpg,0064
fb2854eee1ec47cd8ba2cbd966d9ec74.jpg,0325
fb2b983c2dbd444499f34bcff36eb80a.jpg,0147
fb3178ebda504e48a3e05f1528c25bb9.jpg,0278
fb3268335c794ce480908ba6686b1b1b.jpg,0342
fb3d62fd6b0b4938bb8d2f5cdc7b57c8.jpg,0465
fb44b8f1afa345428b7139f876036b52.jpg,0280
fb49b5dd75e94f229e7e3cb26fd7202c.jpg,0073
fb4a3f6eaaac4bddb12bf28d7b36d22f.jpg,0394
fb4a50f1cc054bc2ad668bed6bd7a7de.jpg,0243
fb50395271bc4511a3d6f2e83f7737c9.jpg,0046
fb51f8d8a812445691dcafa7215d187b.jpg,0356
fb555ec875d042b7bf0f3cf63b900cb5.jpg,0339
fb595129f1464435b43259d740d193f1.jpg,0172
fb5a1581d4824b4393d62b6479f15838.jpg,0029
fb5e58066dbd41caaa65244597f25dab.jpg,0061
fb5f6863deee4758884beafd8c10ba58.jpg,0176
fb5fd0030b7844f7861bd050fd948d44.jpg,0297
fb64c1027eae49de8bd9da6255c46a66.jpg,0206
fb65ee2ba3ff47329f9b7219d056f49e.jpg,0467
fb67e2d232e24a50a2df257c35f6f03f.jpg,0223
fb6ce2064aa84bb59d35600175ce76d6.jpg,0017
fb71ec3792b7467b86955f43575e490e.jpg,0055
fb77f9de92e04c148b72fdc79a8a7fcf.jpg,0170
fb794a4f75d54630a4066be898d0edc9.jpg,0094
fb7aec85b12042a88de8074bd1bc2523.jpg,0087
fb7d70cfbcb7427c9a53f66812e1a205.jpg,0052
fb81209920464024a1a7beb7ea1ba9b0.jpg,0253
fb8149e2c659496dbe7d547214f83e72.jpg,0172
fb83a3c32c16421994e0cb1659fef89c.jpg,0429
fb850254af5648c5b38687bb40a6a6fe.jpg,0204
fb855fbd73144eb0ac2f5fb195d4ed7a.jpg,0076
fb87a735994245a78fd7915238bdf742.jpg,0186
fb88e2e1a1b540b3aec80f875c4c6eed.jpg,0219
fb8ac3b557fe459388730733e95fea8a.jpg,0419
fb8e8fbda9464ea09e12581aea114ae9.jpg,0072
fb90902a58c94d4f877b6f8dafc57d86.jpg,0176
fb92fa674f764861a87a61e0f3b5cc45.jpg,0495
fb93d7be6e654a3387ca47e47622f6c2.jpg,0431
fb9ba0a0f8df433f9a8bd9b43db3eb3f.jpg,0410
fb9ee219a2ce4db2b6b24a853dd6a74e.jpg,0146
fb9eee3081314f10bef232dd8ba4e979.jpg,0065
fb9f7e97a36d476eb3bc804cabdf2767.jpg,0418
fba52576e36a43fda124948dca4af320.jpg,0047
fba5d6dde9fa43d49076b1dc4eb4bef8.jpg,0334
fba84baf29bd4c5993bbe31aa36590ca.jpg,0164
fbab39a2e26f4580a94c5da5b731a4cb.jpg,0204
fbb2a7f561ee414fa24692275561f25b.jpg,0321
fbb2b5d83955427dadbd9b0794eda1c9.jpg,0454
fbb78448494a47be92f28b1f41798252.jpg,0326
fbb78a6d86a04fb9adc497c3c15fd181.jpg,0323
fbb95a7e496c49eabba9cec6e0a0d456.jpg,0386
fbb98c11d11447b3baa745d7e4cec9d8.jpg,0150
fbb9c86ef92a45cfbae45072f41405d4.jpg,0019
fbba78d1cdea4136afaf4f7a309fb99e.jpg,0361
fbbc5481c1444c5a9884c862ad703278.jpg,0482
fbbc9b42fe03491ca9ffb25f19bbdf1c.jpg,0136
fbbd8eab4fbe4216a9bf1e66b04c3728.jpg,0043
fbbe5461cdb640638f5624f321769e67.jpg,0333
fbbfc099e53b4053aa8dbc468f567eea.jpg,0104
fbc418af7d2e466383456346ac981ed5.jpg,0194
fbc9220720864e1bb86679f6b3b98092.jpg,0430
fbcbe03324ee41098381ed099a1cb9b4.jpg,0226
fbcc89c3a59e4b02b773cf55b283849a.jpg,0375
fbce75ed62d542ca9e39387afcd3e250.jpg,0390
fbcff68755564bdfb5315a5641c05dba.jpg,0296
fbd0fa95df2449c385248ed3112e489b.jpg,0263
fbd503189aee49b1a6003d4cb76f7d18.jpg,0175
fbd6e842768147b296204bb9c913066c.jpg,0058
fbdb0920e89846bb96b8fc664abab741.jpg,0321
fbdf5b8ac13c4441b80e01fa42629dfc.jpg,0020
fbdfa487f2a04e8fb426c46d95ada3e9.jpg,0380
fbe5a1a6135d4dc18954e0dcf12bee93.jpg,0117
fbe8186016684fd3ad739038bcec8190.jpg,0335
fbeaab7416b04e1a96168e62682186f8.jpg,0321
fbebc0e120e542c196b6a959cd1f11ce.jpg,0328
fbebf79e82fa496f9306da3106b34149.jpg,0475
fbec8f98f0e64062bf0d807aada9f4d2.jpg,0191
fbee1ec79ad04fdc91837ed36646491e.jpg,0081
fbf05812d6b041d1864bfdae91ef2882.jpg,0252
fbf07fb30a7445faab550b609fcab0a3.jpg,0187
fbf1ce7a644a420da332e810987465ef.jpg,0009
fbf28f62e7bc49eeaeda2f5c557611c6.jpg,0065
fbfa1b21c236472ea316ec75fd7faf38.jpg,0115
fbfb1aea9f86425bb3b4befa48d83a42.jpg,0254
fbfb1f64ab054805bbf8b829cc4d2e9c.jpg,0268
fbfb4c7f5e7a4ab9b3c36987b7360e1a.jpg,0254
fbffa03e728a4cbfb60f27d12124c822.jpg,0007
fc0413efc4f0428393a0e29a8f058375.jpg,0093
fc079b81e75c4f6583ef8cc140cc55ed.jpg,0426
fc07f8f3c4ba448c97aef843731d8aaa.jpg,0211
fc087baf79ed4112b9bdc2b0aa1fe4e1.jpg,0454
fc0e61dc51f04a22a5c7c2deba4efb17.jpg,0295
fc0ef69f44864ce39170a6a34cc1df29.jpg,0404
fc0f7720e5bc48a1a7a03639ebd661ce.jpg,0359
fc111e11085644e4bc658465fb17c9ed.jpg,0346
fc125798ce5648ec931d06e751db01d3.jpg,0260
fc14bfdc93654bb19c0356544099b5b1.jpg,0323
fc14fec44a1b47bb87cac01280796d40.jpg,0202
fc1860d8ac71415d89370a9c2980861a.jpg,0294
fc1939f009e043828e7ae288718da0f5.jpg,0183
fc2127e4157a48b8a4581cf2fe0cf950.jpg,0362
fc27635efa014eef946062843f83f8b8.jpg,0258
fc2ad08e8bb04657a740a6248cf1ca88.jpg,0115
fc34ad527fd94915a9326defff986e2d.jpg,0343
fc38d0a8818c42438f5470997a63ddee.jpg,0196
fc3e24d076004ff3aec5872888b7cfc9.jpg,0155
fc4555bb7a41406eabe0bcaa6549fba5.jpg,0181
fc45dff70f604d998332a4351656b5fb.jpg,0335
fc482c30fe8249dca3630cc5994c08ec.jpg,0013
fc4a3a1998fa410190412bc76464e727.jpg,0204
fc4a6cb09cb94a1683a0f3094c0505b6.jpg,0374
fc4b6fd261164ca0bcf086f3cab290f1.jpg,0331
fc530f3fe4954568b4fde3d4df0503af.jpg,0040
fc55e14086fc4f43842e59c8dd21db84.jpg,0349
fc56b7a1488947dbbdf2bc2c46f9cb8b.jpg,0369
fc56efaabd2444cd881c49be500d45a0.jpg,0309
fc5cd2231ef74212bbd7fcde7c99620e.jpg,0185
fc5f671131ea4c2d87216fe31637307a.jpg,0181
fc5f92b96aac4d4d80ecca0c8d236f04.jpg,0418
fc60ecf23c4247f5a308e9e1c9185c3f.jpg,0059
fc6155357911421981b83909b0daeb0d.jpg,0402
fc61f44fa17c4faebd790b43e0b3f813.jpg,0150
fc62e448e9cb44cca0207d1fde3b3344.jpg,0392
fc63246043a34dc9b0bd9c8001ba438a.jpg,0016
fc652e4a477f48f1923d1c2ff77addb7.jpg,0280
fc65e8904c964d7eb3e891d6274cd9b7.jpg,0072
fc6b1242f77941929e53bf1435bd883f.jpg,0401
fc748e94f5f341b8a3296595ec0a7eea.jpg,0054
fc77bcbbd7a44263a2d922f8d21f5bc8.jpg,0041
fc7892d0054c488aa64a53bd0f51ddea.jpg,0208
fc78976ccd41446ab110ed210b0d97ec.jpg,0203
fc79073dc5f042e295f8ee62ff0d662f.jpg,0077
fc7c64ba102145d499ba99cc6d8f6e5f.jpg,0123
fc7da51fa2c545acbd4d8c8fe3f8c6b3.jpg,0374
fc82845548ff409b8ca3417d9d0e695f.jpg,0362
fc87278057e1455bb5726983d7db1a75.jpg,0183
fc87987b75ea4a96a755a3a6904371cd.jpg,0315
fc88747cde404be1a22133b42c7c9454.jpg,0218
fc8978c8f95646f9a69b1bec910ef2f2.jpg,0167
fc8ab3ad9a8b4ac299660e733b92d674.jpg,0324
fc8ac17869144fc19d864ac06ed1f05b.jpg,0053
fc8c126e2fc242f892c3f7f4b00ba208.jpg,0188
fc8e1069bf9a4d7e99f1ec0a969d12f5.jpg,0007
fc91352021344dcf81ddd318c1570963.jpg,0124
fc92c0efb9e9467b87ca4af1afb45634.jpg,0400
fc94c5e59f1644c2919c8ed962651d8b.jpg,0148
fc95245ce49949478edb7601787e9da0.jpg,0487
fc98827695b14ecba185cab5c370f7c9.jpg,0284
fc9abafb860442198cde4ddebcbcbf85.jpg,0451
fc9c416c750441e6b183076d098b9757.jpg,0259
fc9e38672675444caee433c8a8752adc.jpg,0127
fc9e48c4594a4900a24bd3eaec9aad54.jpg,0237
fca0df971d11483dadc5a7f880e589e9.jpg,0273
fca1e08589814694a257768e93b10a33.jpg,0407
fca9fe3bc7634ba9a9ebe5fa63b6f98d.jpg,0351
fcaa10a38c734891b26c60b52cdf6d91.jpg,0183
fcaa59aa9c2f4135856333fdadf5f916.jpg,0078
fcae725a92c4491e8157c8413c644eda.jpg,0499
fcaf2bd809834692b89e189c51400db6.jpg,0013
fcb2c20f39844e3ba2a2938b6e925b93.jpg,0461
fcb692469e8b4aa6a3d5e55400372e32.jpg,0133
fcb8472a89b043b4a1453078ef3ffee8.jpg,0269
fcb8cc373ad643f38ef83be48cc0b383.jpg,0383
fcb9f7269b5442c88ac88c6469802558.jpg,0167
fcc2a9d0fc2640c0959f0d10ff25a3b7.jpg,0065
fcc4e74151754316b64e6d90633637c1.jpg,0042
fcc513ef8d8f4f8f9d14681d0e40c914.jpg,0425
fcc7efe89d494717a7f43d209b6cda68.jpg,0418
fcc88502496341d990913e4a2165a65b.jpg,0041
fccc8bff97b843e6872eee774d8d7196.jpg,0268
fccd341eaafa4ec0973322a00158ac75.jpg,0437
fcd1ed42bc9c47159fd9bda5e455438b.jpg,0466
fcd31c7d116a40c9ba88877b645efc4c.jpg,0387
fcd9506d4e394b2aa68e590e749f71ad.jpg,0095
fcda1c7c880a4dc0bf217bdc08327d49.jpg,0120
fce1194c88124591943e4385331c31d1.jpg,0128
fceb2190bed545c28f54d85c5180a376.jpg,0071
fcec3797451844508dd7af0cc4541931.jpg,0476
fcf08fd5f2dd468cb0edae9274463b8b.jpg,0184
fcf0b874a57442129e642174fbbadfbc.jpg,0070
fcf37654061f48c7b09388ea399d19e9.jpg,0047
fcf745efb74947f6a44f063570236cb5.jpg,0055
fcf9fac662e44d36b5c1ed78c4279a01.jpg,0403
fcfa583be14f40fe9dc762f820b64014.jpg,0070
fcfc6574611b421e98f2c27faa8dc7c8.jpg,0363
fd079197976340feb0fdfb1b88b05b25.jpg,0286
fd095ee216c249e392470494087c3d05.jpg,0445
fd097e0d87f7455b86bf3194e2045dc2.jpg,0267
fd0eb1d2a20045289dfafd17eff18166.jpg,0218
fd0f075319a9499db88841327c29f3c1.jpg,0196
fd12341e60f4442caa8bec332e2ce936.jpg,0009
fd1aed64edde462b90cc92eacf1200a6.jpg,0356
fd1b2e17d4e146368f65395a6fba006b.jpg,0462
fd1d0b1757ab4f09ab138b8364a7b16c.jpg,0405
fd20b4b4819d41a5a94ee1975688240c.jpg,0150
fd211e9ad193401d855260fa6f5e68b7.jpg,0248
fd26b29f63be43168253f2c1a6cc223b.jpg,0262
fd27bc472afb420787890749a7edef6f.jpg,0427
fd27ffb7a1244e64ae96d7fa60822550.jpg,0199
fd289249f68942e6976343a629f5b39b.jpg,0420
fd291da5ef6140cb98f03e5ad108cf07.jpg,0187
fd3019ab2ad247c1bc844ed9cc189462.jpg,0241
fd3042168c8846f6815361056a3a638a.jpg,0315
fd3281f271d641829caf9b0bf7f66c99.jpg,0398
fd353a0a2f27493bb97e47521cc65b8d.jpg,0095
fd3727a9ce4846dc814448f18138f6b4.jpg,0089
fd37f3d27f1648818e0d5ab7e78a08d8.jpg,0170
fd38f5f3a6a147abbc47994ad7dd77a2.jpg,0312
fd3a275b3c3c448ca08021f9de158a1b.jpg,0038
fd3b91541080413aa7b71ce478ee92fb.jpg,0158
fd3bd0ca0f23417282e5212732995692.jpg,0200
fd3f8e8c4d274ec4a33584479c6e68fb.jpg,0443
fd4337d69a43458787b934b60269dcc8.jpg,0492
fd43dc173cb74482a91aef0d7ae395bd.jpg,0298
fd453d46d7c441d8ac52661c3c3f0ada.jpg,0345
fd46870b232e4494bbed2a4e552e9da7.jpg,0335
fd468a9f65654ba581e3296493e5f011.jpg,0230
fd468b309265496796c0e38d93a9bef5.jpg,0082
fd48a45a7aef4be89cdac40bf350f117.jpg,0015
fd4b6af149df418dacee92a186473cce.jpg,0316
fd4d25f245fa4e2b84ddcd96b8e2a617.jpg,0255
fd4dc5b84250496f919c1a06994d27b6.jpg,0193
fd4e9cb30a214109bbfc835736f5076f.jpg,0498
fd5034b4629349f6a75097845c2a428a.jpg,0068
fd51398b4ee84142b46f4b55ebdc6cc4.jpg,0295
fd52c8c2e4d34e5587925765a6003efc.jpg,0029
fd538db240d04a258eb23571510c4a91.jpg,0266
fd564d7ff5114ea19ee0db01ef9d05c5.jpg,0311
fd5997830282413b82fddc23bd83ba8e.jpg,0205
fd5b5402b45f49b899b9f2fd82ac9e54.jpg,0311
fd5bb2f138204eddbab259d96b2d77ab.jpg,0308
fd5c87bc51164a6394af6f071a818b1b.jpg,0172
fd5d72721b1e4c0d95b6fa02b71b6559.jpg,0283
fd6287ee5bfc4c2abfaf6f71ad143622.jpg,0233
fd63a2bcc89243f58fa302889567f19e.jpg,0086
fd63c677c5c746f3bd86ff93ebdd0920.jpg,0204
fd64cbd18aad41b98d2e035beacf782b.jpg,0024
fd67743e51e44c338bee169d7a977172.jpg,0048
fd68d015a8c44ce5a7a350dade3e7719.jpg,0394
fd6905092eba4893ad3224e391dc7784.jpg,0127
fd6d80d7ad444e4291c355c3d5f39b37.jpg,0196
fd6eee1bbd0e447fa9ba3e42b5e452f0.jpg,0023
fd6f3b23d01c44aea3de25673e578402.jpg,0103
fd7cc0a26da6432ba10bd57d3b11a0af.jpg,0107
fd7d517d254c45fa830d10c3dc66885a.jpg,0198
fd7f6dae0b294bf8951520e3cce7e0cb.jpg,0425
fd7fd7cdf0e243bf928e1f491d7d5b58.jpg,0302
fd80266ab1554f88a2ee250fd9571dc3.jpg,0354
fd814a8e05854e5eb7be40d4404fc7ac.jpg,0110
fd816a87cefa41918d69d556f86dcd83.jpg,0221
fd83dae9f664463aa0226dcae7a530ae.jpg,0320
fd86a4ee9ea44aec85a15bbca439492b.jpg,0143
fd88de6ec5114d4281ae7023b9610a24.jpg,0046
fd90026307f242d1b85ff1f0121103b2.jpg,0089
fd93e391e9f5467e90ced5d3f62803d7.jpg,0083
fd9665bfb4c842f29d8d00fb6183fac1.jpg,0378
fd9980f44d0347f6a2834d97c603a720.jpg,0438
fd999f724f704163a28cc1287628d073.jpg,0210
fd9aff0b27b24ae98d837c3667be5d74.jpg,0141
fda043975e3e4913bb75604e9d845383.jpg,0359
fda06c91126047fa9bd8ed7408183665.jpg,0112
fdadb0c189fb46559f37d89b2d1c8761.jpg,0488
fdb0b0577d094948a463c7e5273c784e.jpg,0478
fdb19671d839440984b936a958f66109.jpg,0050
fdb5057d3556436c93865aa223a009ab.jpg,0336
fdb8111d9bac4a358072095eace1004e.jpg,0133
fdb8b1f00e444bc19d9f24a3d8c7b4aa.jpg,0183
fdbca69eb03546ecb68594d46cf00a31.jpg,0329
fdbf3249d5d44ec68e8f3b5071692d74.jpg,0267
fdd37e44bca944af812ca7b096d50c00.jpg,0196
fdd54fa0a8574912b7dddc3fee8cf567.jpg,0054
fdd8d46d2edc4291be9e70c86ca1dd48.jpg,0213
fdd8fd6dd8bc4bd3a5583801af657366.jpg,0417
fddbdbc836da40f9bb45a38843e87bdd.jpg,0026
fddc340231824dd39799d4e7deb5ecf9.jpg,0315
fdddc053d6bd418ca0e411b2d98d739a.jpg,0324
fddfbfc7c1024fe0978db8dcce9774d7.jpg,0008
fde9d700af6d4e859a5e80f6b08390b9.jpg,0115
fdf1d08a40b7430fbeb08ae01d42d8f7.jpg,0089
fdf1d4d4fc944a18a4b4a4ed581dc24c.jpg,0483
fdf5338669a04c93a5ef2ffdb590ce51.jpg,0449
fdf5d13b4d4f40e9b23e804681444e77.jpg,0040
fdf602a711ff454a8736aef290dfbc4f.jpg,0175
fdfa626347674515a531e07f239595a9.jpg,0315
fdfbcebe7c5a4ff5acea8101d6503c91.jpg,0070
fdfc406525044fde9ae68df2b8e88039.jpg,0078
fdfdb623914449df882d6ee79a2d07ad.jpg,0467
fe0440ba75034e1f94ac470bfd5463fb.jpg,0077
fe05e1aae75248c8beb68fd4e51c80c0.jpg,0177
fe089741c0af46c39a9a3e89c2369ffe.jpg,0217
fe0cbc10b2314639bb212b9eed3f245a.jpg,0166
fe10a71e6d8d4d90b218c10548f85b91.jpg,0377
fe10bbeaab0b4d9284cde53b37facd9f.jpg,0103
fe1129d8166e49d1bee554d709f3c966.jpg,0158
fe1162b7a6cb42618c30d442b1c12885.jpg,0173
fe17b41b140d43508da4f4cbb35393ab.jpg,0031
fe1c2f6173d846d087b4c1d009f0def2.jpg,0066
fe1d7e4d6a3c434b9d9218ccdfc3398e.jpg,0377
fe1eaa3ed8ac4798a35450692f50bfba.jpg,0285
fe25506e0f20494ea83711fc3251e134.jpg,0392
fe281ede99434d88907bdc29324fba70.jpg,0404
fe2ef61269de4d15b5c56e97f16dcc6c.jpg,0165
fe2f845c47da48fbb0f9cd6bda5edb52.jpg,0099
fe32627da33747b8a79e44521af86de9.jpg,0023
fe3565d31481492184aa38d00f5200d5.jpg,0301
fe3812696d7049c6a4e480885583db2e.jpg,0166
fe388190f5204b069897c2317fb3974e.jpg,0260
fe3b825dc7bf4fc299deb0a2b0777785.jpg,0020
fe414b8a8beb48d2ab10272801d04d1f.jpg,0016
fe42a990e9ee4dee8cc1aa1f28590ee1.jpg,0087
fe47318359d24f7a900350ae9cb192b7.jpg,0475
fe4d10630ff34e65bd32c10bd4ed91c2.jpg,0122
fe50449726c4423e83727bbf79b18cc6.jpg,0022
fe56e1f707e04248bae7971dbd38f72d.jpg,0356
fe5738da3e6543439f3e408fdea3872b.jpg,0302
fe5943565405450eab6763aacfb64bf6.jpg,0001
fe5fa5b947f34934848a80ab878b65f6.jpg,0439
fe5ff0d89a14484880c89248e7051c8e.jpg,0007
fe60b73a07994980afcc92500477f11c.jpg,0193
fe6116d7234b42369781cbed68c39f3b.jpg,0484
fe63f2e9e7af4a38adc43872be8a50f1.jpg,0357
fe69ef6a87c04bb09338f13a571faa1c.jpg,0268
fe704f3e14be4c32b7a102076c3bd1ee.jpg,0026
fe70546b17594702b94c6aad91c3e78c.jpg,0092
fe71018057f745d5a17980409e74d346.jpg,0070
fe7384e79fe34a83908857fbea5d052f.jpg,0495
fe7556d7a2c6448ea806a9d8e8c69064.jpg,0003
fe7ad96b25d24c38898fa7668cb47e59.jpg,0040
fe7b12735cda4b14bdcad723aefeb2a9.jpg,0493
fe7f46c4ad39474d856dec07b8d16496.jpg,0443
fe7fcc0c99144dd39061d4518a11934a.jpg,0150
fe8068e0ba1a48469b41efeca3766e66.jpg,0151
fe86be6eb3674236b76fbd0f859385c9.jpg,0389
fe8d45b08e8f478081a3fdf2114532dd.jpg,0050
fe8ff982ce4c415589396486aab75bff.jpg,0085
fe9c65cedfd348c794baff322c9d3ffa.jpg,0271
fe9f881c85064c8589cbf23f4c2a9090.jpg,0176
fea1815bc4f94919bca9fb73a3cc6a1a.jpg,0088
fea47b6b046c4fbabb4d812f247cf66f.jpg,0351
fea6024a967d42f9a5d2df4566caf278.jpg,0073
feab0c951cb64ea09fa3b5cdcbed471f.jpg,0206
feaf0d1e2f01442ab764a1e1d3022747.jpg,0240
feb5f29c35a14e1094246403f8745397.jpg,0303
feb7114158cd4aa9abc37c42aecc4c0e.jpg,0068
feb869007ad049e2b29ea7af35b57346.jpg,0035
feb922b7d68342d396e848327dd9c567.jpg,0198
feb9ab4d1b05479f8ff918da20f01ef7.jpg,0301
febc368a8d7348009c5ae54e002f4eb2.jpg,0412
febccd186cbe45b5a7b3397d62899d65.jpg,0177
febceb8ec86a4182b38c4018bbad27da.jpg,0064
febfb1ab89a7461490db137e7e6642a7.jpg,0217
fec58987938a4fdeb8656f9e046f4cdf.jpg,0027
fec6cd97267640d69c35c3d8e147f69d.jpg,0241
fec87b810c144a79b8fb3a406cb7548e.jpg,0466
fec8d9c80da24163be3e4a60ef50a881.jpg,0257
fecc05974bd14deb9303bd9d91119ed4.jpg,0174
fecf716e1b5f4a2383876799f43cfa00.jpg,0007
fed0188cd2634226bbca90dfdadb53bb.jpg,0441
fee24547f85d49d681946e7484af5a85.jpg,0387
fee5639e759d40968496432584048bec.jpg,0416
fee5dbd89fab4710bb980e7f6d3ff931.jpg,0386
fee62124f19e474981b54cb7f454c38a.jpg,0039
fee7072fd3df4d2c88ed5f4021477fd4.jpg,0364
feeb11d9eb3548e8832eaa90dbe05ea8.jpg,0485
feede9253b7843b1b3c00e6dbb2c14d8.jpg,0285
feefbaa2d914400b9924e249779b9ca7.jpg,0222
feefd13c30b8491e953f421d20ba8bb4.jpg,0296
fefbc2759fd94d1fb3be200e15f80587.jpg,0152
fefdb2c0928c417faab0bb6144e2e8c3.jpg,0225
ff00d97c9dbd4e2ebab10ee502b2e1fb.jpg,0392
ff0296ad79fa4e68bdaa84974fcbd278.jpg,0384
ff04d364bb804d8d9ae13e624a299bef.jpg,0083
ff07fe6e650447af8101214d576a14a8.jpg,0208
ff0b38c837774595a7e2854e59e4a94c.jpg,0082
ff0ee676130c484b933d3452f03326da.jpg,0195
ff102dc7e92f468282210a84e93b404d.jpg,0222
ff16b088653d487ab6f52d6ca957bd26.jpg,0080
ff1732cee7bb46e787bf88dd59619dd6.jpg,0178
ff193013b8334a86bb3dcde764fb4fe4.jpg,0192
ff1b0f19477f4f519b5e2e14b9a7ae5d.jpg,0495
ff1bfccd70544be89c3e339b0d8b425a.jpg,0334
ff1e6198e0bd41ae8c1279984ce2dd34.jpg,0330
ff21857c032b48179b9272b823315934.jpg,0266
ff21e732397f432ab2f7f28555c1bb82.jpg,0294
ff23868a49a74286ad658af840519956.jpg,0034
ff2794089d9c4c01b6339a59d7377eba.jpg,0452
ff27fad0f0c849b0b95b0a78984d0461.jpg,0393
ff281198461844dea4f1c214dcf81276.jpg,0119
ff29911f06524f97ba4349c98bc6a87d.jpg,0196
ff2cfd0608b54815a1ac5670384ccddd.jpg,0493
ff2df89d5d664e01a6f13a941374fb4f.jpg,0232
ff2f630e48744b63987d59780dce9944.jpg,0233
ff3343965c854c90b9b95b9c4cb703bb.jpg,0023
ff34345ab83e4bfbaa2faa4a210ef903.jpg,0195
ff356b89c55548b6935034748a85c566.jpg,0372
ff3596ed53704997a114a616fa9618e8.jpg,0299
ff3756bd1c9c4d9bacb31cbd38b4a5e0.jpg,0082
ff3b56c92cd847438b06ac46c51dab4c.jpg,0286
ff3c3ba9caf547878442fa0eea114ed9.jpg,0288
ff3c54dbd55249478ab756bbacf4aff5.jpg,0374
ff42a4b49e7c4ee2ad083c03b6205088.jpg,0227
ff441a445152446ca456c4c3069bd598.jpg,0320
ff4526c056374fc0b6ecec8f216da7a3.jpg,0306
ff4cd028cd3a4c61bbf2fda32cf91238.jpg,0098
ff4ef3204a874e04bf98372239da9f61.jpg,0345
ff4f4bf403784ecc9edfed22a64b5a14.jpg,0207
ff51024bd0e94d568f6b848a020aaf2d.jpg,0100
ff512518129941e4ad0e09ea9821e023.jpg,0309
ff54baec9bba427c9c8a41c8af69c1bb.jpg,0149
ff5658a1877b448c9e5b4724ddf354f6.jpg,0288
ff5bf1176438420086d16fcf1c554900.jpg,0031
ff5ec73541ae438898687749ca89a0eb.jpg,0461
ff622f3827194ad486f59001ce5c4604.jpg,0092
ff6467bad3de499180f4bc6dce89d0a4.jpg,0382
ff66f4839f854e9db9d3a94485d3309b.jpg,0302
ff6a4ae25b44400890f40563b8687807.jpg,0079
ff6cb07c6af04181bec03d0bc6e3a717.jpg,0397
ff6f90e29af9476a9ab59c745647c05b.jpg,0371
ff70c51fe0464a02b58d00107c35ab9e.jpg,0289
ff7204c6778143b3bd7dce74699b17aa.jpg,0373
ff75017bef3c4ee595aabd0e0d2e5e36.jpg,0199
ff77b5e03e074a2e84af288d8f061184.jpg,0255
ff7859ca957f4c5dbfcc159e2defa27f.jpg,0429
ff79285fb2ce418aae90e7d550272c66.jpg,0238
ff7b54238e074074aa195e5e6dbce283.jpg,0032
ff80ec5983114ae1aa31530b056c3791.jpg,0319
ff82689c5e7a46cc988a0236924de5b1.jpg,0236
ff86dcd36321406881acba9d3dc435a2.jpg,0434
ff86e0a4c259455393a5410920da3744.jpg,0496
ff880358672f4e4e87b87c93b92d6c7c.jpg,0040
ff8983dd66b7401f8da4e20f795747e6.jpg,0061
ff8987131ec842f0ad5a6e7f9d374417.jpg,0077
ff91b156eb3a4e17a6fef181b4de2e49.jpg,0029
ff91e536203944d79426099eda03fe3b.jpg,0092
ff954cd8f2924ddea8164672fe8858f1.jpg,0166
ff96476c6e344be2817529468fe5f439.jpg,0146
ff9e80c709a944279a39a7fdf817ff8e.jpg,0124
ffa03bef13d04e9987ac3a449a27839e.jpg,0192
ffa38825fe624baab4cd566066f1370c.jpg,0016
ffa6557149334dd7af8eb1ee8d120e4e.jpg,0049
ffa995e375d2459e8945bb1bd5884207.jpg,0063
ffaabd142f4941399c8b69f55b167a4f.jpg,0163
ffac068934ee4760b84ba3d2eb62f476.jpg,0431
ffacd67f7d62475da13c42f48fc31bc7.jpg,0286
ffb2e6eaa53d494abf2c90bb7e072c63.jpg,0118
ffb34e138c1444d5844de887652cb374.jpg,0112
ffb536d52d7249c7af86919e208f56f5.jpg,0259
ffb57778bbcd43098a137b9184a63c74.jpg,0430
ffb5fca209cb48d4bd16c17ee7a02fb0.jpg,0308
ffbbab8eeee34f10a5b34246099da63a.jpg,0330
ffbd1e78cf3c4f23ae6a22c68251c365.jpg,0474
ffbd274746f14a3b9027ad14411ce0a3.jpg,0182
ffbfc592c76e4b2d8d66c08cbc280c5e.jpg,0038
ffc0836b734c459484eb55bf662e4503.jpg,0384
ffc1b75c31204a6a8548414811e204b0.jpg,0448
ffc3eb4afb0e45bda58e07c162264874.jpg,0197
ffc70cb90be14d6dbe65378b8eedeaea.jpg,0167
ffc7287e32024fb7a9471b99b2417a66.jpg,0243
ffc8035f64244b8f824f7622d1b7efe4.jpg,0423
ffccb568842847ab93476d238d64911d.jpg,0228
ffceda0691ad49ada80b068c12a21936.jpg,0134
ffcf2b64001547b8a4092acb6e144491.jpg,0215
ffcfa0af83e84cd6b6783d76e14ce111.jpg,0210
ffcfbd9bc6934c42bd8efb0e7b95b450.jpg,0158
ffdd8994b5f74022b0daa6e656f32116.jpg,0074
ffe04252062c419199ffd69b6ec8623b.jpg,0124
ffe412fcc8a640a3b1e82b94426f0d3a.jpg,0400
ffe5566230a64f54b3e831b50100f4ba.jpg,0335
ffe679911e4a4b0abdf36da612677c37.jpg,0041
ffe82cf33aea46f193d20379b8078fd5.jpg,0128
ffe8af40278942a2b375a210fef4a285.jpg,0394
ffee35d72ff24659a867ed6118e978f2.jpg,0495
fff17cd3eae84aa0a027d4e113d14485.jpg,0196
fffdfb72b28f4f81934bb383cd0b5b42.jpg,0335
ffffb79877a34783925c61cdbf3f7918.jpg,0222
